0.499010
0.446294
0.334907
0.177216
0.012711
-0.136290
-0.223809
-0.277599
-0.304344
-0.335075
-0.364531
-0.372817
-0.396463
-0.432139
-0.448952
-0.449170
-0.448007
-0.433253
-0.414495
-0.395408
-0.381951
-0.369130
-0.352088
-0.338900
-0.325535
-0.319817
-0.312614
-0.306938
-0.310885
-0.310413
-0.311934
-0.299104
-0.292604
-0.286464
-0.273071
-0.281678
-0.296760
-0.293872
-0.295694
-0.293524
-0.279596
-0.278160
-0.278943
-0.284694
-0.279460
-0.275982
-0.274287
-0.262028
-0.252293
-0.246040
-0.253391
-0.253303
-0.247105
-0.232891
-0.218632
-0.202929
-0.199360
-0.202562
-0.211285
-0.213120
-0.212892
-0.200990
-0.176992
-0.178745
-0.183931
-0.172345
-0.165067
-0.173959
-0.168672
-0.172235
-0.172277
-0.174536
-0.168542
-0.161729
-0.148451
-0.142213
-0.137376
-0.136242
-0.145475
-0.149003
-0.153300
-0.147295
-0.138501
-0.122472
-0.107834
-0.086773
-0.082366
-0.076459
-0.077940
-0.064475
-0.067246
-0.060956
-0.050266
-0.035122
-0.034548
-0.051905
-0.036600
-0.034415
-0.024082
-0.009631
-0.020905
-0.018531
-0.026401
-0.027085
-0.021310
-0.017803
-0.024287
-0.025371
-0.021581
-0.017222
-0.017201
-0.000551
0.015082
0.018793
0.013595
0.025673
0.027244
0.030350
0.027439
0.041168
0.037520
0.041946
0.048425
0.055646
0.048473
0.049316
0.027866
0.017555
0.032155
0.037675
0.041955
0.049297
0.042434
0.030671
0.033737
0.033047
0.022609
0.027982
0.035529
0.059703
0.072134
0.071241
0.074800
0.083407
0.090046
0.090026
0.101497
0.093609
0.096225
0.089103
0.093202
0.103494
0.102848
0.094806
0.113120
0.128100
0.133930
0.134445
0.123920
0.116825
0.118552
0.119876
0.129251
0.147328
0.166502
0.165933
0.183020
0.198074
0.189962
0.175656
0.162404
0.163305
0.172756
0.174163
0.174625
0.190894
0.200153
0.196744
0.204069
0.219916
0.221183
0.230806
0.241839
0.250363
0.242187
0.235734
0.262480
0.268549
0.304172
0.333642
0.349297
0.356028
0.351886
0.372375
0.385146
0.399768
0.402065
0.407973
0.423438
0.423053
0.424704
0.404669
0.377580
0.371911
0.381568
0.397173
0.407817
0.403318
0.399849
0.421182
0.419395
0.432235
0.465845
0.470980
0.472646
0.472985
0.479854
0.457285
0.459624
0.444992
0.433050
0.450553
0.463065
0.474335
0.480961
0.476431
0.502394
0.499544
0.483363
0.491075
0.490829
0.505597
0.512937
0.529022
0.546690
0.551795
0.549404
0.573167
0.543684
0.520825
0.501394
0.505498
0.526403
0.525228
0.523343
0.540257
0.560746
0.554967
0.573033
0.594376
0.611646
0.600851
0.594088
0.588553
0.569342
0.583401
0.605415
0.617871
0.608843
0.609246
0.608725
0.607889
0.638100
0.635490
0.622223
0.612203
0.625269
0.653936
0.690427
0.698399
0.712971
0.709219
0.714463
0.721163
0.710298
0.699070
0.690831
0.670732
0.666999
0.682526
0.694575
0.685925
0.703975
0.720578
0.759774
0.765645
0.754988
0.766043
0.790157
0.815917
0.820031
0.810418
0.811051
0.830149
0.870678
0.855470
0.856684
0.866078
0.856009
0.853788
0.846884
0.853158
0.838423
0.817710
0.801632
0.803611
0.788035
0.789780
0.803475
0.794823
0.782799
0.793442
0.798340
0.799845
0.808009
0.831900
0.833564
0.834546
0.849103
0.866984
0.853621
0.800380
0.780348
0.790248
0.800279
0.823132
0.822977
0.827336
0.842294
0.868520
0.875192
0.855992
0.844370
0.807343
0.805817
0.808696
0.844371
0.839627
0.860122
0.875984
0.907918
0.918254
0.918843
0.900335
0.930474
0.947776
0.942316
0.967292
0.990882
0.987195
0.944169
0.914747
0.910331
0.921643
0.902550
0.908633
0.920374
0.931650
0.961245
0.981718
1.000417
1.006785
1.013977
1.030898
1.029169
1.025345
1.026150
1.042333
1.037701
1.042250
1.058308
1.047514
1.051698
1.077453
1.114533
1.135189
1.148723
1.145970
1.129694
1.114533
1.119568
1.106499
1.107785
1.077853
1.062256
1.064596
1.073199
1.085571
1.076532
1.073067
1.059455
1.041817
1.038945
1.041902
1.032245
1.010442
1.024307
1.049891
1.056845
1.025666
0.977822
0.942013
0.947516
0.975312
1.039655
1.070911
1.035969
0.999219
0.957659
0.976183
0.989587
1.002540
1.023517
1.050926
1.047873
1.049556
1.075858
1.085543
1.105917
1.143167
1.157521
1.138771
1.148526
1.137698
1.152016
1.170890
1.186231
1.220681
1.232030
1.227714
1.214909
1.204642
1.193989
1.215367
1.234059
1.223083
1.234338
1.241449
1.269731
1.297320
1.307934
1.331533
1.341818
1.360133
1.360495
1.366000
1.389894
1.416306
1.411719
1.418810
1.428116
1.435112
1.426498
1.417916
1.388801
1.372128
1.347762
1.347396
1.345734
1.342072
1.377136
1.409134
1.381080
1.362517
1.355980
1.396285
1.412071
1.404007
1.408993
1.418385
1.415481
1.411876
1.413814
1.425469
1.406390
1.397293
1.392343
1.408821
1.428831
1.474748
1.492449
1.499277
1.493512
1.475194
1.453473
1.451700
1.424299
1.438882
1.452256
1.464706
1.512141
1.542225
1.525267
1.566448
1.607601
1.587269
1.591063
1.581672
1.619341
1.648308
1.635774
1.644620
1.632217
1.603894
1.588862
1.607546
1.611345
1.610759
1.611394
1.607197
1.611662
1.619915
1.614487
1.566695
1.534961
1.562653
1.600510
1.599496
1.618611
1.612461
1.622187
1.622351
1.638401
1.643310
1.653018
1.664701
1.635839
1.577760
1.597996
1.603039
1.594595
1.555561
1.525419
1.540394
1.544161
1.562988
1.598327
1.598458
1.593363
1.653133
1.659095
1.628233
1.638168
1.677475
1.692738
1.713561
1.729168
1.725393
1.699223
1.685838
1.678642
1.674472
1.727109
1.752559
1.780789
1.840198
1.865393
1.844861
1.808596
1.819750
1.831300
1.849920
1.828601
1.823384
1.807655
1.819258
1.822243
1.835468
1.866211
1.864445
1.832339
1.787792
1.728409
1.721010
1.730060
1.760112
1.771275
1.784890
1.792030
1.779943
1.777451
1.793987
1.793100
1.778267
1.760710
1.779632
1.786932
1.806414
1.800153
1.797461
1.824771
1.852188
1.847784
1.811871
1.800347
1.794094
1.838234
1.857697
1.883639
1.890750
1.880488
1.862285
1.875590
1.881075
1.914645
1.968313
1.989679
1.988050
1.954501
1.902273
1.880330
1.855823
1.886661
1.905932
1.935394
1.951269
1.971338
1.977019
2.006222
1.989827
1.997931
1.986892
1.966699
1.960497
2.010868
2.043804
2.057733
2.063013
2.059295
2.088492
2.068932
2.057317
2.027907
2.013647
1.989755
1.978922
1.959273
1.912587
1.891126
1.912634
1.924949
1.929230
1.923750
1.925530
1.928275
1.941519
1.941298
1.968027
1.983957
1.993184
2.012997
1.984223
2.003325
2.022010
2.051871
2.065194
2.102537
2.129805
2.166456
2.183356
2.158346
2.137037
2.101278
2.104563
2.141775
2.163607
2.177605
2.214166
2.219719
2.246544
2.291963
2.330047
2.360361
2.423537
2.468972
2.486869
2.496733
2.490414
2.497378
2.522167
2.522409
2.549479
2.535305
2.498938
2.455126
2.463055
2.486953
2.529095
2.553099
2.545790
2.515829
2.500766
2.508061
2.532323
2.558573
2.558532
2.570903
2.561140
2.584937
2.613168
2.630255
2.637136
2.618030
2.579332
2.544623
2.541705
2.514005
2.479568
2.430886
2.363925
2.345037
2.346849
2.362513
2.396542
2.422487
2.411189
2.365597
2.357627
2.352518
2.328080
2.304182
2.328492
2.368309
2.358015
2.341400
2.338334
2.307911
2.304661
2.336078
2.333736
2.330601
2.341270
2.364365
2.375807
2.376395
2.377564
2.387364
2.420156
2.441379
2.501824
2.555728
2.604877
2.642504
2.670334
2.683685
2.690505
2.691369
2.655193
2.637977
2.641060
2.642796
2.653165
2.656584
2.687699
2.722829
2.756862
2.772599
2.775995
2.767739
2.717416
2.687269
2.686910
2.677555
2.671689
2.623777
2.608327
2.670736
2.717340
2.760010
2.772071
2.782599
2.830585
2.850570
2.850543
2.838627
2.804653
2.782873
2.772393
2.787430
2.814560
2.855216
2.893976
2.937902
2.973524
2.984087
2.985361
2.998271
3.007713
3.017873
3.011160
3.018989
3.000049
2.968115
2.923646
2.936760
2.974443
3.040543
3.093443
3.110234
3.106852
3.124967
3.148512
3.157554
3.152690
3.109236
3.000781
2.918043
2.874538
2.867794
2.851316
2.855781
2.916375
2.920399
2.913206
2.936825
2.916887
2.959133
3.003522
3.019742
3.052800
3.086777
3.076024
3.065935
3.060310
3.043999
3.015663
3.027858
3.020620
3.017346
3.048632
3.090819
3.131958
3.146858
3.172258
3.212463
3.226151
3.228543
3.226670
3.209985
3.190805
3.199829
3.236192
3.257190
3.278412
3.301898
3.280237
3.234940
3.152164
3.115295
3.102257
3.152953
3.176067
3.196597
3.238039
3.268318
3.300342
3.304544
3.318054
3.310638
3.304093
3.286674
3.299925
3.270466
3.217293
3.194947
3.193371
3.221876
3.279637
3.292641
3.285413
3.275621
3.283176
3.309185
3.323246
3.340353
3.335799
3.354701
3.388716
3.435850
3.464563
3.468662
3.461529
3.465708
3.451649
3.448242
3.443321
3.440056
3.429654
3.419857
3.395165
3.426329
3.454696
3.526623
3.540554
3.530268
3.534499
3.529777
3.531074
3.534262
3.557923
3.543965
3.510527
3.526678
3.562295
3.592603
3.599481
3.571661
3.561578
3.553192
3.543464
3.564654
3.560013
3.530836
3.499639
3.507851
3.540095
3.566800
3.568304
3.576153
3.566658
3.560269
3.527400
3.452420
3.455194
3.457409
3.436732
3.442465
3.485099
3.529279
3.530574
3.523318
3.495393
3.442307
3.435425
3.445426
3.456441
3.457716
3.482456
3.502296
3.542899
3.555118
3.562939
3.592204
3.620831
3.624561
3.594884
3.587449
3.624885
3.664919
3.691017
3.758395
3.821083
3.848256
3.836484
3.804876
3.792892
3.758825
3.741947
3.719486
3.695246
3.660365
3.602730
3.588720
3.565689
3.552435
3.587917
3.599523
3.640056
3.641737
3.650107
3.637853
3.596647
3.566297
3.593430
3.626365
3.629323
3.614487
3.672118
3.735865
3.727979
3.765446
3.813990
3.796805
3.751026
3.660730
3.567232
3.518216
3.502097
3.464950
3.438983
3.443794
3.424952
3.394501
3.355587
3.320247
3.339003
3.355378
3.382971
3.375967
3.322362
