0.152092 -0.309338 0.165699
0.153393 -0.299978 0.189728
0.154694 -0.290619 0.213756
0.155995 -0.281259 0.237784
0.157295 -0.271899 0.261813
0.158596 -0.262540 0.285841
0.159897 -0.253180 0.309870
0.161198 -0.277599 0.333898
0.147922 -0.304344 0.343658
0.124927 -0.335075 0.343906
0.101932 -0.364531 0.344153
0.124075 -0.380601 0.344372
0.105183 -0.396463 0.342489
0.074636 -0.432139 0.340084
0.075490 -0.448952 0.350777
0.080546 -0.452748 0.348599
0.068869 -0.454558 0.324816
0.057192 -0.456368 0.301033
0.045515 -0.458178 0.277250
0.033838 -0.459988 0.253467
0.022161 -0.461798 0.229684
0.040008 -0.450725 0.207959
0.071282 -0.434009 0.188692
0.102557 -0.417293 0.169425
0.133832 -0.400577 0.150159
0.165106 -0.383861 0.130892
0.196381 -0.367145 0.111625
0.227656 -0.350430 0.092358
0.258931 -0.333714 0.073092
0.290205 -0.316998 0.053825
0.321480 -0.316491 0.034558
0.356446 -0.335180 0.013017
0.391412 -0.353869 -0.008524
0.426378 -0.372558 -0.030065
0.461344 -0.391247 -0.051606
0.496311 -0.409936 -0.073147
0.468723 -0.428625 -0.094688
0.433757 -0.447314 -0.116229
0.398791 -0.466003 -0.137770
0.363825 -0.484692 -0.159311
0.328859 -0.496619 -0.180852
0.290555 -0.476146 -0.204449
0.252252 -0.455674 -0.228046
0.213948 -0.435201 -0.251642
0.175645 -0.414728 -0.275239
0.137341 -0.394255 -0.298836
0.099038 -0.373783 -0.322433
0.060735 -0.353310 -0.346030
0.022431 -0.332837 -0.369627
0.011200 -0.321051 -0.341568
0.018016 -0.315057 -0.279071
0.025379 -0.308581 -0.211567
0.032742 -0.302106 -0.144063
0.040104 -0.295631 -0.076559
0.047467 -0.289156 -0.009054
0.054830 -0.282681 0.058450
0.062193 -0.276206 0.125954
0.069555 -0.269731 0.193458
0.076918 -0.263255 0.260962
0.084281 -0.256780 0.328466
0.091644 -0.250305 0.395970
0.099515 -0.243383 0.468135
0.107386 -0.236461 0.459700
0.107652 -0.261169 0.498609
0.125814 -0.277380 0.455003
0.143975 -0.293591 0.408615
0.162137 -0.309801 0.362227
0.180299 -0.326012 0.315839
0.198461 -0.342223 0.269451
0.216623 -0.358433 0.223063
0.234785 -0.374644 0.176676
0.254048 -0.391838 0.127474
0.242436 -0.383827 0.126142
0.210240 -0.359013 0.156724
0.178044 -0.334200 0.187306
0.145848 -0.309386 0.217887
0.113652 -0.284572 0.248469
0.072372 -0.295602 0.262835
0.028820 -0.315592 0.273147
-0.014731 -0.335583 0.283459
-0.058282 -0.355574 0.293772
-0.104189 -0.376645 0.304642
-0.150096 -0.397717 0.315512
-0.196003 -0.418789 0.326382
-0.241910 -0.439860 0.337252
-0.287817 -0.460932 0.348122
-0.333724 -0.482004 0.358992
-0.333370 -0.481721 0.344484
-0.299940 -0.424767 0.291292
-0.266510 -0.367813 0.238099
-0.233080 -0.310859 0.184907
-0.198019 -0.251125 0.129118
-0.162957 -0.191391 0.073329
-0.127896 -0.131657 0.017541
-0.092835 -0.071923 -0.038248
-0.057773 -0.074319 -0.094037
-0.022712 -0.134053 -0.149826
0.012349 -0.193787 -0.205614
0.047411 -0.253521 -0.261403
0.082472 -0.313255 -0.317192
0.117534 -0.372989 -0.372981
0.154154 -0.435379 -0.431250
0.190775 -0.497769 -0.489520
0.227395 -0.439841 -0.452211
0.264016 -0.377450 -0.393941
0.300636 -0.315060 -0.335672
0.337257 -0.252670 -0.277402
0.373877 -0.190280 -0.219133
0.410498 -0.127890 -0.160864
0.447118 -0.065499 -0.102594
0.481357 -0.126483 -0.086627
0.483625 -0.222059 -0.081015
0.448608 -0.317635 -0.075403
0.413590 -0.413212 -0.069791
0.378573 -0.491212 -0.064179
0.343556 -0.395635 -0.058567
0.308538 -0.300059 -0.052955
0.273521 -0.204483 -0.047343
0.238503 -0.108906 -0.041731
0.203486 -0.013330 -0.036120
0.168468 -0.005908 -0.030508
0.132129 -0.105092 -0.024684
0.095790 -0.204277 -0.018860
0.059450 -0.303461 -0.013036
0.023111 -0.402645 -0.007213
-0.013228 -0.498171 -0.001389
-0.049568 -0.398987 0.004435
-0.085907 -0.299802 0.010259
-0.122247 -0.200618 0.016083
-0.158586 -0.101434 0.021906
-0.194925 -0.002250 0.027730
-0.232540 -0.001761 0.033758
-0.270155 -0.104427 0.039787
-0.307769 -0.207092 0.045815
-0.345384 -0.309758 0.051843
-0.382999 -0.412423 0.057871
-0.420614 -0.484912 0.063899
-0.458228 -0.382246 0.069927
-0.495843 -0.279581 0.075956
-0.466542 -0.176915 0.081984
-0.428928 -0.074250 0.088012
-0.390079 0.031782 0.094238
-0.351231 0.005563 0.100464
-0.312382 -0.100470 0.106690
-0.273534 -0.206502 0.112915
-0.234685 -0.312534 0.119141
-0.195837 -0.418567 0.125367
-0.156988 -0.475401 0.131593
-0.118140 -0.369368 0.137819
-0.079291 -0.263336 0.144045
-0.040443 -0.157303 0.150271
-0.000399 -0.048008 0.156688
0.039645 0.061288 0.163106
0.079689 0.017536 0.169523
0.119733 -0.091760 0.175941
0.159777 -0.201055 0.182358
0.199821 -0.310351 0.188775
0.239865 -0.419646 0.195193
0.279909 -0.471058 0.201610
0.319953 -0.361762 0.208028
0.359997 -0.252467 0.214445
0.401202 -0.140003 0.221049
0.442407 -0.027538 0.227653
0.483612 0.084926 0.234256
0.475183 0.122053 0.240860
0.433978 0.009589 0.247463
0.392773 -0.102876 0.254067
0.351568 -0.215340 0.260671
0.310363 -0.327804 0.267274
0.269158 -0.440269 0.273878
0.227953 -0.447267 0.280481
0.185619 -0.331721 0.287266
0.143285 -0.216175 0.294050
0.100951 -0.100629 0.300835
0.058617 0.014917 0.307619
0.016283 0.130464 0.314404
-0.026051 0.154602 0.321188
-0.068385 0.039056 0.327973
-0.110719 -0.076490 0.334757
-0.153053 -0.192036 0.341542
-0.195387 -0.307582 0.348326
-0.238821 -0.426130 0.355287
-0.282255 -0.455323 0.362248
-0.325689 -0.336775 0.369208
-0.369123 -0.218227 0.376169
-0.412557 -0.099679 0.383130
-0.455991 0.018869 0.390090
-0.499425 0.137416 0.397051
-0.457141 0.255964 0.404011
-0.413708 0.267810 0.410972
-0.370274 0.149262 0.417933
-0.325767 0.027787 0.425065
-0.281261 -0.093688 0.432198
-0.236754 -0.215164 0.439330
-0.192248 -0.336639 0.446463
-0.147741 -0.458115 0.453596
-0.103235 -0.420410 0.460728
-0.058728 -0.298935 0.467861
-0.014222 -0.177459 0.474993
0.030285 -0.055984 0.482126
0.074791 0.065492 0.489259
0.120345 0.189825 0.496559
0.165899 0.314159 0.496141
0.211452 0.289272 0.488840
0.257006 0.164938 0.481540
0.302560 0.040604 0.474240
0.348114 -0.083730 0.466939
0.393667 -0.208064 0.459639
0.439221 -0.332398 0.452338
0.484775 -0.456732 0.445038
0.469671 -0.418934 0.437738
0.423094 -0.291805 0.430273
0.376516 -0.164677 0.422808
0.329938 -0.037548 0.415344
0.283360 0.089580 0.407879
0.236783 0.216708 0.400415
0.190205 0.343837 0.392950
0.143627 0.443605 0.385486
0.097050 0.316477 0.378021
0.050472 0.189348 0.370556
0.003895 0.062220 0.363092
-0.043685 -0.067643 0.355467
-0.091264 -0.197505 0.347841
-0.138844 -0.327368 0.340216
-0.186423 -0.457231 0.332591
-0.234002 -0.412907 0.324966
-0.281582 -0.283044 0.317340
-0.329161 -0.153181 0.309715
-0.376741 -0.023319 0.302090
-0.424320 0.106544 0.294465
-0.471899 0.236406 0.286840
-0.479540 0.368947 0.279057
-0.430979 0.501487 0.271275
-0.382419 0.401808 0.263493
-0.333858 0.269268 0.255710
-0.285298 0.136727 0.247928
-0.236737 0.004187 0.240146
-0.188177 -0.128353 0.232364
-0.139616 -0.260894 0.224581
-0.091056 -0.393434 0.216799
-0.042495 -0.474025 0.209017
0.007027 -0.338860 0.201080
0.056549 -0.203695 0.193144
0.106071 -0.068530 0.185207
0.155593 0.066636 0.177271
0.205116 0.201801 0.169334
0.254638 0.336966 0.161398
0.304160 0.472131 0.153461
0.353682 0.524040 0.145525
0.403204 0.388875 0.137588
0.452727 0.253709 0.129652
0.496808 0.115969 0.121564
0.446342 -0.021771 0.113476
0.395877 -0.159511 0.105389
0.345411 -0.297251 0.097301
0.294946 -0.434991 0.089213
0.244480 -0.427269 0.081126
0.194015 -0.289529 0.073038
0.143549 -0.151789 0.064950
0.093084 -0.014049 0.056863
0.042618 0.123691 0.048775
0.003532 0.146468 0.001898
-0.023247 0.051752 -0.083621
-0.050027 -0.042963 -0.169140
-0.076807 -0.137678 -0.254658
-0.103587 -0.232393 -0.340177
-0.130367 -0.327108 -0.425696
-0.157147 -0.421823 -0.488786
-0.183927 -0.483462 -0.403267
-0.210707 -0.388747 -0.317748
-0.237487 -0.294032 -0.232230
-0.264740 -0.197640 -0.145197
-0.291994 -0.101249 -0.058165
-0.319248 -0.004857 0.028867
-0.346502 0.091535 0.115900
-0.373756 0.187926 0.202932
-0.401010 0.284318 0.289964
-0.428264 0.380710 0.376997
-0.455518 0.477101 0.464029
-0.482772 0.573493 0.448939
-0.489974 0.669884 0.361906
-0.462254 0.619127 0.273386
-0.434535 0.521088 0.184866
-0.406815 0.423048 0.096346
-0.379095 0.325009 0.007826
-0.351376 0.226969 -0.080694
-0.323656 0.128930 -0.169215
-0.295936 0.030890 -0.257735
-0.268216 -0.067149 -0.346255
-0.240497 -0.165189 -0.434775
-0.212777 -0.263228 -0.476705
-0.184599 -0.362888 -0.386722
-0.156421 -0.462549 -0.296738
-0.128243 -0.437791 -0.206755
-0.100065 -0.338131 -0.116772
-0.071887 -0.238471 -0.026788
-0.043709 -0.138811 0.063195
-0.015531 -0.039151 0.153179
0.012647 0.060509 0.243162
0.040825 0.160169 0.333146
0.069003 0.259829 0.423129
0.097632 0.361084 0.485448
0.126260 0.462338 0.394024
0.154889 0.563593 0.302601
0.183518 0.664847 0.211178
0.212147 0.766102 0.119754
0.240776 0.724741 0.028331
0.269405 0.623486 -0.063092
0.298034 0.522232 -0.154515
0.326663 0.420977 -0.245939
0.355292 0.319723 -0.337362
0.384365 0.216898 -0.430203
0.413437 0.114074 -0.476956
0.442510 0.011249 -0.384116
0.471583 -0.091576 -0.291275
0.499344 -0.194400 -0.198434
0.470272 -0.297225 -0.105593
0.441199 -0.400049 -0.012752
0.412126 -0.497126 0.080088
0.383053 -0.394301 0.172929
0.353981 -0.291477 0.265770
0.324471 -0.187106 0.360007
0.294961 -0.082735 0.454244
0.265451 0.021636 0.451519
0.235941 0.126007 0.357282
0.206431 0.230378 0.263045
0.176921 0.334749 0.168808
0.147411 0.439120 0.074571
0.117901 0.543491 -0.019666
0.088391 0.647862 -0.113903
0.058881 0.752232 -0.208139
0.028940 0.853858 -0.303752
-0.001001 0.747963 -0.399365
-0.030941 0.642068 -0.494978
-0.060882 0.536173 -0.409410
-0.090823 0.430279 -0.313797
-0.120764 0.324384 -0.218184
-0.150704 0.218489 -0.122572
-0.180645 0.112594 -0.026959
-0.210586 0.006700 0.068654
-0.240527 -0.099195 0.164267
-0.270892 -0.206592 0.261236
-0.301258 -0.313989 0.358205
-0.331623 -0.421386 0.455174
-0.361989 -0.471218 0.447857
-0.392355 -0.363821 0.350888
-0.422720 -0.256424 0.253919
-0.453086 -0.149027 0.156950
-0.483451 -0.041630 0.059981
-0.486183 0.065767 -0.036988
-0.455817 0.173163 -0.133957
-0.425033 0.282042 -0.232263
-0.394249 0.390920 -0.330570
-0.363465 0.499798 -0.428876
-0.332680 0.608676 -0.472817
-0.301896 0.717554 -0.374511
-0.271112 0.826432 -0.276204
-0.240327 0.927990 -0.177898
-0.209543 0.819112 -0.079591
-0.178759 0.710234 0.018715
-0.147974 0.601356 0.117022
-0.116777 0.491016 0.216648
-0.085579 0.380676 0.316274
-0.054382 0.270337 0.415900
-0.023184 0.159997 0.484473
0.008014 0.049657 0.384847
0.039211 -0.060683 0.285221
0.070409 -0.171023 0.185595
0.101606 -0.281362 0.085969
0.132804 -0.391702 -0.013658
0.164001 -0.497958 -0.113284
0.195607 -0.386176 -0.214212
0.227212 -0.274393 -0.315141
0.258817 -0.162611 -0.416069
0.290423 -0.050829 -0.483002
0.322028 0.060953 -0.382074
0.353634 0.172735 -0.281145
0.385239 0.284517 -0.180216
0.416844 0.396300 -0.079288
0.448450 0.508082 0.021641
0.480055 0.619864 0.122569
0.487937 0.733070 0.224784
0.455929 0.846276 0.326998
0.423921 0.959481 0.429212
0.391913 1.051824 0.468574
0.359905 0.938618 0.366360
0.327897 0.825412 0.264145
0.295889 0.712206 0.161931
0.263881 0.599000 0.059717
0.251078 0.638127 0.072235
0.240410 0.694180 0.097501
0.229609 0.750929 0.123081
0.218808 0.807678 0.148661
0.208007 0.864427 0.174241
0.197205 0.921176 0.199821
0.186404 0.977925 0.225401
0.175603 0.988692 0.250981
0.164802 0.931943 0.276561
0.154001 0.875194 0.302141
0.143200 0.818445 0.327721
0.132399 0.761696 0.353301
0.121467 0.704259 0.379191
0.110535 0.646822 0.405081
0.099603 0.589385 0.430972
0.088670 0.531948 0.456862
0.077738 0.474511 0.482752
0.066806 0.417074 0.491358
0.055874 0.359637 0.465468
0.044942 0.302200 0.439578
0.034010 0.244763 0.413687
0.023078 0.187326 0.387797
0.012016 0.129209 0.361601
0.000955 0.071092 0.335404
-0.010107 0.012975 0.309208
-0.021168 -0.045142 0.283011
-0.032230 -0.103259 0.256815
-0.043291 -0.161375 0.230618
-0.054353 -0.219492 0.204421
-0.065414 -0.277609 0.178225
-0.076476 -0.335726 0.152028
-0.087537 -0.393843 0.125832
-0.098727 -0.452632 0.099332
-0.109916 -0.488580 0.072833
-0.121105 -0.429791 0.046334
-0.132295 -0.371002 0.019834
-0.143484 -0.312214 -0.006665
-0.154674 -0.253425 -0.033164
-0.165863 -0.194636 -0.059664
-0.177052 -0.135847 -0.086163
-0.188242 -0.077059 -0.112663
-0.199431 -0.018270 -0.139162
-0.210747 0.041183 -0.165961
-0.222063 0.100636 -0.192760
-0.233379 0.160089 -0.219558
-0.244694 0.219542 -0.246357
-0.256010 0.278995 -0.273156
-0.267326 0.338448 -0.299955
-0.278642 0.397901 -0.326754
-0.289958 0.457354 -0.353553
-0.278606 0.486767 -0.370509
-0.214362 0.446088 -0.364501
-0.149408 0.404958 -0.358426
-0.084454 0.363829 -0.352351
-0.019500 0.322700 -0.346276
0.045454 0.281570 -0.340201
0.110408 0.240441 -0.334126
0.175362 0.199312 -0.328051
0.240316 0.158183 -0.321977
0.305270 0.117053 -0.315902
0.370224 0.075924 -0.309827
0.435178 0.034795 -0.303752
0.499166 -0.006779 -0.297611
0.433510 -0.048353 -0.291471
0.367853 -0.089927 -0.285330
0.302197 -0.131501 -0.279190
0.236541 -0.173075 -0.273050
0.170884 -0.214649 -0.266909
0.105228 -0.256223 -0.260769
0.039572 -0.297797 -0.254628
-0.026084 -0.339371 -0.248488
-0.091740 -0.380945 -0.242347
-0.158091 -0.422958 -0.236142
-0.224442 -0.464972 -0.229936
-0.290793 -0.493014 -0.223731
-0.357144 -0.451000 -0.217525
-0.423495 -0.408986 -0.211320
-0.489846 -0.366972 -0.205115
-0.443803 -0.324959 -0.198909
-0.377452 -0.282945 -0.192704
-0.311101 -0.240931 -0.186498
-0.244750 -0.198917 -0.180293
-0.177711 -0.156468 -0.174023
-0.110672 -0.114019 -0.167753
-0.043634 -0.071569 -0.161483
0.023405 -0.029120 -0.155214
0.090444 0.013329 -0.148944
0.157482 0.055778 -0.142674
0.224521 0.098228 -0.136404
0.291560 0.140677 -0.130134
0.358598 0.183126 -0.123864
0.425637 0.225575 -0.117595
0.493356 0.268456 -0.111261
0.438925 0.311336 -0.104928
0.371206 0.354216 -0.098594
0.303486 0.397096 -0.092261
0.235767 0.439976 -0.085927
0.168048 0.482856 -0.079594
0.100329 0.525737 -0.073261
0.032610 0.568617 -0.066927
-0.035110 0.611497 -0.060594
-0.102829 0.654377 -0.054260
-0.171222 0.697684 -0.047864
-0.115576 0.685723 -0.088139
-0.028921 0.659945 -0.140081
0.057734 0.634168 -0.192024
0.144389 0.608390 -0.243967
0.231045 0.582612 -0.295910
0.317700 0.556834 -0.347852
0.404355 0.531056 -0.399795
0.491011 0.505278 -0.451738
0.422334 0.479501 -0.496319
0.334833 0.453471 -0.443870
0.247332 0.427442 -0.391421
0.159832 0.401413 -0.338971
0.072331 0.375383 -0.286522
-0.015170 0.349354 -0.234072
-0.102670 0.323325 -0.181623
-0.190171 0.297295 -0.129173
-0.277672 0.271266 -0.076724
-0.365173 0.245237 -0.024274
-0.452673 0.219207 0.028175
-0.437218 0.188741 0.012308
-0.395815 0.157227 -0.020765
-0.354411 0.125714 -0.053837
-0.313008 0.094200 -0.086909
-0.271604 0.062686 -0.119981
-0.230201 0.031173 -0.153054
-0.188797 -0.000341 -0.186126
-0.147394 -0.031854 -0.219198
-0.105990 -0.063368 -0.252270
-0.064587 -0.094882 -0.285343
-0.022795 -0.126691 -0.318725
0.018998 -0.158501 -0.352108
0.060790 -0.190310 -0.385491
0.102582 -0.222120 -0.418874
0.144374 -0.253929 -0.452256
0.186167 -0.285739 -0.485639
0.227959 -0.317548 -0.480978
0.269751 -0.349358 -0.447595
0.311543 -0.381167 -0.414212
0.298219 -0.397594 -0.443725
0.278591 -0.412447 -0.480563
0.258964 -0.427300 -0.482599
0.239336 -0.442152 -0.445761
0.219709 -0.457005 -0.408924
0.200081 -0.471858 -0.372086
0.180454 -0.486711 -0.335248
0.160826 -0.498436 -0.298410
0.141199 -0.483583 -0.261573
0.121571 -0.468730 -0.224735
0.101943 -0.453877 -0.187897
0.082138 -0.438890 -0.150726
0.062333 -0.423903 -0.113555
0.042528 -0.408916 -0.076384
0.022723 -0.393928 -0.039213
0.002917 -0.378941 -0.002042
-0.016888 -0.363954 0.035129
-0.036693 -0.348966 0.072300
-0.056498 -0.333979 0.109471
-0.076303 -0.318992 0.146642
-0.096109 -0.304004 0.183813
-0.116090 -0.288884 0.221315
-0.136071 -0.273763 0.258816
-0.156052 -0.258643 0.296317
-0.176034 -0.243522 0.333819
-0.196015 -0.228402 0.371320
-0.215996 -0.213281 0.408822
-0.235977 -0.198161 0.446323
-0.255959 -0.183040 0.483825
-0.275940 -0.167920 0.478674
-0.295921 -0.152799 0.441172
-0.316077 -0.137547 0.403343
-0.336233 -0.122294 0.365514
-0.356389 -0.107042 0.327685
-0.376545 -0.091789 0.289856
-0.396701 -0.076537 0.252027
-0.416857 -0.061284 0.214198
-0.437013 -0.046031 0.176369
-0.457168 -0.030779 0.138541
-0.477324 -0.015526 0.100712
-0.497480 -0.000274 0.062883
-0.482191 0.015110 0.024729
-0.461862 0.030493 -0.013425
-0.441533 0.045877 -0.051579
-0.421205 0.061260 -0.089732
-0.400876 0.076644 -0.127886
-0.380547 0.092027 -0.166040
-0.360218 0.107411 -0.204193
-0.339890 0.122794 -0.242347
-0.319561 0.138178 -0.280501
-0.299232 0.153561 -0.318655
-0.278732 0.169075 -0.357130
-0.258231 0.184588 -0.395606
-0.237731 0.200101 -0.434082
-0.217231 0.215615 -0.472557
-0.196730 0.231128 -0.488967
-0.176230 0.246641 -0.450491
-0.155730 0.262155 -0.412016
-0.150415 0.283276 -0.386282
-0.205843 0.326827 -0.411519
-0.261270 0.370379 -0.436756
-0.317157 0.414293 -0.462203
-0.373045 0.458206 -0.487649
-0.428932 0.502120 -0.486905
-0.484820 0.546033 -0.461458
-0.459293 0.589946 -0.436012
-0.403406 0.633859 -0.410565
-0.347518 0.677772 -0.385119
-0.291631 0.721685 -0.359672
-0.235744 0.765598 -0.334226
-0.179856 0.809512 -0.308780
-0.123513 0.853783 -0.283125
-0.067169 0.898055 -0.257471
-0.010826 0.942327 -0.231817
0.045518 0.986599 -0.206163
0.101861 1.030871 -0.180509
0.158205 1.075143 -0.154855
0.214548 1.119415 -0.129201
0.270892 1.163687 -0.103546
0.327236 1.207959 -0.077892
0.383579 1.252231 -0.052238
0.440375 1.296858 -0.026378
0.497172 1.341485 -0.000517
0.446032 1.386113 0.025343
0.389236 1.430740 0.051203
0.332440 1.475367 0.077063
0.275644 1.519994 0.102924
0.218848 1.564621 0.128784
0.162052 1.609249 0.154644
0.105256 1.653876 0.180504
0.048460 1.698503 0.206365
-0.008785 1.743483 0.232429
-0.066030 1.788463 0.258494
-0.123276 1.833443 0.284559
-0.180521 1.878423 0.310624
-0.237766 1.923403 0.336688
-0.295011 1.968383 0.362753
-0.352256 2.013363 0.388818
-0.409501 2.058343 0.414883
-0.466746 2.018852 0.440948
-0.476008 1.973872 0.467012
-0.418318 1.928541 0.493280
-0.360627 1.883211 0.480453
-0.302936 1.837880 0.454185
-0.245246 1.792550 0.427918
-0.187555 1.747219 0.401650
-0.129864 1.701889 0.375383
-0.072174 1.656558 0.349115
-0.014483 1.611228 0.322848
0.043207 1.565897 0.296580
0.100898 1.520566 0.270313
0.159031 1.474889 0.243844
0.217163 1.429212 0.217375
0.275296 1.383534 0.190906
0.333429 1.337857 0.164438
0.391562 1.292179 0.137969
0.449694 1.246502 0.111500
0.492173 1.200824 0.085031
0.434040 1.155147 0.058562
0.375908 1.109470 0.032093
0.317775 1.063792 0.005625
0.259204 1.017770 -0.021044
0.200632 0.971748 -0.047713
0.142061 0.925725 -0.074381
0.083489 0.879703 -0.101050
0.024918 0.833680 -0.127718
-0.033653 0.787658 -0.154387
-0.092225 0.741635 -0.181056
-0.150796 0.695613 -0.207724
-0.209368 0.649590 -0.234393
-0.267939 0.603568 -0.261061
-0.326946 0.557203 -0.287928
-0.385953 0.510838 -0.314795
-0.444960 0.464474 -0.341662
-0.496034 0.418110 -0.368529
-0.437027 0.371745 -0.395395
-0.378020 0.325381 -0.422262
-0.319013 0.279016 -0.449129
-0.260006 0.232652 -0.475996
-0.200999 0.186287 -0.497137
-0.141993 0.139923 -0.470271
-0.082553 0.093219 -0.443207
-0.023114 0.046515 -0.416143
0.036325 -0.000190 -0.389079
0.095764 -0.046894 -0.362016
0.155203 -0.093598 -0.334952
0.214643 -0.140302 -0.307888
0.274082 -0.187006 -0.280824
0.333521 -0.233710 -0.253760
0.392960 -0.280414 -0.226697
0.452400 -0.327119 -0.199633
0.487732 -0.374160 -0.172374
0.491034 -0.374236 -0.167764
0.442494 -0.327346 -0.185803
0.376022 -0.280456 -0.203842
0.309550 -0.233565 -0.221882
0.243078 -0.186675 -0.239921
0.176606 -0.139785 -0.257960
0.110134 -0.092895 -0.275999
0.043662 -0.046005 -0.294038
-0.022810 0.000885 -0.312077
-0.089755 0.048109 -0.330245
-0.156701 0.095333 -0.348412
-0.223646 0.142557 -0.366580
-0.290591 0.189781 -0.384747
-0.357536 0.237004 -0.402915
-0.424482 0.284228 -0.421082
-0.491427 0.331452 -0.439250
-0.441628 0.378676 -0.457417
-0.374683 0.425900 -0.475585
-0.307737 0.473124 -0.493752
-0.240322 0.520679 -0.487953
-0.172908 0.568234 -0.469658
-0.105493 0.615789 -0.451363
-0.038078 0.663344 -0.433068
0.029337 0.710899 -0.414773
0.096752 0.758454 -0.396478
0.164167 0.806009 -0.378183
0.231582 0.853564 -0.359888
0.298997 0.901119 -0.341593
0.366412 0.948674 -0.323298
0.434294 0.996558 -0.304876
0.497824 1.044442 -0.286454
0.429943 1.092326 -0.268032
0.362061 1.140210 -0.249611
0.294180 1.188094 -0.231189
0.226298 1.235978 -0.212767
0.185309 1.263962 -0.200884
0.251891 1.212343 -0.215152
0.318474 1.160724 -0.229420
0.385056 1.109105 -0.243688
0.452093 1.057133 -0.258054
0.480870 1.005162 -0.272419
0.413834 0.953190 -0.286785
0.346797 0.901218 -0.301150
0.279760 0.849247 -0.315516
0.212723 0.797275 -0.329882
0.145687 0.745303 -0.344247
0.078650 0.693332 -0.358613
0.011613 0.641360 -0.372978
-0.055423 0.589388 -0.387344
-0.122912 0.537067 -0.401806
-0.190400 0.484745 -0.416268
-0.257888 0.432424 -0.430731
-0.325376 0.380102 -0.445193
-0.392864 0.327781 -0.459655
-0.460353 0.275459 -0.474117
-0.472159 0.223137 -0.488579
-0.404671 0.170816 -0.496959
-0.337183 0.118494 -0.482496
-0.269694 0.066173 -0.468034
-0.201758 0.013504 -0.453476
-0.133821 -0.039166 -0.438917
-0.065884 -0.091835 -0.424359
0.002052 -0.144504 -0.409800
0.069989 -0.197173 -0.395242
0.137925 -0.249842 -0.380684
0.205862 -0.302511 -0.366125
0.273799 -0.355180 -0.351567
0.341735 -0.407849 -0.337008
0.409672 -0.460519 -0.322450
0.478054 -0.486467 -0.307796
0.453564 -0.433453 -0.293142
0.385182 -0.380438 -0.278488
0.316800 -0.327424 -0.263835
0.248418 -0.274409 -0.249181
0.180036 -0.221395 -0.234527
0.111654 -0.168380 -0.219873
0.043272 -0.115365 -0.205219
-0.025110 -0.062351 -0.190566
-0.093492 -0.009336 -0.175912
-0.162317 0.044021 -0.161163
-0.231141 0.097379 -0.146414
-0.299966 0.150737 -0.131666
-0.368791 0.204095 -0.116917
-0.437615 0.257452 -0.102168
-0.493560 0.310810 -0.087420
-0.424735 0.364168 -0.072671
-0.355911 0.417526 -0.057922
-0.287086 0.470884 -0.043174
-0.218262 0.524241 -0.028425
-0.148997 0.577940 -0.013582
-0.079733 0.631638 0.001261
-0.010468 0.685336 0.016104
0.058796 0.739035 0.030947
0.128061 0.792733 0.045789
0.197325 0.846432 0.060632
0.266590 0.900130 0.075475
0.335854 0.953829 0.090318
0.405119 1.007527 0.105161
0.474383 1.061226 0.120004
0.455916 1.115264 0.134941
0.386214 1.169301 0.149877
0.316513 1.223339 0.164814
0.246811 1.277376 0.179750
0.177110 1.331414 0.194687
0.107408 1.385452 0.209624
0.037707 1.439489 0.224560
-0.031995 1.493527 0.239497
-0.101696 1.547564 0.254434
-0.171398 1.601602 0.269370
-0.241533 1.655976 0.284400
-0.311669 1.710349 0.299429
-0.381805 1.764723 0.314459
-0.451941 1.819097 0.329489
-0.477923 1.873471 0.344518
-0.407787 1.927844 0.359548
-0.337651 1.982218 0.374577
-0.267515 2.036592 0.389607
-0.197380 2.090966 0.404637
-0.127244 2.145339 0.419666
-0.056677 2.200049 0.434788
0.013891 2.254759 0.449910
0.084458 2.309469 0.465032
0.155026 2.364179 0.480154
0.225593 2.418889 0.495276
0.296160 2.473599 0.489602
0.366728 2.528309 0.474480
0.437295 2.583019 0.459358
0.492137 2.637728 0.444236
0.421570 2.692438 0.429114
0.350574 2.747480 0.413900
0.279577 2.802521 0.398686
0.208581 2.857562 0.383472
0.137584 2.912604 0.368257
0.066588 2.896503 0.353043
-0.004408 2.841462 0.337829
-0.075405 2.786421 0.322615
-0.146401 2.731379 0.307401
-0.217397 2.676338 0.292187
-0.288394 2.621297 0.276973
-0.359817 2.565924 0.261668
-0.431239 2.510551 0.246362
-0.497338 2.455178 0.231057
-0.425915 2.399806 0.215751
-0.354492 2.344433 0.200446
-0.283070 2.289060 0.185141
-0.211647 2.233688 0.169835
-0.140224 2.178315 0.154530
-0.068801 2.122942 0.139224
0.002621 2.067569 0.123919
0.074468 2.011870 0.108523
0.146315 1.956170 0.093126
0.218161 1.900469 0.077730
0.290008 1.844769 0.062334
0.361855 1.789068 0.046938
0.433701 1.733367 0.031541
0.494452 1.677667 0.016145
0.422606 1.621966 0.000749
0.350759 1.566266 -0.014647
0.278913 1.510565 -0.030044
0.206645 1.454538 -0.045530
0.134377 1.398511 -0.061017
0.062108 1.342484 -0.076503
-0.010160 1.286457 -0.091990
-0.082428 1.230429 -0.107476
-0.154696 1.174402 -0.122963
-0.226964 1.118375 -0.138449
-0.299232 1.062348 -0.153936
-0.371500 1.006321 -0.169422
-0.443768 0.950294 -0.184909
-0.483545 0.893942 -0.200485
-0.410858 0.837590 -0.216062
-0.338171 0.781237 -0.231638
-0.265484 0.724885 -0.247214
-0.192797 0.668533 -0.262790
-0.120111 0.612181 -0.278367
-0.047424 0.555829 -0.293943
0.025263 0.499477 -0.309519
0.097950 0.443125 -0.325095
0.170637 0.386773 -0.340671
0.243741 0.330098 -0.356337
0.316845 0.273423 -0.372002
0.389948 0.216748 -0.387668
0.463052 0.160073 -0.403334
0.463845 0.103398 -0.418999
0.390741 0.046723 -0.434665
0.317637 -0.009952 -0.450330
0.244534 -0.066627 -0.465996
0.171430 -0.123302 -0.481662
0.098327 -0.179977 -0.497327
0.024809 -0.236973 -0.486918
-0.048709 -0.293969 -0.471164
-0.122227 -0.350965 -0.455410
-0.195744 -0.407961 -0.439655
-0.269262 -0.464957 -0.423901
-0.342780 -0.478047 -0.408146
-0.416298 -0.421051 -0.392392
-0.489816 -0.364055 -0.376638
-0.436666 -0.307059 -0.360883
-0.363149 -0.250063 -0.345129
-0.289219 -0.192748 -0.329286
-0.215289 -0.135432 -0.313444
-0.141360 -0.078117 -0.297601
-0.067430 -0.020801 -0.281758
0.006500 0.036514 -0.265916
0.080429 0.093829 -0.250073
0.154359 0.151145 -0.234230
0.228288 0.208460 -0.218388
0.302218 0.265776 -0.202545
0.376148 0.323091 -0.186703
0.450487 0.380724 -0.170772
0.475174 0.438357 -0.154842
0.400835 0.495990 -0.138911
0.326495 0.553623 -0.122981
0.252156 0.611256 -0.107051
0.177817 0.668889 -0.091120
0.103478 0.726521 -0.075190
0.029139 0.784154 -0.059260
-0.045201 0.841787 -0.043329
-0.119540 0.899420 -0.027399
-0.194286 0.957369 -0.011381
-0.269033 1.015318 0.004637
-0.343780 1.073267 0.020654
-0.418526 1.131216 0.036672
-0.493273 1.189164 0.052690
-0.431981 1.247113 0.068707
-0.357234 1.305062 0.084725
-0.282487 1.363011 0.100743
-0.207741 1.420960 0.116760
-0.132994 1.478909 0.132778
-0.057842 1.537171 0.148883
0.017309 1.595433 0.164987
0.092461 1.653696 0.181091
0.167613 1.711958 0.197196
0.242764 1.770220 0.213300
0.317916 1.828483 0.229405
0.393067 1.886745 0.245509
0.468219 1.945007 0.261614
0.456629 2.003270 0.277718
0.381478 2.061532 0.293823
0.305923 2.120107 0.310014
0.230369 2.178681 0.326204
0.154814 2.237256 0.342395
0.079259 2.295831 0.358586
0.003705 2.354405 0.374776
-0.071850 2.412980 0.390967
-0.147405 2.471555 0.407158
-0.222959 2.530129 0.423348
-0.298514 2.588704 0.439539
-0.374069 2.647279 0.455730
-0.450024 2.706166 0.472007
-0.474021 2.765053 0.488284
-0.398065 2.823940 0.495440
-0.322110 2.882827 0.479163
-0.246154 2.941714 0.462886
-0.170199 3.000601 0.446609
-0.094244 3.059488 0.430332
-0.018288 3.118375 0.414055
0.057667 3.177262 0.397779
0.133623 3.236149 0.381502
0.209977 3.295343 0.365140
0.286331 3.354538 0.348778
0.362685 3.413733 0.332416
0.439039 3.472927 0.316054
0.484607 3.532122 0.299691
0.408252 3.577942 0.283329
0.331898 3.518748 0.266967
0.255544 3.459553 0.250605
0.179190 3.400359 0.234243
0.102836 3.341164 0.217881
0.026085 3.281662 0.201434
-0.050666 3.222160 0.184986
-0.127417 3.162658 0.168539
-0.204167 3.103156 0.152092
-0.280918 3.043653 0.135645
-0.357669 2.984151 0.119198
-0.434420 2.924649 0.102751
-0.488829 2.865147 0.086304
-0.412078 2.805645 0.069856
-0.335328 2.746143 0.053409
-0.258182 2.686333 0.036877
-0.181037 2.626523 0.020346
-0.103891 2.566714 0.003814
-0.026746 2.506904 -0.012718
0.050399 2.447094 -0.029249
0.127545 2.387285 -0.045781
0.204690 2.327475 -0.062313
0.281836 2.267665 -0.078845
0.358981 2.207856 -0.095376
0.436126 2.148046 -0.111908
0.486336 2.087934 -0.128524
0.408798 2.027821 -0.145140
0.331260 1.967709 -0.161756
0.253722 1.907596 -0.178371
0.176184 1.847484 -0.194987
0.098646 1.787371 -0.211603
0.021108 1.727259 -0.228219
-0.056430 1.667146 -0.244835
-0.133968 1.607034 -0.261451
-0.211506 1.546921 -0.278067
-0.289435 1.486506 -0.294766
-0.367363 1.426091 -0.311466
-0.445292 1.365675 -0.328165
-0.476779 1.305260 -0.344864
-0.398851 1.244845 -0.361564
-0.320922 1.184430 -0.378263
-0.242994 1.124014 -0.394963
-0.331348 1.024161 -0.213578
-0.419703 0.924307 -0.032193
-0.491942 0.824453 0.149192
-0.403146 0.724102 0.331482
-0.314350 0.623750 0.486228
-0.225554 0.523399 0.303939
-0.136759 0.423047 0.121649
-0.087848 0.339650 0.030548
-0.132001 0.295814 0.152223
-0.176154 0.251977 0.273897
-0.220307 0.208141 0.395572
-0.264461 0.164305 0.482754
