-0.440055 -0.341989 -0.349480
-0.440833 -0.327697 -0.327991
-0.441612 -0.313405 -0.306502
-0.442390 -0.299112 -0.285013
-0.443169 -0.284820 -0.263523
-0.443947 -0.270528 -0.242034
-0.444726 -0.256236 -0.220545
-0.446839 -0.283005 -0.203997
-0.460968 -0.304344 -0.231927
-0.462361 -0.336216 -0.250615
-0.444653 -0.364531 -0.255441
-0.439699 -0.375651 -0.253124
-0.442371 -0.397591 -0.259206
-0.455012 -0.439027 -0.258926
-0.442442 -0.470409 -0.269959
-0.429872 -0.493575 -0.280992
-0.417302 -0.457558 -0.292026
-0.404732 -0.454185 -0.303059
-0.392162 -0.490202 -0.314093
-0.379591 -0.473781 -0.325126
-0.367021 -0.437764 -0.336159
-0.352507 -0.396176 -0.348900
-0.337992 -0.354587 -0.361640
-0.323478 -0.383999 -0.374380
-0.308963 -0.425587 -0.387120
-0.294448 -0.467176 -0.399860
-0.279934 -0.491236 -0.412601
-0.265419 -0.449647 -0.425341
-0.250904 -0.408059 -0.438081
-0.236390 -0.366470 -0.450821
-0.221875 -0.324882 -0.463561
-0.205647 -0.334522 -0.477805
-0.189420 -0.381019 -0.492049
-0.173192 -0.427516 -0.493707
-0.156964 -0.474013 -0.479463
-0.140736 -0.479489 -0.465218
-0.124508 -0.432992 -0.450974
-0.108281 -0.386495 -0.436730
-0.092053 -0.339997 -0.422486
-0.075825 -0.293548 -0.408242
-0.059597 -0.340046 -0.393998
-0.041821 -0.390981 -0.378395
-0.024044 -0.441916 -0.362791
-0.006268 -0.492852 -0.347188
0.011509 -0.456213 -0.331584
0.029286 -0.405277 -0.315980
0.047062 -0.354342 -0.300377
0.064839 -0.303406 -0.284773
0.082616 -0.252471 -0.269170
0.100392 -0.299630 -0.253566
0.118169 -0.350566 -0.237962
0.137370 -0.405582 -0.221109
0.156571 -0.460599 -0.204255
0.175772 -0.484385 -0.187401
0.194973 -0.429368 -0.170547
0.214173 -0.374352 -0.153693
0.233374 -0.319335 -0.136840
0.252575 -0.264318 -0.119986
0.271776 -0.213268 -0.103132
0.290977 -0.268285 -0.086278
0.310178 -0.323301 -0.069424
0.330705 -0.382117 -0.051407
0.351232 -0.440932 -0.033389
0.371758 -0.499747 -0.015372
0.392285 -0.441438 0.002646
0.412812 -0.382623 0.020663
0.433338 -0.323808 0.038681
0.441879 -0.299956 0.045098
0.422452 -0.357688 0.024449
0.399306 -0.378954 0.016591
0.388062 -0.337639 0.040992
0.463452 -0.389294 0.077100
0.461158 -0.440948 0.113208
0.385769 -0.492603 0.149316
0.310379 -0.455742 0.185424
0.234989 -0.404087 0.221533
0.159599 -0.352432 0.257641
0.084209 -0.300777 0.293749
0.008820 -0.249122 0.329857
-0.066570 -0.197467 0.365965
-0.141960 -0.162601 0.402074
-0.221428 -0.217050 0.440135
-0.300896 -0.271499 0.478196
-0.380364 -0.325948 0.483742
-0.459832 -0.380397 0.445681
-0.460700 -0.434846 0.407619
-0.381232 -0.489295 0.369558
-0.317297 -0.465116 0.384459
-0.263716 -0.425434 0.434669
-0.249140 -0.422009 0.462529
-0.325576 -0.496812 0.438240
-0.405744 -0.411671 0.412766
-0.485911 -0.326530 0.387292
-0.433922 -0.241389 0.361818
-0.353754 -0.156247 0.336344
-0.273587 -0.071106 0.310870
-0.193420 -0.114343 0.285396
-0.113253 -0.199484 0.259922
-0.033085 -0.284625 0.234447
0.047082 -0.369766 0.208973
0.127249 -0.454907 0.183499
0.210981 -0.456166 0.156892
0.294713 -0.367239 0.130285
0.378445 -0.278311 0.103679
0.462177 -0.189384 0.077072
0.454091 -0.100457 0.050465
0.370359 -0.035556 0.023858
0.286627 -0.124483 -0.002749
0.202895 -0.213410 -0.029356
0.119163 -0.302337 -0.055963
0.035431 -0.391264 -0.082569
-0.051720 -0.483823 -0.110263
-0.138871 -0.423619 -0.137956
-0.226022 -0.331061 -0.165649
-0.313173 -0.238503 -0.193342
-0.400324 -0.145944 -0.221036
-0.487475 -0.053386 -0.248729
-0.425374 0.017806 -0.276422
-0.493851 -0.006769 -0.226189
-0.420381 -0.023791 -0.167297
-0.334613 -0.040813 -0.108405
-0.245607 -0.058477 -0.047290
-0.156602 -0.076142 0.013825
-0.067596 -0.093806 0.074940
0.021410 -0.111470 0.136055
0.110416 -0.129135 0.197170
0.199422 -0.146799 0.258284
0.288428 -0.164464 0.319399
0.377433 -0.182128 0.380514
0.466439 -0.199793 0.441629
0.444555 -0.217457 0.497256
0.352425 -0.235741 0.433996
0.260296 -0.254026 0.370736
0.257226 -0.271296 0.401555
0.264051 -0.288453 0.442828
0.270877 -0.305610 0.484101
0.277703 -0.322767 0.474626
0.284528 -0.339924 0.433353
0.291354 -0.357082 0.392080
0.298179 -0.374239 0.350807
0.305005 -0.391396 0.309534
0.312055 -0.409116 0.266908
0.319104 -0.426836 0.224281
0.326153 -0.444556 0.181655
0.333203 -0.462275 0.139029
0.340252 -0.479995 0.096402
0.347302 -0.497715 0.053776
0.354351 -0.484565 0.011149
0.361401 -0.466845 -0.031477
0.368450 -0.449125 -0.074103
0.375500 -0.431405 -0.116730
0.382766 -0.413140 -0.160668
0.390032 -0.394875 -0.204606
0.397299 -0.376610 -0.248545
0.404565 -0.358344 -0.292483
0.411832 -0.340079 -0.336421
0.419098 -0.321814 -0.380359
0.426364 -0.303549 -0.424297
0.433631 -0.285283 -0.468236
0.440897 -0.267018 -0.487826
0.448164 -0.248753 -0.443888
0.455641 -0.229958 -0.398676
0.458261 -0.216173 -0.388270
0.453596 -0.209901 -0.430075
0.448932 -0.203629 -0.471879
0.444267 -0.197358 -0.486317
0.440596 -0.192305 -0.452606
0.445868 -0.198220 -0.491741
0.451140 -0.204136 -0.469124
0.456411 -0.210052 -0.429990
0.461683 -0.215968 -0.390855
0.467099 -0.222045 -0.350648
0.472515 -0.228123 -0.310441
0.477931 -0.234201 -0.270234
0.483347 -0.240279 -0.230027
0.488763 -0.246357 -0.189820
0.494179 -0.252435 -0.149613
0.499595 -0.258513 -0.109406
0.494989 -0.264591 -0.069199
0.489573 -0.270669 -0.028992
0.484157 -0.276746 0.011215
0.478601 -0.282982 0.052466
0.473044 -0.289218 0.093718
0.467487 -0.295454 0.134969
0.461931 -0.301690 0.176221
0.456374 -0.307926 0.217472
0.450817 -0.314161 0.258724
0.445261 -0.320397 0.299975
0.439704 -0.326633 0.341227
0.434147 -0.332869 0.382478
0.428591 -0.339105 0.423730
0.422897 -0.345494 0.466000
0.417203 -0.351884 0.491730
0.411509 -0.358274 0.449460
0.419199 -0.379760 0.481848
0.428377 -0.402924 0.477468
0.437555 -0.426088 0.436784
0.446733 -0.449252 0.396101
0.455911 -0.472415 0.355417
0.465089 -0.495579 0.314733
0.474267 -0.481257 0.274049
0.483661 -0.457548 0.232408
0.493055 -0.433839 0.190767
0.497551 -0.410130 0.149126
0.488157 -0.386421 0.107485
0.478763 -0.362712 0.065844
0.469369 -0.339003 0.024203
0.459975 -0.315294 -0.017439
0.450581 -0.291585 -0.059080
0.441187 -0.267876 -0.100721
0.431793 -0.244167 -0.142362
0.422188 -0.219926 -0.184939
0.412583 -0.195684 -0.227516
0.402978 -0.171442 -0.270093
0.393373 -0.147200 -0.312670
0.383768 -0.122958 -0.355247
0.374163 -0.098716 -0.397824
0.364558 -0.074475 -0.440401
0.354953 -0.050233 -0.482978
0.345348 -0.025991 -0.474445
0.335743 -0.001749 -0.431867
0.325931 0.023014 -0.388375
0.316120 0.047778 -0.344882
0.306308 0.072541 -0.301390
0.296496 0.097304 -0.257897
0.286684 0.122067 -0.214404
0.276872 0.146831 -0.170912
0.267061 0.171594 -0.127419
0.257249 0.196357 -0.083926
0.247437 0.221120 -0.040433
0.237625 0.245883 0.003060
0.227611 0.271157 0.047449
0.217597 0.296431 0.091839
0.207583 0.321705 0.136228
0.197569 0.346979 0.180618
0.187555 0.372253 0.225008
0.177541 0.397527 0.269397
0.167527 0.422800 0.313787
0.157513 0.448074 0.358177
0.147499 0.473348 0.402566
0.137485 0.498622 0.446956
0.127273 0.480180 0.492225
0.117060 0.454405 0.462507
0.106848 0.428631 0.417238
0.096636 0.402856 0.371970
0.086423 0.377082 0.326701
0.076211 0.351307 0.281433
0.065998 0.325533 0.236164
0.055786 0.299758 0.190896
0.063233 0.292573 0.136309
0.072641 0.287454 0.080686
0.082229 0.282238 0.024005
0.091817 0.277021 -0.032677
0.101405 0.271804 -0.089359
0.110993 0.266588 -0.146041
0.120581 0.261371 -0.202723
0.130169 0.256155 -0.259405
0.139757 0.250938 -0.316087
0.149345 0.245721 -0.372768
0.158932 0.240505 -0.429450
0.168520 0.235288 -0.486132
0.178284 0.229975 -0.456146
0.188048 0.224663 -0.398424
0.197812 0.219351 -0.340702
0.207576 0.214038 -0.282980
0.217340 0.208726 -0.225258
0.227103 0.203413 -0.167536
0.236867 0.198101 -0.109814
0.246631 0.192788 -0.052092
0.256395 0.187476 0.005630
0.266159 0.182164 0.063352
0.276095 0.176757 0.122096
0.286032 0.171351 0.180839
0.295969 0.165944 0.239583
0.305905 0.160538 0.298327
0.315842 0.155131 0.357070
0.325779 0.149725 0.415814
0.335716 0.144319 0.474558
0.345652 0.138912 0.466699
0.355589 0.133506 0.407955
0.365526 0.128099 0.349211
0.375632 0.122600 0.289463
0.371382 0.115900 0.237459
0.333635 0.106397 0.203521
0.295887 0.096894 0.169583
0.258140 0.087390 0.135646
0.220392 0.077887 0.101708
0.182644 0.068384 0.067771
0.144897 0.058880 0.033833
0.107149 0.049377 -0.000104
0.069402 0.039874 -0.034042
0.031030 0.030214 -0.068540
-0.007341 0.020553 -0.103039
-0.045713 0.010893 -0.137537
-0.059236 0.014299 -0.140266
-0.035485 0.037306 -0.095340
-0.011734 0.060312 -0.050414
0.012016 0.083319 -0.005488
0.035767 0.106325 0.039439
0.059518 0.129332 0.084365
0.083269 0.152338 0.129291
0.107399 0.175713 0.174936
0.131530 0.199087 0.220581
0.155661 0.222462 0.266226
0.179792 0.245836 0.311871
0.203922 0.269211 0.357516
0.228053 0.292586 0.403160
0.252184 0.315960 0.448805
0.276315 0.339335 0.494450
0.300445 0.362709 0.459905
0.324576 0.386084 0.414260
0.349081 0.409821 0.367907
0.376420 0.429367 0.344263
0.408010 0.442628 0.354682
0.439601 0.455889 0.365101
0.471191 0.469150 0.375521
0.497218 0.482411 0.385940
0.465628 0.495671 0.396359
0.434037 0.508932 0.406778
0.402447 0.522193 0.417197
0.370856 0.535454 0.427617
0.338791 0.548914 0.438192
0.306725 0.562375 0.448768
0.274660 0.575836 0.459344
0.242594 0.589296 0.469920
0.210529 0.602757 0.480496
0.178464 0.616217 0.491072
0.146398 0.629678 0.498352
0.114333 0.643138 0.487776
0.082268 0.656599 0.477200
0.050202 0.670059 0.466624
0.017669 0.683716 0.455894
-0.014865 0.697372 0.445163
-0.047398 0.711029 0.434433
-0.079932 0.724686 0.423703
-0.112465 0.738342 0.412972
-0.144999 0.751999 0.402242
-0.177532 0.765655 0.391512
-0.210066 0.779312 0.380781
-0.242600 0.792969 0.370051
-0.275133 0.806625 0.359321
-0.308128 0.820476 0.348438
-0.341123 0.834326 0.337555
-0.374118 0.848176 0.326673
-0.407113 0.862027 0.315790
-0.440108 0.875877 0.304908
-0.473103 0.889727 0.294025
-0.493902 0.903578 0.283142
-0.460907 0.917428 0.272260
-0.427912 0.931278 0.261377
-0.394917 0.943209 0.250495
-0.361466 0.914630 0.239462
-0.328016 0.896092 0.228429
-0.294566 0.882050 0.217396
-0.261116 0.868008 0.206364
-0.227666 0.853967 0.195331
-0.194216 0.839925 0.184298
-0.160766 0.825883 0.173266
-0.127316 0.811842 0.162233
-0.093865 0.797800 0.151200
-0.060415 0.783758 0.140168
-0.026516 0.769528 0.128987
0.007383 0.755298 0.117806
0.041282 0.741068 0.106625
0.075181 0.726838 0.095445
0.109080 0.712608 0.084264
0.142980 0.698378 0.073083
0.176879 0.684148 0.061902
0.210778 0.669918 0.050721
0.244677 0.655688 0.039541
0.278576 0.641458 0.028360
0.312919 0.627042 0.017033
0.347261 0.612626 0.005706
0.381603 0.598210 -0.005621
0.415946 0.583794 -0.016948
0.450288 0.569378 -0.028275
0.484631 0.554962 -0.039602
0.481027 0.540546 -0.050929
0.446685 0.526130 -0.062256
0.412342 0.511714 -0.073583
0.378000 0.497298 -0.084910
0.343220 0.482699 -0.096381
0.308440 0.468099 -0.107852
0.273660 0.453499 -0.119323
0.238880 0.438899 -0.130794
0.204101 0.424299 -0.142266
0.169321 0.409699 -0.153737
0.134541 0.395099 -0.165208
0.099761 0.380500 -0.176679
0.064981 0.365900 -0.188150
0.030202 0.351300 -0.199622
-0.005010 0.336519 -0.211236
-0.040222 0.321738 -0.222849
-0.075434 0.306957 -0.234463
-0.110646 0.292176 -0.246077
-0.145858 0.277395 -0.257691
-0.181070 0.262613 -0.269304
-0.216282 0.247832 -0.280918
-0.251493 0.233051 -0.292532
-0.286705 0.218270 -0.304145
-0.321917 0.203489 -0.315759
-0.357556 0.188529 -0.327514
-0.393195 0.173569 -0.339268
-0.428833 0.158608 -0.351023
-0.464472 0.143648 -0.362778
-0.499889 0.128688 -0.374532
-0.464250 0.113727 -0.386287
-0.428611 0.098767 -0.398041
-0.392973 0.083807 -0.409796
-0.357334 0.068847 -0.421551
-0.321695 0.053886 -0.433305
-0.285634 0.038749 -0.445199
-0.249574 0.023612 -0.457092
-0.213513 0.008474 -0.468986
-0.177453 -0.006663 -0.480879
-0.141392 -0.021800 -0.492773
-0.105332 -0.036938 -0.495334
-0.069272 -0.052075 -0.483440
-0.033211 -0.067212 -0.471547
0.002849 -0.082349 -0.459653
0.038910 -0.097487 -0.447760
0.075387 -0.112799 -0.435728
0.111865 -0.128111 -0.423697
0.148342 -0.143424 -0.411666
0.184819 -0.158736 -0.399635
0.221297 -0.174048 -0.387604
0.257774 -0.189361 -0.375572
0.294251 -0.204673 -0.363541
0.330729 -0.219985 -0.351510
0.367206 -0.235297 -0.339479
0.403684 -0.250610 -0.327448
0.440573 -0.266095 -0.315280
0.477463 -0.281580 -0.303113
0.485648 -0.297066 -0.290946
0.448758 -0.312551 -0.278779
0.411868 -0.328036 -0.266612
0.374979 -0.343521 -0.254445
0.338089 -0.359007 -0.242278
0.301199 -0.374492 -0.230111
0.264310 -0.389977 -0.217944
0.227420 -0.405463 -0.205777
0.190123 -0.421119 -0.193475
0.152826 -0.436775 -0.181174
0.115529 -0.452432 -0.168872
0.078232 -0.468088 -0.156571
0.040934 -0.483744 -0.144269
0.003637 -0.499401 -0.131968
-0.033660 -0.484943 -0.119666
-0.070957 -0.469287 -0.107365
-0.108254 -0.453630 -0.095063
-0.145551 -0.437974 -0.082762
-0.183252 -0.422148 -0.070327
-0.220952 -0.406323 -0.057892
-0.258653 -0.390497 -0.045458
-0.296353 -0.374671 -0.033023
-0.334054 -0.358846 -0.020589
-0.371754 -0.343020 -0.008154
-0.409455 -0.327195 0.004280
-0.447155 -0.311369 0.016715
-0.484856 -0.295543 0.029149
-0.477444 -0.279718 0.041584
-0.439344 -0.263725 0.054150
-0.401245 -0.247731 0.066716
-0.363146 -0.231738 0.079282
-0.325047 -0.215745 0.091848
-0.286947 -0.199752 0.104415
-0.248848 -0.183758 0.116981
-0.210749 -0.167765 0.129547
-0.172649 -0.151772 0.142113
-0.134550 -0.135778 0.154679
-0.096451 -0.119785 0.167245
-0.057957 -0.103626 0.179942
-0.019462 -0.087467 0.192638
0.019032 -0.071308 0.205334
0.057526 -0.055149 0.218031
0.096020 -0.038990 0.230727
0.134514 -0.022832 0.243424
0.173008 -0.006673 0.256120
0.211503 0.009486 0.268816
0.249997 0.025645 0.281513
0.288491 0.041804 0.294209
0.327376 0.058127 0.307034
0.366261 0.074450 0.319859
0.405146 0.090773 0.332684
0.444030 0.107096 0.345510
0.482915 0.123419 0.358335
0.478200 0.139742 0.371160
0.439315 0.156065 0.383985
0.400430 0.172388 0.396810
0.361545 0.188711 0.409635
0.322660 0.205034 0.422460
0.283388 0.221520 0.435413
0.244116 0.238005 0.448366
0.204844 0.254491 0.461319
0.165572 0.270976 0.474272
0.126301 0.287461 0.487225
0.087029 0.303947 0.499822
0.047757 0.320432 0.486869
0.008485 0.336918 0.473916
-0.030787 0.353403 0.460963
-0.070059 0.369889 0.448010
-0.109714 0.386535 0.434930
-0.149369 0.403181 0.421851
-0.189024 0.419828 0.408772
-0.228679 0.436474 0.395692
-0.268334 0.453121 0.382613
-0.307989 0.469767 0.369534
-0.347644 0.486413 0.356454
-0.387299 0.503060 0.343375
-0.426954 0.519706 0.330296
-0.466609 0.536353 0.317216
-0.493356 0.553158 0.304012
-0.453321 0.569964 0.290807
-0.413287 0.586769 0.277603
-0.373252 0.603575 0.264398
-0.333217 0.620380 0.251194
-0.293183 0.637186 0.237989
-0.253148 0.653991 0.224785
-0.213114 0.670797 0.211581
-0.173079 0.687602 0.198376
-0.133045 0.704408 0.185172
-0.092634 0.721371 0.171844
-0.052224 0.738335 0.158515
-0.011813 0.755298 0.145187
0.028597 0.772262 0.131859
0.069008 0.789225 0.118530
0.109418 0.806189 0.105202
0.149829 0.823152 0.091873
0.190239 0.840116 0.078545
0.230650 0.857079 0.065217
0.271060 0.874043 0.051888
0.311843 0.891162 0.038437
0.352626 0.908282 0.024986
0.393409 0.925402 0.011534
0.434192 0.942521 -0.001917
0.474975 0.959641 -0.015368
0.484242 0.976761 -0.028819
0.443459 0.993880 -0.042271
0.402676 1.011000 -0.055722
0.361893 1.028119 -0.069173
0.321110 1.045239 -0.082624
0.279958 1.062514 -0.096197
0.238806 1.079788 -0.109770
0.197654 1.097063 -0.123343
0.156502 1.114338 -0.136916
0.115350 1.131612 -0.150489
0.074198 1.148887 -0.164062
0.033046 1.166161 -0.177635
-0.008106 1.183436 -0.191208
-0.049258 1.200711 -0.204781
-0.090410 1.217985 -0.218354
-0.131927 1.235414 -0.232048
-0.173445 1.252842 -0.245741
-0.214963 1.270270 -0.259435
-0.256481 1.287699 -0.273128
-0.297999 1.305127 -0.286822
-0.339517 1.322556 -0.300516
-0.381035 1.339984 -0.314209
-0.422552 1.357412 -0.327903
-0.464070 1.374841 -0.341596
-0.494412 1.392269 -0.355290
-0.452531 1.409850 -0.369103
-0.410651 1.427431 -0.382916
-0.368771 1.445012 -0.396729
-0.326890 1.462593 -0.410542
-0.285010 1.480174 -0.424355
-0.243130 1.497755 -0.438168
-0.201249 1.515336 -0.451981
-0.159369 1.532917 -0.465795
-0.117488 1.550498 -0.479608
-0.075608 1.568079 -0.493421
-0.033368 1.585810 -0.492648
0.008872 1.603541 -0.478716
0.051112 1.621273 -0.464784
0.093352 1.639004 -0.450853
0.135591 1.656735 -0.436921
0.177831 1.674466 -0.422989
0.220071 1.692197 -0.409057
0.262311 1.709929 -0.395126
0.304551 1.727660 -0.381194
0.346791 1.745391 -0.367262
0.389388 1.763272 -0.353213
0.431984 1.781154 -0.339164
0.474581 1.778267 -0.325114
0.482823 1.755890 -0.311065
0.440227 1.738008 -0.297015
0.397630 1.720127 -0.282966
0.355034 1.702245 -0.268917
0.312437 1.684364 -0.254867
0.269841 1.666483 -0.240818
0.227244 1.648601 -0.226768
0.264403 1.570040 -0.203785
0.301562 1.491479 -0.180802
0.338721 1.412917 -0.157819
0.375879 1.334356 -0.134835
0.413038 1.255795 -0.111852
0.450197 1.177233 -0.088869
0.487355 1.098672 -0.065886
0.475486 1.020111 -0.042902
0.438327 0.941550 -0.019919
0.401168 0.862989 0.003064
0.363706 0.783787 0.026235
0.326244 0.704585 0.049406
0.288782 0.625383 0.072577
0.251320 0.546181 0.095748
0.213858 0.466979 0.118919
0.176396 0.387776 0.142089
0.138934 0.308574 0.165260
0.101472 0.229372 0.188431
0.064010 0.150169 0.211602
0.026548 0.070967 0.234773
-0.011215 -0.008871 0.258130
-0.048978 -0.088710 0.281487
-0.086741 -0.168548 0.304844
-0.124504 -0.248387 0.328201
-0.162267 -0.328225 0.351558
-0.200030 -0.408064 0.374915
-0.237793 -0.487902 0.398272
-0.275556 -0.432260 0.421629
-0.313318 -0.352421 0.444986
-0.351081 -0.272583 0.468343
-0.389143 -0.192114 0.491884
-0.427204 -0.111644 0.484574
-0.465266 -0.031174 0.461032
-0.496673 0.049295 0.437490
-0.458611 0.129765 0.413949
-0.420550 0.210234 0.390407
-0.382489 0.290704 0.366865
-0.344427 0.371173 0.343323
-0.306366 0.451643 0.319782
-0.268304 0.532113 0.296240
-0.229947 0.613208 0.272515
-0.191589 0.694304 0.248790
-0.153231 0.775400 0.225065
-0.114874 0.856495 0.201341
-0.076516 0.937591 0.177616
-0.038158 1.018687 0.153891
0.000199 1.099783 0.130166
0.038557 1.180878 0.106441
0.076915 1.261974 0.082716
0.115272 1.343070 0.058991
0.153924 1.424786 0.035085
0.192576 1.506503 0.011178
0.231227 1.588220 -0.012728
0.269879 1.669937 -0.036635
0.308530 1.751654 -0.060542
0.347182 1.833370 -0.084448
0.385833 1.915087 -0.108355
0.424485 1.970782 -0.132262
0.463136 1.889065 -0.156168
0.498212 1.807349 -0.180075
0.459269 1.725014 -0.204162
0.420326 1.642680 -0.228249
0.381382 1.560346 -0.252336
0.342439 1.478011 -0.276424
0.303496 1.395677 -0.300511
0.264553 1.313343 -0.324598
0.225609 1.231009 -0.348685
0.186666 1.148674 -0.372772
0.147723 1.066340 -0.396859
0.108779 0.984006 -0.420946
0.069546 0.901059 -0.445213
0.030314 0.818113 -0.469479
-0.008919 0.735167 -0.493745
-0.048152 0.652220 -0.481989
-0.087385 0.569274 -0.457722
-0.126618 0.486327 -0.433456
-0.165851 0.403381 -0.409190
-0.205084 0.320435 -0.384924
-0.244316 0.237489 -0.360657
-0.283549 0.154543 -0.336391
-0.323070 0.070989 -0.311947
-0.362590 -0.012565 -0.287503
-0.402110 -0.096119 -0.263060
-0.441630 -0.179672 -0.238616
-0.481151 -0.263226 -0.214172
-0.479329 -0.346780 -0.189728
-0.439809 -0.430334 -0.165284
-0.400289 -0.486112 -0.140840
-0.344561 -0.384838 -0.345663
-0.281888 -0.164672 -0.351257
-0.218762 0.057083 -0.045988
-0.155636 0.278838 0.259281
-0.092510 0.500594 0.435451
-0.029385 0.722349 0.130182
0.033741 0.944105 -0.175087
0.096867 1.165860 -0.480356
0.159993 1.387616 -0.214375
0.223119 1.609371 0.090893
0.286244 1.831127 0.396162
0.349370 2.052882 0.298569
0.412945 2.276216 -0.008872
0.476521 2.499550 -0.316314
0.459904 2.299461 -0.376244
0.396329 2.076127 -0.068803
0.332754 1.852793 0.238639
0.269179 1.629460 0.453920
0.205603 1.406126 0.146478
0.142028 1.182792 -0.160963
0.078453 0.959458 -0.468405
0.014878 0.736124 -0.224153
-0.049143 0.511223 0.085446
-0.113164 0.286323 0.395045
-0.177185 0.061422 0.295356
-0.241207 -0.163479 -0.014243
-0.305228 -0.388380 -0.323842
-0.369249 -0.386719 -0.366559
-0.433271 -0.161818 -0.056960
-0.497292 0.063083 0.252639
-0.438687 0.287984 0.437762
-0.374665 0.512885 0.128163
-0.310201 0.739342 -0.183579
-0.245737 0.965799 -0.495320
-0.181272 1.192256 -0.192938
-0.116808 1.418713 0.118803
-0.052344 1.645170 0.430545
0.012120 1.871627 0.257714
-0.040716 1.696607 0.489421
-0.106587 1.476978 0.173820
-0.172457 1.257350 -0.141780
-0.238327 1.037721 -0.457380
-0.304647 0.816593 -0.224866
-0.370967 0.595465 0.092888
-0.437287 0.374337 0.410643
-0.496393 0.153210 0.271603
-0.430073 -0.067918 -0.046152
-0.363753 -0.289046 -0.363906
-0.297433 -0.489827 -0.318339
-0.231113 -0.268699 -0.000585
-0.164793 -0.047572 0.317169
-0.098473 0.173556 0.365076
-0.031707 0.396173 0.045182
0.035060 0.618790 -0.274712
0.101826 0.841407 -0.405393
0.168593 1.064023 -0.085499
0.235359 1.286639 0.234395
0.302125 1.509256 0.445711
0.368892 1.731872 0.125817
0.435658 1.954488 -0.194078
0.497575 2.177104 -0.486028
0.430809 2.399720 -0.166134
0.363599 2.577472 0.155886
0.296388 2.353376 0.477906
0.229178 2.129279 0.200075
0.161968 1.905183 -0.121945
0.094758 1.681087 -0.443965
0.027548 1.456992 -0.234015
-0.039662 1.232896 0.088004
-0.106872 1.008800 0.410024
-0.174082 0.784704 0.267956
-0.241292 0.560608 -0.054064
-0.308943 0.335043 -0.378195
-0.376594 0.109477 -0.297674
-0.444245 -0.116088 0.026458
-0.488104 -0.341654 0.350589
-0.420453 -0.432781 0.325280
-0.352802 -0.207215 0.001148
-0.285151 0.018350 -0.322983
-0.217500 0.243916 -0.352886
-0.149849 0.469481 -0.028754
-0.082198 0.695047 0.295377
-0.014110 0.922072 0.378394
0.053979 1.149098 0.052164
0.122068 1.376124 -0.274065
0.190157 1.603150 -0.399706
0.258245 1.830175 -0.073476
0.326334 2.057201 0.252753
0.394423 2.284225 0.421018
0.462512 2.511250 0.094788
0.469400 2.738274 -0.231441
0.401311 2.576144 -0.442330
0.332787 2.347668 -0.114016
0.264263 2.119191 0.214298
0.195739 1.890715 0.457388
0.127216 1.662238 0.129074
0.058692 1.433762 -0.199240
-0.009832 1.205285 -0.472446
-0.078356 0.976809 -0.144132
-0.146880 0.748333 0.184182
-0.215403 0.519857 0.487504
-0.283927 0.291381 0.159190
-0.352883 0.061463 -0.171196
-0.421839 -0.168454 -0.498419
-0.490795 -0.398372 -0.168034
-0.440249 -0.371710 0.162351
-0.371293 -0.141792 0.492737
-0.302337 0.088125 0.176878
-0.233381 0.318043 -0.153507
-0.164424 0.547961 -0.483893
-0.095468 0.777878 -0.185722
-0.026512 1.007796 0.144663
0.042874 1.239147 0.477107
0.112259 1.470497 0.190449
0.181645 1.701848 -0.141995
0.251031 1.933199 -0.474438
0.320417 2.164549 -0.193118
0.389802 2.395898 0.139326
0.459188 2.627248 0.471770
0.471426 2.858597 0.195786
0.402040 3.089947 -0.136657
0.332654 2.890402 -0.469101
0.262842 2.657629 -0.196409
0.193029 2.424856 0.138081
0.123216 2.192084 0.472570
0.053403 1.959311 0.192940
-0.016410 1.726537 -0.141550
-0.086222 1.493762 -0.476039
-0.156035 1.260988 -0.189471
-0.225848 1.028214 0.145019
-0.295661 0.795440 0.479508
-0.365474 0.562666 0.186002
-0.435711 0.328477 -0.150521
-0.494052 0.094288 -0.487044
-0.423815 -0.139901 -0.176433
-0.353578 -0.374090 0.160090
-0.283340 -0.391721 0.496613
-0.213103 -0.157532 0.166864
-0.142866 0.076657 -0.169659
-0.072629 0.310846 -0.493818
-0.002392 0.545035 -0.157295
0.067846 0.779224 0.179229
0.138505 1.014819 0.482227
0.209164 1.250415 0.143683
0.279823 1.486011 -0.194861
0.350482 1.721606 -0.466594
0.421140 1.957202 -0.128050
0.491799 2.192798 0.210494
0.437542 2.428394 0.450962
0.366883 2.663989 0.112417
0.348894 2.658257 0.084358
0.383577 2.411195 0.366785
0.418465 2.162668 0.349113
0.453353 1.914141 0.065010
0.488241 1.665614 -0.219093
0.476871 1.417088 -0.496805
0.441983 1.168562 -0.212702
0.407095 0.920035 0.071400
0.372207 0.671508 0.355503
0.337319 0.422981 0.360394
0.302431 0.174455 0.076292
0.267543 -0.074072 -0.207811
0.232450 -0.324056 -0.493580
0.197357 -0.425960 -0.220651
0.162265 -0.175975 0.065118
0.127172 0.074009 0.350887
0.092079 0.323993 0.363344
0.056987 0.573978 0.077575
0.021894 0.823962 -0.208194
-0.013199 1.073946 -0.493963
-0.048291 1.323931 -0.220268
-0.083384 1.573915 0.065501
-0.130150 1.568018 0.072917
-0.188385 1.304791 -0.199677
-0.246621 1.041564 -0.472271
-0.304856 0.778337 -0.255135
-0.363092 0.515110 0.017460
-0.421327 0.251884 0.290054
-0.479563 -0.011343 0.437352
-0.462202 -0.274570 0.164758
-0.403966 -0.462204 -0.107836
-0.345731 -0.198977 -0.380430
-0.287162 0.065758 -0.345414
-0.228593 0.330494 -0.071258
-0.170024 0.595229 0.202899
-0.111454 0.859964 0.477055
-0.052885 1.124699 0.248789
0.005684 1.389435 -0.025368
0.064253 1.654170 -0.299524
0.122822 1.918905 -0.426320
0.181391 2.183640 -0.152164
0.239960 2.448375 0.121993
0.298861 2.714610 0.397702
0.357762 2.980845 0.326588
0.416663 3.247080 0.050879
0.475564 3.145705 -0.224831
0.465535 2.879471 -0.499460
0.406634 2.613236 -0.223750
0.347733 2.347001 0.051960
0.288832 2.080766 0.327669
0.229931 1.814531 0.396621
0.171030 1.548296 0.120912
0.111799 1.280570 -0.156342
0.052568 1.012844 -0.433596
-0.006663 0.745117 -0.289150
-0.065894 0.477390 -0.011895
-0.125125 0.209664 0.265359
-0.184356 -0.058063 0.457387
-0.243587 -0.325790 0.180133
-0.302818 -0.406483 -0.097121
-0.362049 -0.138756 -0.374375
-0.421280 0.128970 -0.348371
-0.480839 0.398180 -0.069581
-0.459602 0.667390 0.209209
-0.400043 0.936600 0.488000
-0.340484 1.205810 0.233210
-0.280925 1.475020 -0.045580
-0.221366 1.744231 -0.324370
-0.161807 2.013441 -0.396840
-0.102248 2.282651 -0.118049
-0.042689 2.551862 0.160741
0.016870 2.821072 0.439531
0.076756 3.091758 0.280151
0.136641 3.362444 -0.000167
0.196526 3.466055 -0.280485
0.256412 3.195369 -0.439197
0.316297 2.924683 -0.158879
0.376183 2.653997 0.121438
0.436068 2.383311 0.401756
0.495953 2.112625 0.317926
0.444161 1.841939 0.037608
0.384276 1.571254 -0.242710
0.324066 1.299102 -0.475453
0.263856 1.026949 -0.193616
0.203646 0.754797 0.088221
0.143436 0.482645 0.370059
0.083226 0.210492 0.348104
0.023016 -0.061660 0.066267
-0.037194 -0.333812 -0.215570
-0.097404 -0.394035 -0.497408
-0.157614 -0.121883 -0.220755
-0.217824 0.150270 0.061082
-0.278357 0.423881 0.344430
-0.338890 0.697493 0.372221
-0.399423 0.971104 0.088873
-0.459956 1.244716 -0.194475
-0.479511 1.518327 -0.477824
-0.418978 1.791939 -0.238828
-0.358445 2.065551 0.044520
-0.297912 2.339162 0.327869
-0.237379 2.612774 0.388783
-0.176846 2.886385 0.105435
-0.115992 3.161449 -0.179417
-0.055138 3.436512 -0.464268
0.005716 3.162248 -0.250880
0.066570 2.887185 0.033971
0.127424 2.612121 0.318823
0.188278 2.337058 0.396326
0.249132 2.061994 0.111474
0.309986 1.786931 -0.173377
0.370840 1.511867 -0.458229
0.431694 1.236804 -0.256920
0.492867 0.960297 0.029427
0.445959 0.683789 0.315774
0.384786 0.407282 0.397879
0.323612 0.130775 0.111532
0.262439 -0.145732 -0.174815
0.201266 -0.422239 -0.461162
0.140092 -0.301254 -0.252491
0.078919 -0.024747 0.033856
0.017745 0.251760 0.320202
-0.043428 0.528267 0.393451
-0.104919 0.806211 0.105616
-0.166411 1.084154 -0.182218
-0.227902 1.362098 -0.470053
-0.289393 1.640041 -0.242113
-0.350884 1.917985 0.045721
-0.412375 2.195929 0.333556
-0.473867 2.473872 0.378610
-0.464642 2.751816 0.090776
-0.403151 3.029759 -0.197059
-0.341660 3.307703 -0.484893
-0.279853 3.587075 -0.225793
-0.218045 3.327077 0.063522
-0.156238 3.047705 0.352836
-0.094431 2.768333 0.357850
-0.032623 2.488962 0.068536
0.029184 2.209590 -0.220778
0.090991 1.930218 -0.489908
0.152799 1.650845 -0.200593
0.214606 1.371472 0.088721
0.276414 1.092099 0.378035
0.338536 0.811305 0.331178
0.400658 0.530511 0.040392
0.462780 0.249717 -0.250395
0.475098 -0.031077 -0.458819
0.412976 -0.311871 -0.168032
0.350854 -0.407335 0.122755
0.288732 -0.126540 0.413541
0.226610 0.154254 0.295672
0.164488 0.435048 0.004886
0.102366 0.715842 -0.285901
0.039932 0.998051 -0.421848
-0.022503 1.280260 -0.129596
-0.084938 1.562469 0.162655
-0.147373 1.844678 0.454907
-0.209808 2.126887 0.252842
-0.272243 2.409096 -0.039410
-0.334678 2.691304 -0.331661
-0.397113 2.973513 -0.376088
-0.459548 3.255722 -0.083836
-0.478017 3.345974 0.208415
-0.415271 3.062359 0.497876
-0.352524 2.778743 0.204167
-0.289778 2.495127 -0.089542
-0.227032 2.211512 -0.383252
-0.164285 1.927896 -0.323039
-0.101539 1.644279 -0.029330
-0.038793 1.360662 0.264379
0.023953 1.077046 0.441912
0.086700 0.793429 0.148203
