-0.072091 0.102999 -0.370930
-0.087514 0.117130 -0.355793
-0.102937 0.131261 -0.340657
-0.118360 0.145392 -0.325521
-0.122951 0.012711 -0.339931
-0.120711 -0.150155 -0.349686
-0.125991 -0.223809 -0.367456
-0.133266 -0.277599 -0.389554
-0.140541 -0.304344 -0.411652
-0.147816 -0.335075 -0.433751
-0.155092 -0.364531 -0.455849
-0.164002 -0.380497 -0.482913
-0.172912 -0.396463 -0.490022
-0.181822 -0.432139 -0.462957
-0.190732 -0.450768 -0.435893
-0.199642 -0.465518 -0.408828
-0.208552 -0.480267 -0.381763
-0.217463 -0.495017 -0.354699
-0.226373 -0.490234 -0.327634
-0.235283 -0.475484 -0.300569
-0.244193 -0.460735 -0.273505
-0.254482 -0.443703 -0.242253
-0.264770 -0.426672 -0.211001
-0.275059 -0.409640 -0.179750
-0.285348 -0.392609 -0.148498
-0.295636 -0.375578 -0.117247
-0.305925 -0.358546 -0.085995
-0.316214 -0.341515 -0.054743
-0.326502 -0.324483 -0.023492
-0.336791 -0.312918 0.007760
-0.347079 -0.329949 0.039011
-0.358582 -0.348991 0.073951
-0.370085 -0.368032 0.108892
-0.381588 -0.387074 0.143832
-0.393091 -0.406116 0.178772
-0.404593 -0.425157 0.213712
-0.416096 -0.444199 0.248653
-0.427599 -0.463240 0.283593
-0.439102 -0.482282 0.318533
-0.450605 -0.498676 0.353473
-0.462108 -0.479635 0.388414
-0.474708 -0.458776 0.426689
-0.487309 -0.437917 0.464964
-0.499910 -0.417058 0.496761
-0.487490 -0.396199 0.458486
-0.474889 -0.375340 0.420211
-0.462288 -0.354481 0.381936
-0.449687 -0.333622 0.343661
-0.437087 -0.312763 0.305385
-0.424486 -0.291904 0.267110
-0.411885 -0.271045 0.228835
-0.409965 -0.265978 0.267468
-0.410967 -0.265277 0.326094
-0.411970 -0.264575 0.384720
-0.412972 -0.263874 0.443346
-0.413974 -0.263172 0.498027
-0.414976 -0.262470 0.439401
-0.415979 -0.261769 0.380775
-0.416981 -0.261067 0.322149
-0.417983 -0.260366 0.263522
-0.418985 -0.259664 0.204896
-0.420057 -0.258914 0.142222
-0.421128 -0.258164 0.079548
-0.422199 -0.257414 0.016874
-0.423271 -0.256664 -0.045800
-0.424342 -0.255914 -0.108474
-0.425414 -0.255163 -0.171148
-0.426485 -0.254413 -0.233822
-0.427556 -0.253663 -0.296497
-0.428628 -0.252913 -0.359170
-0.429886 -0.251179 -0.409797
-0.433008 -0.239948 -0.348487
-0.436129 -0.228717 -0.287177
-0.439251 -0.217486 -0.225867
-0.442372 -0.206255 -0.164557
-0.445494 -0.195024 -0.103247
-0.448615 -0.183793 -0.041938
-0.400322 -0.178549 -0.015813
-0.329994 -0.175872 -0.004767
-0.259667 -0.173194 0.006279
-0.189339 -0.170516 0.017324
-0.115207 -0.167693 0.028967
-0.041075 -0.164871 0.040610
0.033057 -0.162048 0.052253
0.090902 -0.157222 0.065590
0.002157 -0.134365 0.094165
-0.086589 -0.111508 0.122740
-0.175334 -0.088652 0.151315
-0.264079 -0.094653 0.179891
-0.352824 -0.117510 0.208466
-0.441569 -0.140367 0.237041
-0.465355 -0.164339 0.267011
-0.372278 -0.188311 0.296981
-0.355484 -0.193358 0.317393
-0.414972 -0.179478 0.328248
-0.474459 -0.165598 0.339103
-0.466053 -0.151719 0.349958
-0.406565 -0.137839 0.360813
-0.347077 -0.123959 0.371668
-0.287589 -0.110080 0.382522
-0.228101 -0.096200 0.393377
-0.165968 -0.081703 0.404715
-0.103835 -0.067206 0.416053
-0.041702 -0.052709 0.427390
0.020431 -0.038213 0.438728
0.082564 -0.023716 0.450066
0.144697 -0.026012 0.461404
0.206830 -0.040509 0.472741
0.211292 -0.045234 0.498418
0.158084 -0.040187 0.461566
0.104875 -0.035140 0.421550
0.049494 -0.029887 0.379900
-0.005887 -0.024634 0.338250
-0.061269 -0.019381 0.296600
-0.116650 -0.014128 0.254950
-0.172031 -0.008875 0.213300
-0.227412 -0.003622 0.171651
-0.282794 0.001631 0.130001
-0.338175 0.006884 0.088351
-0.393556 0.012137 0.046701
-0.448938 0.017390 0.005051
-0.493591 0.022842 -0.038171
-0.436119 0.028293 -0.081393
-0.421121 0.027199 -0.108891
-0.469834 0.016285 -0.112804
-0.481453 0.005372 -0.116716
-0.432740 -0.005542 -0.120628
-0.384026 -0.016455 -0.124540
-0.335313 -0.027369 -0.128453
-0.286600 -0.038282 -0.132365
-0.237887 -0.049195 -0.136277
-0.187464 -0.060492 -0.140326
-0.137042 -0.071788 -0.144376
-0.086619 -0.083085 -0.148425
-0.036196 -0.094381 -0.152475
0.014227 -0.105678 -0.156525
0.064650 -0.116974 -0.160574
0.115072 -0.128271 -0.164624
0.165495 -0.139567 -0.168673
0.215918 -0.150864 -0.172723
0.266341 -0.162160 -0.176772
0.318417 -0.173827 -0.180955
0.370493 -0.185494 -0.185137
0.422570 -0.197161 -0.189319
0.474646 -0.208828 -0.193501
0.473278 -0.220495 -0.197684
0.421201 -0.232162 -0.201866
0.369125 -0.243829 -0.206048
0.317049 -0.255496 -0.210231
0.264973 -0.267163 -0.214413
0.212896 -0.278830 -0.218595
0.159217 -0.290856 -0.222906
0.105538 -0.302883 -0.227217
0.051859 -0.314909 -0.231528
-0.001820 -0.326935 -0.235840
-0.055500 -0.338961 -0.240151
-0.109179 -0.350987 -0.244462
-0.162858 -0.363013 -0.248773
-0.216537 -0.375039 -0.253084
-0.270216 -0.387065 -0.257395
-0.323895 -0.399092 -0.261705
-0.379131 -0.411466 -0.266142
-0.434366 -0.423841 -0.270578
-0.489601 -0.436216 -0.275014
-0.455163 -0.448591 -0.279450
-0.399928 -0.460966 -0.283886
-0.344693 -0.473341 -0.288322
-0.289457 -0.485715 -0.292758
-0.234222 -0.498090 -0.297194
-0.178987 -0.489535 -0.301630
-0.123751 -0.477160 -0.306066
-0.067002 -0.464447 -0.310624
-0.010253 -0.451733 -0.315182
0.046496 -0.439019 -0.319739
0.103244 -0.426306 -0.324297
0.159993 -0.413592 -0.328855
0.216742 -0.400878 -0.333412
0.273491 -0.388165 -0.337970
0.330240 -0.375451 -0.342528
0.386989 -0.362737 -0.347085
0.443738 -0.350024 -0.351643
0.498038 -0.336979 -0.356319
0.439815 -0.323935 -0.360995
0.381592 -0.310891 -0.365671
0.323368 -0.297847 -0.370347
0.265145 -0.284803 -0.375023
0.206922 -0.271758 -0.379699
0.148699 -0.258714 -0.384375
0.090476 -0.245670 -0.389051
0.032252 -0.232626 -0.393727
-0.025971 -0.219582 -0.398403
-0.085632 -0.206216 -0.403194
-0.145293 -0.192850 -0.407985
-0.204954 -0.179484 -0.412777
-0.264615 -0.166117 -0.417568
-0.324276 -0.152751 -0.422359
-0.383937 -0.139385 -0.427151
-0.443598 -0.126019 -0.431942
-0.496741 -0.112653 -0.436733
-0.437080 -0.099286 -0.441525
-0.377419 -0.085920 -0.446316
-0.316354 -0.072239 -0.451220
-0.255289 -0.058559 -0.456124
-0.194224 -0.044878 -0.461029
-0.133159 -0.031197 -0.465933
-0.072094 -0.017517 -0.470837
-0.011029 -0.003836 -0.475742
0.050036 0.009845 -0.480646
0.111101 0.023526 -0.485550
0.172166 0.037206 -0.490454
0.233231 0.050887 -0.495359
0.295668 0.064875 -0.499627
0.358105 0.078863 -0.494612
0.420543 0.092851 -0.489598
0.482980 0.106840 -0.484583
0.454583 0.120828 -0.479569
0.392145 0.134816 -0.474554
0.329708 0.148804 -0.469540
0.267270 0.162792 -0.464525
0.204833 0.176781 -0.459511
0.142396 0.190769 -0.454496
0.078615 0.205058 -0.449374
0.014835 0.219347 -0.444252
-0.048945 0.233636 -0.439130
-0.112726 0.247925 -0.434007
-0.176506 0.262214 -0.428885
-0.240286 0.276503 -0.423763
-0.304066 0.290792 -0.418641
-0.367847 0.305081 -0.413519
-0.431627 0.319370 -0.408397
-0.495407 0.333659 -0.403275
-0.439498 0.348243 -0.398047
-0.374402 0.362826 -0.392819
-0.309307 0.377410 -0.387591
-0.244211 0.391994 -0.382363
-0.179116 0.406578 -0.377135
-0.114020 0.421162 -0.371907
-0.048925 0.435745 -0.366679
0.016171 0.450329 -0.361451
0.081266 0.464913 -0.356223
0.146362 0.479497 -0.350995
0.212747 0.494369 -0.345664
0.279131 0.509242 -0.340333
0.345516 0.524114 -0.335001
0.411901 0.510715 -0.329670
0.478285 0.495842 -0.324339
0.455330 0.480970 -0.319007
0.388945 0.466097 -0.313676
0.322561 0.451225 -0.308345
0.256176 0.436352 -0.303013
0.189791 0.421480 -0.297682
0.122142 0.406324 -0.292249
0.054493 0.391168 -0.286816
-0.013156 0.376013 -0.281383
-0.080806 0.360857 -0.275950
-0.148455 0.345701 -0.270517
-0.216104 0.330546 -0.265084
-0.283753 0.315390 -0.259651
-0.351402 0.300234 -0.254218
-0.419051 0.285079 -0.248785
-0.486701 0.269923 -0.243352
-0.444409 0.254489 -0.237820
-0.375518 0.239055 -0.232287
-0.306627 0.223621 -0.226755
-0.237736 0.208187 -0.221222
-0.168846 0.192753 -0.215689
-0.099955 0.177319 -0.210157
-0.031065 0.161886 -0.204624
0.037826 0.146452 -0.199091
0.106717 0.131018 -0.193559
0.175607 0.115584 -0.188026
0.245717 0.099877 -0.182395
0.315827 0.084170 -0.176765
0.385937 0.068463 -0.171134
0.456047 0.052756 -0.165504
0.473843 0.037048 -0.159873
0.403733 0.021341 -0.154243
0.333623 0.005634 -0.148612
0.263513 -0.010073 -0.142982
0.193403 -0.025780 -0.137351
0.123293 -0.041487 -0.131720
0.051985 -0.057463 -0.125994
-0.019324 -0.073438 -0.120267
-0.090633 -0.089414 -0.114540
-0.161941 -0.105390 -0.108813
-0.233250 -0.121365 -0.103086
-0.304558 -0.137341 -0.097359
-0.375867 -0.153317 -0.091632
-0.447176 -0.169292 -0.085905
-0.402755 -0.168896 -0.097356
-0.329402 -0.164406 -0.113100
-0.254836 -0.159842 -0.129105
-0.180271 -0.155278 -0.145110
-0.105705 -0.150713 -0.161115
-0.031140 -0.146149 -0.177119
0.043426 -0.141585 -0.193124
0.117991 -0.137021 -0.209129
0.192557 -0.132457 -0.225133
0.267122 -0.127893 -0.241138
0.341688 -0.123329 -0.257143
0.416253 -0.118765 -0.273148
0.492012 -0.114128 -0.289409
0.432229 -0.109491 -0.305670
0.356471 -0.104854 -0.321931
0.280712 -0.100217 -0.338192
0.204953 -0.095580 -0.354453
0.129195 -0.090943 -0.370714
0.053436 -0.086306 -0.386975
-0.022323 -0.081669 -0.403236
-0.098081 -0.077032 -0.419497
-0.173840 -0.072395 -0.435758
-0.250773 -0.067686 -0.452271
-0.327706 -0.062977 -0.468784
-0.404640 -0.058268 -0.485297
-0.481573 -0.053559 -0.498190
-0.441494 -0.048850 -0.481678
-0.364561 -0.044141 -0.465165
-0.287628 -0.039432 -0.448652
-0.210694 -0.034723 -0.432139
-0.133761 -0.030014 -0.415626
-0.056828 -0.025305 -0.399113
0.021262 -0.020526 -0.382352
0.099352 -0.015746 -0.365590
0.177443 -0.010966 -0.348829
0.255533 -0.006186 -0.332067
0.333623 -0.001407 -0.315306
0.411713 0.003373 -0.298545
0.489803 0.008153 -0.281783
0.432106 0.012933 -0.265022
0.354016 0.017712 -0.248260
0.275926 0.022492 -0.231499
0.196696 0.027342 -0.214493
0.117466 0.032191 -0.197487
0.038235 0.037041 -0.180481
-0.040995 0.041890 -0.163475
-0.020316 0.068643 -0.236934
0.025340 0.100872 -0.333009
0.070996 0.133100 -0.429083
0.116652 0.165329 -0.474842
0.162308 0.197557 -0.378767
0.207963 0.229786 -0.282692
0.254267 0.262471 -0.185254
0.300571 0.295157 -0.087816
0.346874 0.327843 0.009622
0.393178 0.360528 0.107060
0.439481 0.393214 0.204498
0.485785 0.425900 0.301935
0.467912 0.458586 0.399373
0.421608 0.491271 0.496811
0.375304 0.523957 0.405751
0.329001 0.556642 0.308313
0.282059 0.589779 0.209532
0.235116 0.622915 0.110750
0.188174 0.656052 0.011968
0.141232 0.689189 -0.086814
0.094290 0.722325 -0.185596
0.047347 0.755462 -0.284378
0.000405 0.788598 -0.383160
-0.046537 0.821735 -0.481942
-0.093479 0.854872 -0.419276
-0.140422 0.888008 -0.320495
-0.187994 0.921589 -0.220387
-0.235566 0.955171 -0.120279
-0.283139 0.988752 -0.020171
-0.330711 1.022333 0.079937
-0.378283 1.004651 0.180045
-0.425855 0.971070 0.280153
-0.473428 0.937489 0.380260
-0.479000 0.903908 0.480368
-0.431428 0.870326 0.419524
-0.383856 0.836745 0.319416
-0.335661 0.802725 0.218000
-0.287467 0.768704 0.116583
-0.239273 0.734684 0.015167
-0.191079 0.700663 -0.086250
-0.142884 0.666642 -0.187667
-0.094690 0.632622 -0.289083
-0.046496 0.598601 -0.390500
0.001698 0.564581 -0.491916
0.049893 0.530560 -0.406668
0.098087 0.496540 -0.305251
0.146895 0.462086 -0.202543
0.195703 0.427632 -0.099834
0.244511 0.393178 0.002874
0.293320 0.358724 0.105583
0.342128 0.324270 0.208291
0.390936 0.289817 0.311000
0.439744 0.255363 0.413709
0.488552 0.220909 0.483583
0.462640 0.186455 0.380874
0.413832 0.152002 0.278166
0.364417 0.117120 0.174181
0.315002 0.082238 0.070197
0.265588 0.047356 -0.033788
0.216173 0.012475 -0.137772
0.166758 -0.022407 -0.241757
0.117344 -0.057289 -0.345741
0.067929 -0.092171 -0.449726
0.018515 -0.127052 -0.446290
-0.030900 -0.161934 -0.342305
-0.080315 -0.196816 -0.238321
-0.130328 -0.232120 -0.133076
-0.180342 -0.267425 -0.027831
-0.230355 -0.302729 0.077414
-0.280369 -0.338034 0.182659
-0.321568 -0.392301 0.281481
-0.349546 -0.475011 0.370669
-0.377524 -0.442278 0.459858
-0.405502 -0.359567 0.450954
-0.433481 -0.276857 0.361766
-0.461459 -0.194146 0.272578
-0.489768 -0.110457 0.182334
-0.481923 -0.026767 0.092090
-0.459367 -0.078556 0.116108
-0.439276 -0.188406 0.189095
-0.419186 -0.298256 0.262082
-0.399096 -0.408107 0.335069
-0.379005 -0.482043 0.408056
-0.358915 -0.372192 0.481044
-0.338825 -0.262342 0.445969
-0.318734 -0.152491 0.372982
-0.298412 -0.041371 0.299152
-0.278089 0.069749 0.225321
-0.257767 0.180870 0.151490
-0.237444 0.291990 0.077659
-0.217122 0.403110 0.003828
-0.196799 0.514231 -0.070002
-0.176476 0.625351 -0.143833
-0.156154 0.736471 -0.217664
-0.135831 0.847592 -0.291495
-0.115508 0.958712 -0.365326
-0.094956 1.071088 -0.439991
-0.074404 1.183464 -0.485345
-0.053852 1.098570 -0.410680
-0.033299 0.986194 -0.336015
-0.012747 0.873818 -0.261350
0.007805 0.761442 -0.186685
0.028358 0.649066 -0.112019
0.048910 0.536689 -0.037354
0.069462 0.424313 0.037311
0.090014 0.311937 0.111976
0.110794 0.198320 0.187466
0.131573 0.084702 0.262956
0.152352 -0.028916 0.338446
0.173132 -0.142534 0.413936
0.193911 -0.256151 0.489427
0.214691 -0.369769 0.435083
0.235470 -0.483387 0.359593
0.256249 -0.402995 0.284103
0.277029 -0.289378 0.208613
0.297808 -0.175760 0.133123
0.318812 -0.060914 0.056816
0.339816 0.053932 -0.019490
0.360820 0.168779 -0.095796
0.381824 0.283625 -0.172103
0.402828 0.398471 -0.248409
0.423833 0.513317 -0.324715
0.444837 0.628163 -0.401021
0.465841 0.743010 -0.477327
0.486845 0.857856 -0.446366
0.492151 0.972702 -0.370060
0.470925 1.088763 -0.292946
0.449698 1.204824 -0.215833
0.428472 1.320885 -0.138719
0.407246 1.269565 -0.061605
0.386019 1.153504 0.015509
0.364793 1.037443 0.092622
0.343566 0.921382 0.169736
0.322340 0.805320 0.246850
0.301113 0.689259 0.323964
0.279887 0.573197 0.401078
0.258441 0.455933 0.478990
0.236994 0.338669 0.443097
0.215548 0.221404 0.365184
0.194102 0.104140 0.287271
0.172656 -0.013124 0.209358
0.151210 -0.130388 0.131445
0.129763 -0.247652 0.053532
0.108317 -0.364916 -0.024381
0.086871 -0.482181 -0.102293
0.065425 -0.400555 -0.180206
0.043761 -0.282101 -0.258910
0.022097 -0.163646 -0.337614
0.000433 -0.045191 -0.416318
-0.021231 0.073263 -0.495022
-0.042895 0.191718 -0.426273
-0.064559 0.310173 -0.347569
-0.086223 0.428628 -0.268865
-0.107887 0.547082 -0.190161
-0.129551 0.665537 -0.111458
-0.151215 0.783992 -0.032754
-0.173095 0.903625 0.046733
-0.194974 1.023259 0.126221
-0.216854 1.142893 0.205708
-0.238733 1.262526 0.285195
-0.260613 1.382160 0.364682
-0.282493 1.501794 0.444169
-0.304372 1.539781 0.476344
-0.326252 1.420148 0.396857
-0.348132 1.300514 0.317370
-0.370011 1.180880 0.237883
-0.392104 1.060080 0.157621
-0.414197 0.939279 0.077358
-0.436290 0.818478 -0.002904
-0.458384 0.697677 -0.083167
-0.480477 0.576877 -0.163429
-0.497430 0.456076 -0.243692
-0.475337 0.335276 -0.323954
-0.453244 0.214475 -0.404217
-0.431151 0.093675 -0.484479
-0.409058 -0.027126 -0.435258
-0.386754 -0.149083 -0.354228
-0.364449 -0.271039 -0.273197
-0.342145 -0.392996 -0.192166
-0.319841 -0.485048 -0.111135
-0.297536 -0.363091 -0.030105
-0.275232 -0.241135 0.050926
-0.252928 -0.119178 0.131957
-0.230623 0.002778 0.212987
-0.208319 0.124735 0.294018
-0.186014 0.246691 0.375049
-0.163500 0.369793 0.456840
-0.140986 0.492895 0.461368
-0.118473 0.615996 0.379577
-0.095959 0.739098 0.297785
-0.073445 0.862199 0.215993
-0.050931 0.985301 0.134202
-0.028417 1.108402 0.052410
-0.005903 1.231504 -0.029381
0.016611 1.354605 -0.111173
0.039125 1.477707 -0.192964
0.061846 1.522333 -0.275510
0.084567 1.398096 -0.358055
0.107289 1.273860 -0.440600
0.130010 1.149624 -0.476855
0.152732 1.025387 -0.394309
0.175453 0.901151 -0.311764
0.198174 0.776915 -0.229219
0.220896 0.652678 -0.146673
0.243617 0.528442 -0.064128
0.266339 0.404206 0.018418
0.289266 0.278845 0.101710
0.312192 0.153484 0.185002
0.335119 0.028124 0.268295
0.358046 -0.097237 0.351587
0.380973 -0.222598 0.434880
0.403900 -0.347958 0.481828
0.426827 -0.473319 0.398536
0.449754 -0.401320 0.315243
0.472681 -0.275959 0.231951
0.495608 -0.150599 0.148658
0.481261 -0.024124 0.064626
0.458131 0.102351 -0.019407
0.435000 0.228826 -0.103440
0.411869 0.355301 -0.187473
0.388738 0.481777 -0.271506
0.365608 0.608252 -0.355538
0.342477 0.734727 -0.439571
0.319346 0.861202 -0.476396
0.296215 0.987677 -0.392364
0.273084 1.114152 -0.308331
0.249752 1.241732 -0.223564
0.226419 1.369312 -0.138797
0.203086 1.496893 -0.054031
0.179753 1.624473 0.030736
0.156420 1.752053 0.115503
0.133087 1.762488 0.200270
0.109755 1.634908 0.285036
0.086422 1.507327 0.369803
0.063089 1.379747 0.454570
0.080078 1.341491 0.480873
0.158214 1.438042 0.418953
0.236350 1.534593 0.357033
0.314487 1.631145 0.295113
0.392623 1.727696 0.233193
0.470759 1.638499 0.171273
0.451104 1.541948 0.109353
0.372968 1.445397 0.047433
0.294832 1.348845 -0.014487
0.216695 1.252294 -0.076407
0.138559 1.155743 -0.138327
0.059763 1.058376 -0.200769
-0.019033 0.961010 -0.263212
-0.097828 0.863643 -0.325654
-0.176624 0.766277 -0.388097
-0.255420 0.668910 -0.450539
-0.334216 0.571544 -0.487018
-0.413012 0.474177 -0.424576
-0.491808 0.376811 -0.362134
-0.429397 0.279445 -0.299691
-0.350601 0.182078 -0.237249
-0.271151 0.083904 -0.174288
-0.191701 -0.014270 -0.111327
-0.112252 -0.112445 -0.048367
-0.032802 -0.210619 0.014594
0.046648 -0.308793 0.077555
0.126098 -0.406968 0.140515
0.205547 -0.494858 0.203476
0.284997 -0.396684 0.266437
0.364447 -0.298510 0.329397
0.443896 -0.200335 0.392358
0.476005 -0.101360 0.455833
0.395907 -0.002384 0.480692
0.315809 0.096592 0.417218
0.235711 0.195568 0.353743
0.155612 0.294544 0.290268
0.075514 0.393519 0.226793
-0.004584 0.492495 0.163319
-0.084682 0.591471 0.099844
-0.164781 0.690447 0.036369
-0.244879 0.789423 -0.027105
-0.325620 0.889194 -0.091090
-0.406362 0.988965 -0.155074
-0.487104 1.088736 -0.219059
-0.432155 1.188507 -0.283043
-0.351413 1.288278 -0.347028
-0.270671 1.388049 -0.411012
-0.189930 1.487820 -0.474996
-0.109188 1.587591 -0.461019
-0.028446 1.687362 -0.397035
0.052295 1.787133 -0.333050
0.133675 1.887692 -0.268560
0.215055 1.946622 -0.204070
0.296435 1.846063 -0.139579
0.377815 1.745504 -0.075089
0.459195 1.644945 -0.010599
0.459425 1.544386 0.053892
0.378045 1.443827 0.118382
0.296665 1.343268 0.182872
0.215285 1.242709 0.247362
0.133905 1.142150 0.311853
0.051891 1.040808 0.376845
-0.030122 0.939466 0.441837
-0.112135 0.838123 0.493170
-0.194148 0.736781 0.428178
-0.276162 0.635439 0.363186
-0.358175 0.534097 0.298193
-0.440188 0.432755 0.233201
-0.477798 0.331412 0.168209
-0.395785 0.230070 0.103217
-0.313772 0.128728 0.038225
-0.231130 0.026609 -0.027266
-0.148488 -0.075509 -0.092756
-0.065847 -0.177628 -0.158246
0.016795 -0.279747 -0.223736
0.099437 -0.381865 -0.289227
0.182078 -0.483984 -0.354717
0.264720 -0.413898 -0.420207
0.347362 -0.311779 -0.485697
0.430004 -0.209661 -0.448812
0.487354 -0.107542 -0.383322
0.404089 -0.004652 -0.317338
0.320824 0.098237 -0.251353
0.237558 0.201126 -0.185369
0.154293 0.304016 -0.119384
0.071027 0.406905 -0.053400
-0.012238 0.509794 0.012585
-0.095503 0.612684 0.078569
-0.178769 0.715573 0.144554
-0.262034 0.818463 0.210538
-0.345300 0.921352 0.276523
-0.429184 1.025007 0.342998
-0.486931 1.128662 0.409473
-0.403047 1.232316 0.475948
-0.319162 1.335971 0.457577
-0.235277 1.439626 0.391102
-0.151393 1.543281 0.324628
-0.067508 1.646936 0.258153
0.016376 1.750591 0.191677
0.100261 1.854246 0.125202
0.184145 1.957900 0.058727
0.268644 2.062314 -0.008235
0.353144 2.166727 -0.075197
0.437643 2.271140 -0.142159
0.477858 2.375553 -0.209121
0.393359 2.479966 -0.276083
0.308860 2.391647 -0.343046
0.224361 2.287234 -0.410008
0.139862 2.182821 -0.476970
0.055363 2.078408 -0.456068
-0.029136 1.973995 -0.389105
-0.114246 1.868827 -0.321660
-0.199355 1.763660 -0.254214
-0.284464 1.658492 -0.186769
-0.369573 1.553324 -0.119323
-0.454682 1.448157 -0.051877
-0.460208 1.342989 0.015568
-0.375099 1.237821 0.083014
-0.289990 1.132654 0.150459
-0.204881 1.027486 0.217905
-0.119772 0.922319 0.285351
-0.034057 0.816402 0.353276
0.051658 0.710486 0.421202
0.137373 0.604570 0.489128
0.223088 0.498654 0.442946
0.308803 0.392737 0.375021
0.394518 0.286821 0.307095
0.480233 0.180905 0.239169
0.434052 0.074989 0.171244
0.348337 -0.030927 0.103318
0.262622 -0.136844 0.035392
0.176305 -0.243503 -0.033010
0.089989 -0.350163 -0.101412
0.003672 -0.456822 -0.169814
-0.082644 -0.436518 -0.238217
-0.168960 -0.329859 -0.306619
-0.255277 -0.223199 -0.375021
-0.341593 -0.116540 -0.443424
-0.427910 -0.009881 -0.488174
-0.485774 0.096779 -0.419772
-0.399457 0.203438 -0.351369
-0.312544 0.310836 -0.282494
-0.225630 0.418233 -0.213618
-0.138716 0.525631 -0.144743
-0.051802 0.633028 -0.075867
0.035112 0.740426 -0.006991
0.122026 0.847823 0.061884
0.208939 0.955220 0.130760
0.295853 1.062618 0.199636
0.382767 1.170016 0.268512
0.469681 1.277414 0.337387
0.442812 1.385545 0.406733
0.355305 1.493677 0.476079
0.267798 1.601808 0.454575
0.180291 1.709939 0.385230
0.092784 1.818070 0.315884
0.005277 1.926201 0.246538
-0.082230 2.034332 0.177192
-0.169737 2.142462 0.107846
-0.257244 2.250592 0.038500
-0.344751 2.302491 -0.030845
-0.432848 2.193632 -0.100658
-0.479056 2.084772 -0.170471
-0.390960 1.975913 -0.240284
-0.302864 1.867055 -0.310097
-0.214767 1.758196 -0.379910
-0.126671 1.649338 -0.449722
-0.038574 1.540480 -0.480465
0.049522 1.431621 -0.410652
0.137618 1.322763 -0.340839
0.225715 1.213905 -0.271026
0.314397 1.104323 -0.200750
0.403078 0.994741 -0.130473
0.491760 0.885159 -0.060196
0.419558 0.775577 0.010080
0.330876 0.665995 0.080357
0.242194 0.556413 0.150634
0.153512 0.446831 0.220911
0.064831 0.337249 0.291187
-0.023851 0.227666 0.361464
-0.112533 0.118084 0.431740
-0.201796 0.007783 0.497522
-0.291059 -0.102517 0.426785
-0.380323 -0.212818 0.356047
-0.469586 -0.323119 0.285309
-0.441151 -0.433420 0.214572
-0.351887 -0.456280 0.143834
-0.262624 -0.345979 0.073097
-0.173361 -0.235678 0.002359
-0.084097 -0.125377 -0.068378
0.005166 -0.015077 -0.139116
0.095007 0.095938 -0.210311
0.184848 0.206953 -0.281507
0.274689 0.317967 -0.352702
0.364530 0.428982 -0.423897
0.454371 0.539997 -0.495093
0.455788 0.651011 -0.433712
0.365947 0.762026 -0.362516
0.276107 0.873041 -0.291321
0.186266 0.984056 -0.220126
0.096424 1.095071 -0.148930
0.006009 1.206795 -0.077280
-0.084406 1.318519 -0.005630
-0.174821 1.430243 0.066021
-0.265236 1.541967 0.137671
-0.355651 1.653692 0.209321
-0.446066 1.765416 0.280972
-0.463518 1.877140 0.352622
-0.373103 1.988864 0.424272
-0.282688 2.100587 0.495923
-0.192273 2.212310 0.432427
-0.101287 2.324739 0.360324
-0.010302 2.437167 0.288222
0.080684 2.549596 0.216120
0.171669 2.662024 0.144017
0.262655 2.774453 0.071915
0.353641 2.886882 -0.000187
0.444626 2.999310 -0.072290
0.464388 2.907754 -0.144392
0.373403 2.795325 -0.216494
0.282417 2.682897 -0.288597
0.190865 2.569767 -0.361148
0.099312 2.456637 -0.433700
0.007760 2.343508 -0.493748
-0.083793 2.230378 -0.421197
-0.175345 2.117249 -0.348645
-0.266898 2.004119 -0.276093
-0.358450 1.890989 -0.203542
-0.450002 1.777860 -0.130990
-0.458445 1.664730 -0.058438
-0.366893 1.551600 0.014113
-0.274777 1.437775 0.087111
-0.182661 1.323949 0.160110
-0.090545 1.210123 0.233108
0.001571 1.096297 0.306106
0.093687 0.982471 0.379104
0.185803 0.868646 0.452102
0.277919 0.754820 0.474900
0.370035 0.640994 0.401902
0.462151 0.527168 0.328904
0.445733 0.413343 0.255906
0.353058 0.298825 0.182464
0.260382 0.184308 0.109022
0.167706 0.069790 0.035580
0.075030 -0.044728 -0.037862
-0.017645 -0.159245 -0.111304
-0.110321 -0.273763 -0.184746
-0.202997 -0.388280 -0.258187
-0.295673 -0.497202 -0.331629
-0.388349 -0.382685 -0.405071
-0.481024 -0.268167 -0.478513
-0.425743 -0.152962 -0.447604
-0.332511 -0.037756 -0.373721
-0.239279 0.077449 -0.299838
-0.146046 0.192654 -0.225955
-0.052814 0.307860 -0.152072
0.040419 0.423065 -0.078189
0.133651 0.538271 -0.004306
0.226884 0.653476 0.069577
0.320116 0.768682 0.143459
0.413348 0.883887 0.217342
0.492866 0.999777 0.291664
0.399080 1.115666 0.365985
0.305294 1.231555 0.440306
0.211508 1.347445 0.485372
0.117723 1.463334 0.411051
0.023937 1.579223 0.336730
-0.069849 1.695113 0.262408
-0.163635 1.811002 0.188087
-0.257421 1.926891 0.113765
-0.351206 2.042780 0.039444
-0.445542 2.159350 -0.035313
-0.460122 2.275920 -0.110071
-0.365786 2.392490 -0.184828
-0.271450 2.509060 -0.259585
-0.177114 2.625630 -0.334343
-0.082778 2.742200 -0.409100
0.011558 2.858770 -0.483857
0.105894 2.975340 -0.441385
0.200229 3.091910 -0.366628
0.294565 3.011665 -0.291871
0.389448 2.894420 -0.216680
0.484331 2.777175 -0.141489
0.420786 2.659930 -0.066298
0.325903 2.542686 0.008892
0.231020 2.425441 0.084083
0.136138 2.308196 0.159274
0.041255 2.190952 0.234464
-0.053628 2.073707 0.309655
-0.148510 1.956462 0.384846
-0.243393 1.839217 0.460036
-0.338819 1.721300 0.464342
-0.434246 1.603383 0.388720
-0.470328 1.485466 0.313099
-0.374901 1.367549 0.237477
-0.279475 1.249632 0.161856
-0.184048 1.131715 0.086234
-0.088622 1.013798 0.010612
0.006805 0.895881 -0.065009
0.102231 0.777965 -0.140631
0.197658 0.660049 -0.216252
0.293625 0.541464 -0.292302
0.389592 0.422879 -0.368353
0.485559 0.304295 -0.444403
0.418474 0.185710 -0.479547
0.322507 0.067125 -0.403497
0.226540 -0.051459 -0.327447
0.130573 -0.170044 -0.251397
0.034606 -0.288628 -0.175347
-0.061361 -0.407213 -0.099296
-0.157329 -0.474202 -0.023246
-0.253833 -0.354953 0.053230
-0.350338 -0.235705 0.129706
-0.446843 -0.116456 0.206182
-0.456653 0.002793 0.282658
-0.360148 0.122042 0.359134
-0.263643 0.241291 0.435610
-0.167138 0.360540 0.487914
-0.070634 0.479789 0.411438
0.025871 0.599038 0.334962
0.122376 0.718286 0.258486
0.219415 0.838196 0.181586
0.316455 0.958106 0.104686
0.413494 1.078015 0.027786
0.489466 1.197924 -0.049114
0.392427 1.317833 -0.126014
0.295388 1.437742 -0.202913
0.198348 1.557651 -0.279813
0.101309 1.677560 -0.356713
0.004269 1.797469 -0.433613
-0.092770 1.917378 -0.489487
-0.190341 2.037945 -0.412166
-0.287912 2.158511 -0.334845
-0.385483 2.279077 -0.257524
-0.483054 2.399642 -0.180202
-0.419375 2.520208 -0.102881
-0.321804 2.640774 -0.025560
-0.224233 2.761340 0.051761
-0.126661 2.881906 0.129082
-0.029090 3.002472 0.206404
0.068481 3.123038 0.283725
0.166581 3.244257 0.361465
0.264681 3.365476 0.439205
0.362781 3.486695 0.483054
0.460881 3.387726 0.405314
0.441019 3.266507 0.327574
0.342919 3.145288 0.249834
0.244819 3.024068 0.172093
0.146719 2.902849 0.094353
0.048619 2.781630 0.016613
-0.049481 2.660411 -0.061127
-0.148107 2.538541 -0.139285
-0.246733 2.416671 -0.217442
-0.345359 2.294801 -0.295599
-0.443985 2.172931 -0.373756
-0.457389 2.051061 -0.451913
-0.358763 1.929191 -0.469929
-0.260137 1.807321 -0.391772
-0.161511 1.685451 -0.313615
-0.062885 1.563581 -0.235458
0.035741 1.441710 -0.157301
0.134890 1.319194 -0.078729
0.234040 1.196678 -0.000157
0.333189 1.074162 0.078415
0.432338 0.951646 0.156986
0.468512 0.829129 0.235558
0.369363 0.706612 0.314130
0.270214 0.584095 0.392701
0.171064 0.461579 0.471273
0.071915 0.339062 0.450155
-0.027234 0.216545 0.371583
-0.126904 0.093385 0.292599
-0.226573 -0.029774 0.213615
-0.326243 -0.152934 0.134631
-0.425913 -0.276094 0.055646
-0.474418 -0.399254 -0.023338
-0.374748 -0.477586 -0.102322
-0.275078 -0.354427 -0.181306
-0.175408 -0.231267 -0.260290
-0.075739 -0.108107 -0.339275
0.023931 0.015053 -0.418259
0.124118 0.138852 -0.497653
0.224306 0.262652 -0.422952
0.324493 0.386451 -0.343558
0.424681 0.510251 -0.264163
0.475132 0.634050 -0.184768
0.374945 0.757850 -0.105374
0.274757 0.881649 -0.025979
0.174570 1.005449 0.053415
0.074382 1.129249 0.132810
-0.025805 1.253049 0.212204
-0.126508 1.377485 0.292007
-0.227211 1.501922 0.371809
-0.327913 1.626359 0.451612
-0.428616 1.750795 0.468585
-0.470682 1.875232 0.388783
-0.369979 1.999668 0.308980
-0.343490 2.009008 0.282758
-0.428323 1.845704 0.336907
-0.486845 1.682401 0.391056
-0.402013 1.519097 0.445204
-0.316749 1.354961 0.499628
-0.231485 1.190826 0.445947
-0.146221 1.026690 0.391523
-0.060957 0.862555 0.337099
0.024307 0.698420 0.282675
0.109571 0.534285 0.228251
0.194835 0.370150 0.173827
0.280099 0.206014 0.119402
0.365363 0.041879 0.064978
0.450627 -0.122256 0.010554
0.463680 -0.287218 -0.044144
0.377986 -0.452180 -0.098843
0.292293 -0.382858 -0.153541
0.206599 -0.217896 -0.208240
0.120906 -0.052934 -0.262938
0.035212 0.112028 -0.317636
-0.050482 0.276991 -0.372335
-0.136175 0.441953 -0.427033
-0.221869 0.606915 -0.481731
-0.307562 0.771876 -0.463570
-0.393683 0.937661 -0.408599
-0.479804 1.103446 -0.353628
-0.434075 1.269230 -0.298657
-0.347954 1.435015 -0.243685
-0.261833 1.600799 -0.188714
-0.175712 1.766583 -0.133743
-0.089591 1.932368 -0.078772
-0.003470 2.098152 -0.023800
0.082651 2.263937 0.031171
