0.277367 0.313762 0.245307
0.282558 0.338680 0.249644
0.287750 0.332366 0.253982
0.292941 0.177216 0.258320
0.293265 0.012711 0.257089
0.290344 -0.136290 0.252147
0.291948 -0.223809 0.250858
0.296569 -0.277599 0.252005
0.301190 -0.304344 0.253152
0.297642 -0.335075 0.250471
0.285927 -0.364531 0.243962
0.271579 -0.372856 0.235991
0.257230 -0.396463 0.228019
0.266603 -0.432695 0.229551
0.266970 -0.448952 0.257565
0.267336 -0.450689 0.285579
0.267703 -0.451570 0.313592
0.268069 -0.452319 0.341606
0.270682 -0.466908 0.360865
0.273544 -0.483036 0.379152
0.276406 -0.499164 0.397439
0.279710 -0.482214 0.418554
0.283015 -0.463591 0.439670
0.286319 -0.444969 0.460785
0.289624 -0.426346 0.481901
0.292928 -0.407724 0.496984
0.296233 -0.389101 0.475868
0.299537 -0.370478 0.454753
0.302841 -0.351856 0.433637
0.306146 -0.333233 0.412522
0.309450 -0.314611 0.391406
0.313145 -0.319116 0.367798
0.309515 -0.306432 0.386827
0.305071 -0.290025 0.410593
0.300627 -0.273617 0.434359
0.296182 -0.291935 0.458125
0.291738 -0.308342 0.481892
0.287294 -0.324749 0.494342
0.282850 -0.341156 0.470576
0.278406 -0.357563 0.446810
0.273962 -0.373970 0.423044
0.269094 -0.391944 0.397009
0.264225 -0.409917 0.370975
0.259357 -0.427890 0.344941
0.254489 -0.445863 0.318906
0.249621 -0.463836 0.292872
0.244753 -0.481810 0.266837
0.239884 -0.499783 0.240803
0.235016 -0.482244 0.214769
0.230148 -0.464271 0.188734
0.225280 -0.446298 0.162700
0.220022 -0.426884 0.134579
0.214763 -0.407471 0.106459
0.209505 -0.388058 0.078339
0.204247 -0.368645 0.050218
0.198989 -0.349232 0.022098
0.193731 -0.329818 -0.006023
0.188473 -0.310405 -0.034143
0.183214 -0.290992 -0.062263
0.177956 -0.271579 -0.090384
0.172698 -0.252165 -0.118504
0.167077 -0.231412 -0.148566
0.161455 -0.210658 -0.178628
0.155834 -0.189905 -0.208690
0.150213 -0.199640 -0.238752
0.144591 -0.220394 -0.268813
0.138970 -0.241147 -0.298875
0.133349 -0.261901 -0.328937
0.127727 -0.282654 -0.358999
0.122106 -0.303408 -0.389061
0.116485 -0.324161 -0.419123
0.138321 -0.309633 -0.437101
0.163245 -0.291045 -0.453534
0.188169 -0.272457 -0.469966
0.213093 -0.253869 -0.486399
0.238018 -0.235281 -0.497168
0.262942 -0.216693 -0.480736
0.287866 -0.198105 -0.464303
0.312791 -0.179516 -0.447870
0.337715 -0.160928 -0.431437
0.362639 -0.163979 -0.415005
0.388912 -0.183573 -0.397683
0.415184 -0.203167 -0.380362
0.441457 -0.222760 -0.363041
0.467729 -0.242354 -0.345719
0.494002 -0.261947 -0.328398
0.479726 -0.281541 -0.311076
0.453453 -0.301134 -0.293755
0.489585 -0.317510 -0.268996
0.432681 -0.331740 -0.239278
0.354946 -0.345970 -0.209560
0.273417 -0.360895 -0.178391
0.191889 -0.375820 -0.147223
0.110360 -0.390745 -0.116055
0.028831 -0.405669 -0.084886
-0.052698 -0.420594 -0.053718
-0.134226 -0.435519 -0.022550
-0.215755 -0.450443 0.008619
-0.297284 -0.465368 0.039787
-0.378813 -0.480293 0.070955
-0.360175 -0.492160 0.062825
-0.270962 -0.497573 0.026968
-0.181748 -0.487306 -0.008888
-0.092535 -0.477039 -0.044744
-0.003322 -0.466772 -0.080601
0.085891 -0.456505 -0.116457
0.175105 -0.446238 -0.152313
0.264318 -0.435971 -0.188170
0.353531 -0.425704 -0.224026
0.442745 -0.415437 -0.259882
0.468042 -0.405171 -0.295739
0.375186 -0.394485 -0.333059
0.282330 -0.383799 -0.370380
0.189473 -0.373113 -0.407700
0.096617 -0.362427 -0.445021
0.003761 -0.351741 -0.482342
-0.089095 -0.341055 -0.480338
-0.181951 -0.330369 -0.443017
-0.084255 -0.319882 -0.397824
0.013442 -0.309395 -0.352630
0.111139 -0.298909 -0.307436
0.212523 -0.288026 -0.260537
0.313908 -0.277143 -0.213637
0.415292 -0.266261 -0.166737
0.483323 -0.255378 -0.119837
0.381938 -0.244496 -0.072938
0.280554 -0.233613 -0.026038
0.179169 -0.222730 0.020862
0.077785 -0.211848 0.067762
-0.023600 -0.200965 0.114661
-0.124985 -0.190082 0.161561
-0.229928 -0.178818 0.210107
-0.334871 -0.167553 0.258653
-0.439813 -0.156288 0.307199
-0.455244 -0.145024 0.355745
-0.350301 -0.133759 0.404291
-0.245358 -0.122494 0.452837
-0.140415 -0.111230 0.498618
-0.035472 -0.099965 0.450072
0.069471 -0.088701 0.401526
0.174414 -0.077436 0.352980
0.282799 -0.065802 0.302842
0.391184 -0.054168 0.252704
0.499569 -0.042534 0.202566
0.392047 -0.030900 0.152428
0.283662 -0.019266 0.102290
0.175277 -0.007632 0.052152
0.066892 0.004002 0.002014
-0.041492 0.015636 -0.048124
-0.149877 0.027270 -0.098261
-0.258262 0.038904 -0.148399
-0.369982 0.050897 -0.200080
-0.481702 0.062889 -0.251761
-0.406578 0.074881 -0.303442
-0.294857 0.086873 -0.355124
-0.183137 0.098865 -0.406805
-0.071416 0.110857 -0.458486
0.040304 0.122849 -0.489833
0.152024 0.123920 -0.438152
0.263745 0.111904 -0.386471
0.375465 0.099911 -0.334790
0.490424 0.087572 -0.281611
0.394616 0.075232 -0.228431
0.279657 0.062892 -0.175252
0.164697 0.050552 -0.122073
0.049738 0.038213 -0.068894
-0.065221 0.025873 -0.015714
-0.180181 0.013533 0.037465
-0.295140 0.001193 0.090644
-0.410100 -0.011147 0.143824
-0.474941 -0.023486 0.197003
-0.356831 -0.036164 0.251639
-0.238722 -0.048842 0.306276
-0.120612 -0.061520 0.360913
-0.002503 -0.074198 0.415549
0.115607 -0.086876 0.470186
0.233716 -0.099554 0.475178
0.351826 -0.112232 0.420541
0.469936 -0.124910 0.365904
0.411955 -0.137587 0.311268
0.293845 -0.150265 0.256631
0.172668 -0.163273 0.200575
0.051490 -0.176280 0.144519
-0.069688 -0.189287 0.088464
-0.190866 -0.202294 0.032408
-0.312044 -0.215301 -0.023648
-0.433221 -0.228309 -0.079704
-0.491445 -0.235449 -0.118462
-0.400511 -0.219124 -0.088026
-0.292467 -0.202798 -0.057590
-0.184423 -0.186472 -0.027154
-0.073711 -0.169743 0.004034
0.037000 -0.153015 0.035221
0.147712 -0.136286 0.066409
0.258424 -0.119557 0.097596
0.369136 -0.102828 0.128784
0.479848 -0.086099 0.159971
0.409440 -0.069370 0.191159
0.298728 -0.052642 0.222346
0.188016 -0.035913 0.253534
0.077304 -0.019184 0.284721
-0.036014 -0.002061 0.316643
-0.149331 0.015061 0.348565
-0.262648 0.032184 0.380486
-0.375965 0.049306 0.412408
-0.489283 0.066429 0.444329
-0.397400 0.083551 0.476251
-0.284082 0.100674 0.491828
-0.170765 0.117796 0.459906
-0.057448 0.134919 0.427984
0.055869 0.152041 0.396063
-0.033064 0.119096 0.449130
-0.109732 0.086206 0.499703
-0.126103 0.105410 0.473626
-0.154999 0.137510 0.447317
-0.183894 0.169610 0.421009
-0.212790 0.201710 0.394700
-0.241686 0.233810 0.368391
-0.270582 0.265910 0.342082
-0.299478 0.298010 0.315773
-0.328373 0.330110 0.289464
-0.357891 0.362901 0.262589
-0.387408 0.395692 0.235715
-0.416926 0.428482 0.208840
-0.446443 0.461273 0.181965
-0.475960 0.461668 0.155090
-0.494522 0.428878 0.128216
-0.465005 0.396087 0.101341
-0.435487 0.363297 0.074466
-0.405970 0.330506 0.047591
-0.376453 0.297715 0.020717
-0.346327 0.264249 -0.006712
-0.316201 0.230782 -0.034141
-0.286075 0.197316 -0.061570
-0.255949 0.163849 -0.088999
-0.225823 0.130382 -0.116428
-0.195697 0.096916 -0.143857
-0.165571 0.063449 -0.171286
-0.135445 0.029982 -0.198714
-0.105319 -0.003484 -0.226143
-0.075193 -0.036951 -0.253572
-0.044470 -0.071080 -0.281544
-0.013747 -0.105210 -0.309517
0.016975 -0.139339 -0.337489
0.047698 -0.173469 -0.365461
0.078421 -0.207598 -0.393433
0.109143 -0.241728 -0.421405
0.139866 -0.275857 -0.449377
0.170588 -0.309986 -0.477350
0.201311 -0.344116 -0.494678
0.232034 -0.378245 -0.466706
0.263342 -0.413024 -0.438201
0.294650 -0.447804 -0.409696
0.325957 -0.482584 -0.381191
0.357265 -0.482637 -0.352686
0.388573 -0.447857 -0.324181
0.419881 -0.413077 -0.295676
0.451189 -0.378298 -0.267171
0.482497 -0.343518 -0.238666
0.486195 -0.308739 -0.210161
0.454887 -0.273959 -0.181656
0.423004 -0.238541 -0.152628
0.391122 -0.203124 -0.123600
0.359239 -0.167706 -0.094572
0.327357 -0.132288 -0.065544
0.295474 -0.096871 -0.036516
0.263592 -0.061453 -0.007488
0.231709 -0.026035 0.021540
0.199827 0.009383 0.050568
0.167945 0.044800 0.079596
0.136062 0.080218 0.108625
0.103616 0.116263 0.138166
0.071169 0.152307 0.167708
0.038722 0.188352 0.197250
0.006275 0.224397 0.226792
-0.026171 0.260442 0.256334
-0.058618 0.296486 0.285876
-0.091065 0.332531 0.315417
-0.123511 0.368576 0.344959
-0.155958 0.404620 0.374501
-0.188405 0.440665 0.404043
-0.221406 0.477326 0.434090
-0.254408 0.513987 0.464137
-0.287409 0.550648 0.494184
-0.320410 0.587309 0.475769
-0.353411 0.623970 0.445722
-0.386413 0.660631 0.415675
-0.419414 0.697292 0.385628
-0.452415 0.733953 0.355581
-0.485417 0.770614 0.325534
-0.481582 0.807275 0.295487
-0.448035 0.786736 0.264943
-0.414488 0.749469 0.234400
-0.380941 0.712203 0.203856
-0.347394 0.674936 0.173313
-0.313847 0.637670 0.142769
-0.280300 0.600403 0.112226
-0.246753 0.563136 0.081682
-0.213206 0.525870 0.051139
-0.179659 0.488603 0.020595
-0.146112 0.451336 -0.009948
-0.112028 0.413473 -0.040981
-0.077945 0.375610 -0.072013
-0.043861 0.337746 -0.103045
-0.009777 0.299883 -0.134077
0.024306 0.262020 -0.165110
0.058390 0.224157 -0.196142
0.092474 0.186294 -0.227174
0.126558 0.148431 -0.258206
0.160641 0.110567 -0.289239
0.194725 0.072704 -0.320271
0.229337 0.034254 -0.351785
0.263949 -0.004196 -0.383298
0.298561 -0.042646 -0.414812
0.333173 -0.081097 -0.446325
0.367786 -0.119547 -0.477839
0.402398 -0.157997 -0.490648
0.437010 -0.196447 -0.459134
0.471622 -0.234898 -0.427620
0.493766 -0.273348 -0.396107
0.459154 -0.311798 -0.364593
0.424021 -0.350827 -0.332606
0.388888 -0.389855 -0.300618
0.353756 -0.428884 -0.268631
0.318623 -0.467912 -0.236644
0.283490 -0.493059 -0.204656
0.248357 -0.454031 -0.172669
0.213225 -0.415002 -0.140682
0.178092 -0.375974 -0.108695
0.142959 -0.336945 -0.076707
0.107827 -0.297917 -0.044720
0.072181 -0.258318 -0.012266
0.036536 -0.218720 0.020189
0.000890 -0.179122 0.052643
-0.034756 -0.139524 0.085097
-0.070401 -0.099925 0.117552
-0.106047 -0.060327 0.150006
-0.086888 -0.088450 0.134326
-0.054029 -0.133503 0.106611
-0.021170 -0.178556 0.078897
0.011689 -0.223609 0.051183
0.045015 -0.269301 0.023076
0.078340 -0.314993 -0.005032
0.111665 -0.360685 -0.033139
0.144991 -0.406377 -0.061247
0.178316 -0.452069 -0.089354
0.211642 -0.497761 -0.117461
0.244967 -0.456547 -0.145569
0.278292 -0.410855 -0.173676
0.311618 -0.365163 -0.201783
0.344943 -0.319470 -0.229891
0.378728 -0.273148 -0.258386
0.412513 -0.226826 -0.286881
0.446298 -0.180503 -0.315376
0.480083 -0.134181 -0.343871
0.486132 -0.087859 -0.372367
0.452347 -0.041536 -0.400862
0.418561 0.004786 -0.429357
0.384776 0.051109 -0.457852
0.350991 0.097431 -0.486347
0.317206 0.143753 -0.485157
0.282967 0.190698 -0.456280
0.248729 0.237642 -0.427402
0.214490 0.284586 -0.398525
0.180252 0.331530 -0.369647
0.146013 0.378475 -0.340770
0.111775 0.425419 -0.311892
0.077536 0.472363 -0.283015
0.043297 0.519307 -0.254137
0.009059 0.566252 -0.225259
-0.025180 0.613196 -0.196382
-0.059866 0.660753 -0.167127
-0.094552 0.708311 -0.137872
-0.129238 0.755869 -0.108617
-0.163924 0.803427 -0.079361
-0.198611 0.850985 -0.050106
-0.233297 0.898543 -0.020851
-0.267983 0.946101 0.008404
-0.302669 0.993659 0.037659
-0.337355 1.041217 0.066914
-0.372041 1.088774 0.096169
-0.407169 1.086418 0.125797
-0.442297 1.038254 0.155425
-0.477425 0.990090 0.185052
-0.487447 0.941926 0.214680
-0.452319 0.893763 0.244308
-0.417191 0.845599 0.273936
-0.382063 0.797435 0.303564
-0.346935 0.749272 0.333191
-0.311807 0.701108 0.362819
-0.276679 0.652945 0.392447
-0.241115 0.604183 0.422442
-0.205550 0.555421 0.452438
-0.169986 0.506659 0.482434
-0.134421 0.457897 0.487570
-0.098857 0.409135 0.457575
-0.063292 0.360373 0.427579
-0.027728 0.311611 0.397583
0.007836 0.262849 0.367588
0.043401 0.214087 0.337592
0.078965 0.165325 0.307596
0.114961 0.115972 0.277237
0.150956 0.066619 0.246877
0.186952 0.017265 0.216518
0.222947 -0.032088 0.186158
0.258943 -0.081441 0.155799
0.294939 -0.130794 0.125439
0.330934 -0.180147 0.095080
0.366930 -0.229501 0.064720
0.402925 -0.278854 0.034361
0.438921 -0.328207 0.004002
0.475342 -0.378144 -0.026717
0.488236 -0.428082 -0.057436
0.451815 -0.478019 -0.088155
0.415394 -0.472043 -0.118873
0.378972 -0.422106 -0.149592
0.342551 -0.372169 -0.180311
0.306129 -0.322231 -0.211030
0.269708 -0.272294 -0.241748
0.233286 -0.222357 -0.272467
0.196865 -0.172419 -0.303186
0.160022 -0.121905 -0.334260
0.123180 -0.071390 -0.365334
0.086337 -0.020876 -0.396408
0.049495 0.029639 -0.427482
0.012652 0.080153 -0.458556
-0.024191 0.130668 -0.489630
-0.061033 0.181183 -0.479296
-0.097876 0.231697 -0.448222
-0.134718 0.282212 -0.417148
-0.111965 0.325212 -0.351595
-0.048776 0.363632 -0.262055
0.014413 0.402051 -0.172514
0.077602 0.440471 -0.082974
0.140791 0.478891 0.006566
0.203980 0.517311 0.096107
0.267169 0.555730 0.185647
0.330359 0.594150 0.275187
0.393548 0.632570 0.364727
0.456737 0.670990 0.454268
0.480074 0.709410 0.456192
0.416186 0.748255 0.365663
0.352298 0.787099 0.275133
0.288411 0.825943 0.184603
0.224523 0.864788 0.094074
0.160636 0.903632 0.003544
0.096749 0.942476 -0.086986
0.032861 0.981321 -0.177516
-0.031026 1.020165 -0.268045
-0.094913 1.059009 -0.358575
-0.158801 1.097854 -0.449105
-0.223379 1.137118 -0.459387
-0.287957 1.176382 -0.367879
-0.352535 1.215646 -0.276370
-0.417113 1.254910 -0.184862
-0.481691 1.294174 -0.093353
-0.453731 1.333438 -0.001845
-0.389153 1.308823 0.089664
-0.324575 1.269560 0.181172
-0.259997 1.230296 0.272680
-0.195419 1.191032 0.364189
-0.130157 1.151352 0.456666
-0.064896 1.111672 0.450857
0.000366 1.071992 0.358380
0.065627 1.032312 0.265904
0.130889 0.992632 0.173427
0.196150 0.952952 0.080950
0.261412 0.913272 -0.011527
0.326673 0.873592 -0.104004
0.391935 0.833912 -0.196481
0.457196 0.794232 -0.288958
0.476866 0.754141 -0.382393
0.410929 0.714050 -0.475828
0.344991 0.673959 -0.430737
0.279053 0.633869 -0.337302
0.213116 0.593778 -0.243867
0.147178 0.553687 -0.150432
0.081240 0.513597 -0.056997
0.015302 0.473506 0.036438
-0.050635 0.433415 0.129874
-0.116573 0.393324 0.223309
-0.183180 0.352826 0.317693
-0.249788 0.312328 0.412076
-0.316395 0.271830 0.493540
-0.383002 0.231332 0.399156
-0.449609 0.190834 0.304773
-0.483783 0.150336 0.210389
-0.417176 0.109838 0.116005
-0.350569 0.069340 0.021621
-0.283961 0.028842 -0.072762
-0.217354 -0.011656 -0.167146
-0.150084 -0.052557 -0.262469
-0.082814 -0.093458 -0.357792
-0.015544 -0.134359 -0.453115
0.051726 -0.175260 -0.451562
0.118996 -0.216161 -0.356239
0.186266 -0.257062 -0.260916
0.253536 -0.297963 -0.165593
0.320806 -0.338864 -0.070270
0.388076 -0.379765 0.025053
0.455346 -0.420666 0.120376
0.488575 -0.412567 0.207523
0.440845 -0.289202 0.273422
0.393116 -0.165838 0.339321
0.345386 -0.042474 0.405220
0.297656 0.080891 0.471119
0.249926 0.204255 0.462981
0.202196 0.327619 0.397082
0.154466 0.450984 0.331183
0.106736 0.574348 0.265284
0.059006 0.697712 0.199385
0.010819 0.822258 0.132855
-0.037368 0.946803 0.066325
-0.085555 1.071348 -0.000205
-0.133741 1.195893 -0.066735
-0.181928 1.320438 -0.133265
-0.230115 1.444983 -0.199795
-0.278302 1.569528 -0.266324
-0.326488 1.503280 -0.332854
-0.374675 1.378735 -0.399384
-0.422862 1.254190 -0.465914
-0.471501 1.128475 -0.466932
-0.479860 1.002761 -0.399777
-0.431220 0.877046 -0.332623
-0.382581 0.751332 -0.265468
-0.333942 0.625617 -0.198314
-0.285303 0.499903 -0.131159
-0.236664 0.374188 -0.064005
-0.188025 0.248474 0.003150
-0.139385 0.122759 0.070305
-0.090746 -0.002955 0.137459
-0.041659 -0.129828 0.205233
0.007429 -0.256701 0.273006
0.056516 -0.383574 0.340780
0.105604 -0.489553 0.408553
0.154692 -0.362680 0.476326
0.203779 -0.235807 0.455900
0.252867 -0.108934 0.388127
0.301954 0.017939 0.320353
0.351041 0.144812 0.252580
0.400129 0.271686 0.184806
0.449661 0.399707 0.116419
0.499192 0.527728 0.048033
0.451276 0.655749 -0.020354
0.401744 0.783771 -0.088741
0.352212 0.911792 -0.157128
0.302681 1.039813 -0.225515
0.253149 1.167834 -0.293902
0.203617 1.295856 -0.362288
0.154085 1.423877 -0.430675
0.104553 1.551898 -0.499062
0.054581 1.667887 -0.431943
0.004609 1.538728 -0.362949
-0.045363 1.409568 -0.293954
-0.095335 1.280408 -0.224959
-0.145307 1.151248 -0.155964
-0.195279 1.022089 -0.086969
-0.245251 0.892930 -0.017975
-0.295223 0.763771 0.051020
-0.345195 0.634611 0.120015
-0.395167 0.505452 0.189010
-0.445575 0.375165 0.258607
-0.495984 0.244878 0.328204
-0.453608 0.114590 0.397802
-0.403199 -0.015697 0.467399
-0.352790 -0.145984 0.463004
-0.302382 -0.276272 0.393406
-0.251973 -0.406559 0.323809
-0.201565 -0.463154 0.254212
-0.210143 -0.483768 0.269032
-0.258045 -0.395016 0.340131
-0.306359 -0.272760 0.411840
-0.354672 -0.150503 0.483549
-0.402985 -0.028247 0.444742
-0.451299 0.094009 0.373033
-0.499612 0.216266 0.301323
-0.452074 0.338522 0.229614
-0.403761 0.460778 0.157905
-0.355447 0.583034 0.086196
-0.307134 0.705291 0.014487
-0.258821 0.827547 -0.057222
-0.210099 0.950835 -0.129537
-0.161378 1.074123 -0.201851
-0.112657 1.197412 -0.274165
-0.063936 1.320701 -0.346480
-0.015215 1.443989 -0.418794
0.033506 1.567278 -0.491109
0.082228 1.690567 -0.436577
0.130949 1.786068 -0.364262
0.179670 1.662779 -0.291948
0.228391 1.539491 -0.219634
0.277517 1.415179 -0.146719
0.326642 1.290868 -0.073805
0.375768 1.166556 -0.000890
0.424893 1.042245 0.072024
0.474019 0.917933 0.144939
0.476856 0.793622 0.217854
0.427730 0.669311 0.290768
0.378604 0.544999 0.363682
0.329479 0.420688 0.436597
0.280353 0.296377 0.490489
0.230827 0.171051 0.416979
0.181300 0.045725 0.343469
0.131774 -0.079601 0.269960
0.082247 -0.204927 0.196450
0.032721 -0.330253 0.122940
-0.016806 -0.455579 0.049430
-0.066333 -0.419095 -0.024079
-0.115859 -0.293769 -0.097589
-0.302857 -0.280724 -0.341211
-0.489856 -0.267678 -0.415167
-0.321644 -0.254528 -0.169588
-0.133144 -0.241378 0.075991
0.055357 -0.228228 0.321570
0.243857 -0.215078 0.432851
0.432357 -0.201927 0.187272
0.379143 -0.188777 -0.058307
0.190642 -0.175627 -0.303886
0.002142 -0.162477 -0.450535
-0.186358 -0.149327 -0.204956
-0.374859 -0.136177 0.040623
-0.435151 -0.122923 0.288143
-0.245161 -0.109669 0.464336
-0.055170 -0.096415 0.216816
0.134820 -0.083160 -0.030705
0.324811 -0.069906 -0.278225
0.485199 -0.056652 -0.474255
0.295208 -0.043398 -0.226734
0.105218 -0.030144 0.020786
-0.084772 -0.016890 0.268307
-0.274763 -0.003636 0.484173
-0.466232 0.009721 0.234726
-0.342299 0.023079 -0.014720
-0.150830 0.036436 -0.264167
0.040639 0.049793 -0.486386
0.232109 0.063150 -0.236940
0.423578 0.076507 0.012507
0.384953 0.089865 0.261954
0.193484 0.103222 0.488600
0.002015 0.116579 0.239153
-0.189454 0.129936 -0.010293
-0.382390 0.143396 -0.261652
-0.424673 0.156856 -0.486990
-0.231737 0.170315 -0.235632
-0.038801 0.183775 0.015726
0.154136 0.197235 0.267084
0.347072 0.210694 0.481558
0.459992 0.224154 0.230199
0.267055 0.237613 -0.021159
0.074119 0.251073 -0.272517
-0.118817 0.264533 -0.476125
-0.313210 0.278094 -0.222870
-0.492398 0.291655 0.030386
-0.298005 0.305216 0.283641
-0.103613 0.318778 0.463104
0.090779 0.332339 0.209848
0.285172 0.345900 -0.043407
0.479564 0.359461 -0.296662
0.326043 0.373023 -0.450083
0.131651 0.386584 -0.196827
-0.062742 0.400145 0.056428
-0.258579 0.413807 0.311566
-0.454417 0.427469 0.433296
-0.349745 0.441131 0.178157
-0.153908 0.454793 -0.076981
0.041930 0.468455 -0.332119
0.237768 0.482117 -0.412743
0.433605 0.495779 -0.157604
0.370557 0.509441 0.097534
0.174719 0.523103 0.352672
-0.021118 0.536765 0.392190
-0.218391 0.550527 0.135182
-0.415663 0.564289 -0.121825
-0.387064 0.578051 -0.378833
-0.189791 0.591813 -0.364160
0.007481 0.605576 -0.107153
0.204754 0.619338 0.149855
0.402026 0.633100 0.406862
0.400701 0.646862 0.336130
0.203429 0.660624 0.079123
0.006156 0.674386 -0.177885
-0.192540 0.688248 -0.436747
-0.391237 0.702109 -0.304390
-0.410066 0.715971 -0.045527
-0.211369 0.729833 0.213336
-0.012672 0.743694 0.472199
0.186025 0.757556 0.268938
0.384722 0.771418 0.010075
0.416582 0.785279 -0.248789
0.217885 0.799141 -0.492348
0.019188 0.813003 -0.233486
-0.180923 0.826963 0.027220
-0.381034 0.840923 0.287925
-0.418855 0.854883 0.451369
-0.218744 0.868843 0.190664
-0.018633 0.882803 -0.070042
0.181478 0.896763 -0.330747
0.381589 0.910723 -0.408547
0.418300 0.924683 -0.147842
0.218189 0.938643 0.112863
0.018078 0.952603 0.373569
-0.183437 0.966661 0.363896
-0.384953 0.980719 0.101361
-0.413532 0.994778 -0.161174
-0.212017 1.008836 -0.423709
-0.010501 1.022895 -0.313756
0.191014 1.036953 -0.051221
0.392529 1.051011 0.211314
0.405955 1.065070 0.473849
0.204440 1.079128 0.263616
0.002925 1.093186 0.001081
-0.199985 1.107341 -0.263271
-0.402895 1.121496 -0.472377
-0.394195 1.135651 -0.208025
-0.191285 1.149806 0.056327
0.011625 1.163961 0.320679
0.214535 1.178116 0.414970
0.417445 1.192271 0.150618
0.379645 1.206426 -0.113734
0.176735 1.220580 -0.378086
-0.026175 1.234735 -0.357562
0.014429 1.185476 -0.444045
0.116258 1.120339 -0.129514
0.218086 1.055202 0.185017
0.319915 0.990065 0.499548
0.421744 0.924927 0.185922
0.476427 0.859790 -0.128609
0.374598 0.794653 -0.443140
0.272769 0.729516 -0.242329
0.170941 0.664379 0.072202
0.069112 0.599242 0.386732
-0.033403 0.533666 0.296619
-0.135917 0.468090 -0.020030
-0.238432 0.402514 -0.336679
-0.340946 0.336938 -0.346672
-0.443461 0.271361 -0.030023
-0.454024 0.205785 0.286626
-0.351510 0.140209 0.396725
-0.248995 0.074633 0.080076
-0.146481 0.009057 -0.236573
-0.043966 -0.056519 -0.446778
0.059229 -0.122531 -0.128025
0.162425 -0.188542 0.190728
0.265621 -0.254554 0.490519
0.368816 -0.320566 0.171766
0.472012 -0.386578 -0.146987
0.424792 -0.452590 -0.465740
0.321597 -0.481398 -0.215507
0.218401 -0.415386 0.103246
0.115205 -0.349375 0.421999
0.012010 -0.283363 0.259249
-0.091863 -0.216918 -0.061595
-0.195735 -0.150473 -0.382438
-0.299608 -0.084029 -0.296719
-0.403480 -0.017584 0.024124
-0.492648 0.048861 0.344967
-0.388775 0.115305 0.334190
-0.284903 0.181750 0.013346
-0.181030 0.248195 -0.307497
-0.077158 0.314639 -0.371660
0.026715 0.381084 -0.050817
0.131259 0.447958 0.272103
0.235804 0.514833 0.404977
0.340349 0.581708 0.082058
0.444894 0.648582 -0.240862
0.450562 0.715457 -0.436218
0.346017 0.782332 -0.113298
0.241472 0.849206 0.209622
0.136927 0.916081 0.467459
0.032383 0.982955 0.144539
-0.072162 1.049830 -0.178381
-0.177375 1.117132 -0.496636
-0.282588 1.184434 -0.171652
-0.387800 1.251736 0.153331
-0.493013 1.319038 0.478314
-0.401775 1.386340 0.196703
-0.296562 1.453642 -0.128281
-0.191349 1.520944 -0.453264
-0.086136 1.588246 -0.221753
0.019076 1.655548 0.103230
0.124289 1.722850 0.428214
0.230166 1.790577 0.244753
0.336042 1.858303 -0.082281
0.441919 1.926029 -0.409315
0.452204 1.993756 -0.263652
0.346328 2.061483 0.063382
0.240451 2.129211 0.390416
0.134575 2.196939 0.282551
0.028698 2.264666 -0.044483
-0.077179 2.332394 -0.371517
-0.183055 2.400121 -0.301449
-0.289591 2.468271 0.027622
-0.396128 2.536420 0.356693
-0.497336 2.604570 0.314236
-0.390800 2.672719 -0.014836
-0.284264 2.740869 -0.343907
-0.177728 2.809019 -0.327022
-0.071192 2.877168 0.002049
0.035345 2.945318 0.331121
0.141881 3.013467 0.339808
0.248417 3.081617 0.010737
0.355609 3.146838 -0.320360
0.462801 3.078269 -0.348544
0.430007 3.009700 -0.017448
0.322816 2.941131 0.313649
0.215624 2.872561 0.355255
0.108432 2.803992 0.024159
0.001240 2.735423 -0.306938
-0.105952 2.666854 -0.361966
-0.213144 2.598285 -0.030870
-0.320335 2.529716 0.300227
-0.428179 2.460732 0.366664
-0.463977 2.391747 0.033555
-0.356134 2.322763 -0.299554
-0.248290 2.253779 -0.367337
-0.140447 2.184795 -0.034228
-0.032603 2.115811 0.298881
0.075240 2.046827 0.368009
0.183083 1.977843 0.034900
0.290927 1.908858 -0.298209
0.398771 1.839872 -0.368682
0.492738 1.770473 -0.033572
0.384247 1.701075 0.301538
0.275756 1.631676 0.363353
0.167265 1.562277 0.028243
0.058774 1.492878 -0.306867
-0.049718 1.423479 -0.358023
-0.158209 1.354080 -0.022913
-0.266700 1.284681 0.312197
-0.375191 1.215282 0.352694
-0.483682 1.145884 0.017584
-0.407183 1.076072 -0.319515
-0.298048 1.006261 -0.343387
-0.188913 0.936450 -0.006288
-0.079778 0.866638 0.330810
0.029357 0.796827 0.332091
0.138492 0.727015 -0.005007
0.247628 0.657204 -0.342106
0.356762 0.587393 -0.320795
0.465897 0.517581 0.016303
0.424968 0.447770 0.353402
0.315193 0.377550 0.307523
0.205417 0.307329 -0.031553
0.095642 0.237109 -0.370629
-0.014133 0.166888 -0.290296
-0.123908 0.096668 0.048780
-0.233683 0.026447 0.387856
-0.343458 -0.043773 0.273068
-0.453233 -0.113994 -0.066007
-0.436992 -0.184214 -0.405083
-0.327217 -0.254435 -0.255841
-0.216805 -0.325063 0.085200
-0.106393 -0.395690 0.426241
0.004018 -0.466318 0.232717
0.114430 -0.463055 -0.108324
0.224841 -0.392427 -0.449366
0.335253 -0.321799 -0.209593
0.445664 -0.251172 0.131448
0.443924 -0.180544 0.472490
0.333512 -0.109916 0.186469
0.223101 -0.039289 -0.154572
0.112056 0.031744 -0.497568
0.001012 0.102776 -0.159436
-0.110032 0.173808 0.183560
-0.221077 0.244841 0.473444
-0.332121 0.315873 0.130448
-0.443165 0.386905 -0.212547
-0.445790 0.457938 -0.444457
-0.334746 0.528970 -0.101461
-0.223702 0.600002 0.241535
-0.112657 0.671034 0.415469
-0.000984 0.742469 0.070530
0.110690 0.813904 -0.274409
0.222363 0.885339 -0.380652
0.334036 0.956774 -0.035712
0.445710 1.028209 0.309227
0.442617 1.099644 0.345834
0.330943 1.171079 0.000895
0.219270 1.242514 -0.344044
0.107596 1.313949 -0.311016
-0.004077 1.385384 0.033923
-0.116376 1.457219 0.380794
-0.228675 1.529055 0.272334
-0.340974 1.600890 -0.074538
-0.453273 1.672726 -0.421409
-0.434428 1.744561 -0.231719
-0.322129 1.816397 0.115152
-0.209829 1.888232 0.462024
-0.097530 1.960068 0.191104
0.014769 2.031903 -0.155767
0.127068 2.103739 -0.497361
0.239989 2.175972 -0.148568
0.352910 2.248206 0.200225
0.465832 2.320440 0.450981
0.421247 2.392673 0.102188
0.308326 2.464907 -0.246605
0.195405 2.537141 -0.404601
0.082483 2.609375 -0.055808
-0.030438 2.681608 0.292985
-0.143359 2.753842 0.358222
-0.256280 2.826076 0.009428
-0.369820 2.898705 -0.341276
-0.483360 2.971334 -0.308019
-0.403100 3.043964 0.042685
-0.289560 3.116593 0.393390
-0.176020 3.189223 0.255906
-0.062480 3.261852 -0.094799
0.051060 3.334482 -0.445503
0.164600 3.407111 -0.203792
0.278140 3.479741 0.146912
0.391680 3.552370 0.497617
0.494164 3.512755 0.149778
0.380009 3.439733 -0.202828
0.265853 3.366710 -0.444567
0.151698 3.293687 -0.091961
0.037543 3.220664 0.260644
-0.076613 3.147641 0.386750
-0.190768 3.074618 0.034145
-0.304924 3.001595 -0.318461
-0.419079 2.928573 -0.328934
-0.466766 2.855550 0.023672
-0.351998 2.782136 0.378168
-0.237231 2.708722 0.267336
-0.122463 2.635308 -0.087160
-0.007696 2.561894 -0.441656
0.107072 2.488481 -0.203848
0.221839 2.415067 0.150648
0.336607 2.341653 0.494856
0.451374 2.268239 0.140360
0.433858 2.194825 -0.214136
0.319091 2.121411 -0.431368
0.203714 2.047609 -0.074991
0.088338 1.973806 0.281385
-0.027038 1.900002 0.362238
-0.142415 1.826199 0.005861
-0.257791 1.752395 -0.350516
-0.373167 1.678591 -0.293108
-0.488544 1.604788 0.063269
-0.396080 1.530984 0.419646
-0.280703 1.457180 0.223978
-0.165327 1.383377 -0.132399
-0.049345 1.309186 -0.490646
0.066637 1.234994 -0.151106
0.182619 1.160803 0.207141
0.298601 1.086612 0.434611
0.414583 1.012421 0.076364
0.469435 0.938230 -0.281884
0.353453 0.864039 -0.359869
0.237471 0.789848 -0.001622
0.121489 0.715657 0.356626
0.005507 0.641466 0.285127
-0.111077 0.566890 -0.074982
-0.227662 0.492313 -0.435090
-0.344246 0.417737 -0.204801
-0.460831 0.343161 0.155307
-0.422585 0.268585 0.484584
-0.306000 0.194009 0.124475
-0.189416 0.119432 -0.235633
-0.072831 0.044856 -0.404258
0.043753 -0.029720 -0.044150
0.160338 -0.104296 0.315959
0.277522 -0.179256 0.322082
0.394706 -0.254216 -0.039878
0.488110 -0.329176 -0.401838
0.370926 -0.404135 -0.236202
0.253743 -0.479095 0.125758
0.136559 -0.445945 0.487718
0.019375 -0.370986 0.150322
-0.097809 -0.296026 -0.211638
-0.214993 -0.221066 -0.426402
-0.332177 -0.146107 -0.064442
-0.449957 -0.070765 0.299360
-0.432263 0.004576 0.336838
-0.314482 0.079917 -0.026964
-0.196702 0.155258 -0.390766
-0.078922 0.230599 -0.245432
0.038858 0.305940 0.118370
0.156639 0.381282 0.482172
0.274419 0.456623 0.154026
0.392199 0.531964 -0.209776
0.490021 0.607306 -0.426422
0.371647 0.683026 -0.060788
0.253273 0.758747 0.304847
0.134900 0.834467 0.329518
0.016526 0.910188 -0.036116
-0.101848 0.985908 -0.401751
-0.220221 1.061629 -0.232615
-0.338595 1.137349 0.133020
-0.456968 1.213070 0.498655
-0.424658 1.288790 0.135711
-0.306284 1.364511 -0.229924
-0.187320 1.440609 -0.402618
-0.068356 1.516708 -0.035159
0.050608 1.592806 0.332299
0.169572 1.668905 0.300242
0.288536 1.745003 -0.067216
0.407500 1.821102 -0.434674
0.473536 1.897200 -0.197867
0.354572 1.973299 0.169591
0.235608 2.049397 0.462951
