0.043468 -0.362483 0.154868
0.021805 -0.369318 0.167142
0.000141 -0.376152 0.179416
-0.021522 -0.382987 0.191691
-0.043185 -0.389822 0.203965
-0.064849 -0.396656 0.216239
-0.086512 -0.403491 0.228513
-0.108175 -0.410325 0.240788
-0.129839 -0.417160 0.253062
-0.151502 -0.423994 0.265336
-0.173165 -0.430829 0.277610
-0.199698 -0.439199 0.292643
-0.226230 -0.447569 0.307676
-0.252762 -0.455940 0.322709
-0.279294 -0.464310 0.337741
-0.289835 -0.468937 0.345158
-0.263062 -0.464829 0.334804
-0.236289 -0.460721 0.324449
-0.209517 -0.456613 0.314095
-0.186950 -0.441971 0.297157
-0.167188 -0.420307 0.275830
-0.144368 -0.395291 0.251205
-0.121549 -0.370275 0.226579
-0.098729 -0.345259 0.201953
-0.075910 -0.345989 0.177327
-0.053090 -0.371005 0.152701
-0.030271 -0.396021 0.128076
-0.007451 -0.421037 0.103450
0.015368 -0.446052 0.078824
0.031346 -0.453492 0.080239
0.037063 -0.434569 0.120715
0.043454 -0.413412 0.165968
0.049845 -0.392255 0.211221
0.054775 -0.375298 0.247515
0.046560 -0.396140 0.203172
0.038346 -0.416981 0.158829
0.044039 -0.430772 0.125899
0.082185 -0.428111 0.119599
0.120331 -0.425450 0.113298
0.158477 -0.422789 0.106998
0.196623 -0.420128 0.100697
0.238409 -0.417213 0.093796
0.280196 -0.414298 0.086894
0.321983 -0.411383 0.079992
0.363770 -0.408468 0.073090
0.405556 -0.405553 0.066188
0.447343 -0.402638 0.059286
0.489130 -0.399723 0.052385
0.469083 -0.396808 0.045483
0.427297 -0.393893 0.038581
0.385510 -0.390978 0.031679
0.340375 -0.387830 0.024224
0.295240 -0.384681 0.016770
0.250105 -0.381533 0.009315
0.204970 -0.378384 0.001860
0.159835 -0.375235 -0.005595
0.114700 -0.372087 -0.013050
0.069565 -0.368938 -0.020505
0.024430 -0.365790 -0.027959
-0.020704 -0.362641 -0.035414
-0.065839 -0.359492 -0.042869
-0.114091 -0.356126 -0.050839
-0.162342 -0.352760 -0.058808
-0.210593 -0.349394 -0.066778
-0.258844 -0.346028 -0.074747
-0.307096 -0.342661 -0.082717
-0.355347 -0.339295 -0.090686
-0.403598 -0.335929 -0.098656
-0.451849 -0.332563 -0.106625
-0.499900 -0.329197 -0.114595
-0.451649 -0.325831 -0.122564
-0.400471 -0.322260 -0.131017
-0.349293 -0.318690 -0.139470
-0.331631 -0.321105 -0.157446
-0.322348 -0.325017 -0.177802
-0.313066 -0.328928 -0.198158
-0.303783 -0.332840 -0.218514
-0.294501 -0.336751 -0.238871
-0.285218 -0.340663 -0.259227
-0.266761 -0.358589 -0.246999
-0.234541 -0.397536 -0.185895
-0.200578 -0.438590 -0.121486
-0.166615 -0.479644 -0.057077
-0.132652 -0.479302 0.007332
-0.098689 -0.438249 0.071741
-0.064726 -0.397195 0.136149
-0.030763 -0.356141 0.200558
0.003200 -0.315087 0.264967
0.037163 -0.274033 0.329376
0.071126 -0.232979 0.393785
0.105089 -0.191925 0.458194
0.140710 -0.148868 0.474254
0.176330 -0.105810 0.406701
0.211951 -0.062752 0.339148
0.247572 -0.048896 0.271596
0.283192 -0.091953 0.204043
0.318813 -0.135011 0.136491
0.354434 -0.178069 0.068938
0.390054 -0.221126 0.001385
0.425675 -0.264184 -0.066167
0.461295 -0.307242 -0.133720
0.498500 -0.352214 -0.204276
0.464295 -0.397186 -0.274833
0.427091 -0.442159 -0.345389
0.389886 -0.487131 -0.415946
0.352681 -0.467897 -0.486502
0.315477 -0.422924 -0.442942
0.278272 -0.377952 -0.372385
0.241068 -0.332980 -0.301829
0.203863 -0.288007 -0.231272
0.166658 -0.243035 -0.160716
0.127935 -0.196226 -0.087279
0.089211 -0.149418 -0.013841
0.050487 -0.102609 0.059596
0.011764 -0.055800 0.133034
-0.026960 -0.008992 0.206471
-0.065684 0.018774 0.279909
-0.104408 -0.028034 0.353346
-0.143131 -0.074843 0.426784
-0.181855 -0.121652 0.499779
-0.173239 -0.131021 0.496180
-0.115170 -0.101890 0.411582
-0.057102 -0.072759 0.326985
0.000967 -0.043629 0.242387
0.059035 -0.014498 0.157790
0.117104 0.014633 0.073192
0.175172 0.023535 -0.011406
0.233241 -0.005595 -0.096003
0.291309 -0.034726 -0.180601
0.349377 -0.063857 -0.265198
0.407446 -0.092987 -0.349796
0.467552 -0.123140 -0.437363
0.472341 -0.153294 -0.475071
0.412235 -0.183447 -0.387504
0.352128 -0.213600 -0.299937
0.292022 -0.243753 -0.212371
0.231915 -0.273906 -0.124804
0.171809 -0.304059 -0.037237
0.111702 -0.334212 0.050330
0.051596 -0.364365 0.137897
-0.008511 -0.394518 0.225463
-0.070589 -0.425660 0.315902
-0.107089 -0.442957 0.371723
-0.041281 -0.404875 0.289075
0.024527 -0.366793 0.206427
0.090335 -0.328710 0.123778
0.156143 -0.290628 0.041130
0.221951 -0.252546 -0.041519
0.287759 -0.214464 -0.124167
0.353567 -0.176381 -0.206816
0.419375 -0.138299 -0.289464
0.487208 -0.099045 -0.374656
0.444959 -0.059790 -0.459848
0.377125 -0.020536 -0.454960
0.309292 0.018718 -0.369768
0.241458 0.057973 -0.284576
0.173625 0.097227 -0.199384
0.105792 0.127996 -0.114192
0.037958 0.088742 -0.029000
-0.029875 0.049488 0.056192
-0.097708 0.010234 0.141384
-0.167508 -0.030159 0.229046
-0.237308 -0.070551 0.316708
-0.307108 -0.110944 0.404370
-0.376908 -0.151336 0.492032
-0.446709 -0.191728 0.420306
-0.483491 -0.232120 0.332643
-0.413691 -0.272513 0.244981
-0.343891 -0.312905 0.157320
-0.274091 -0.353297 0.069658
-0.204291 -0.393690 -0.018004
-0.132579 -0.435189 -0.108068
-0.060866 -0.476688 -0.198132
0.010847 -0.481813 -0.288197
0.082559 -0.440314 -0.378261
0.154272 -0.398815 -0.468325
0.225985 -0.357316 -0.441611
0.297697 -0.315817 -0.351547
0.369410 -0.274317 -0.261483
0.441123 -0.232818 -0.171419
0.487164 -0.191319 -0.081355
0.413589 -0.148742 0.011049
0.340013 -0.106165 0.103453
0.266437 -0.063587 0.195857
0.192862 -0.021010 0.288260
0.119286 0.021567 0.380664
0.045710 0.064145 0.473068
-0.027865 0.106722 0.434528
-0.101441 0.149299 0.342124
-0.175017 0.191876 0.249720
-0.248592 0.234454 0.157316
-0.323985 0.278082 0.062631
-0.399378 0.321711 -0.032055
-0.474770 0.365340 -0.126741
-0.449837 0.343390 -0.221426
-0.374444 0.299761 -0.316112
-0.299051 0.256133 -0.410798
-0.223659 0.212504 -0.494516
-0.148266 0.168875 -0.399830
-0.072874 0.125247 -0.305144
0.002519 0.081618 -0.210459
0.079686 0.036962 -0.113545
0.156853 -0.007693 -0.016631
0.151052 0.025269 -0.124733
0.136032 0.066856 -0.255616
0.121013 0.108442 -0.386498
0.105994 0.150029 -0.482620
0.090974 0.191615 -0.351737
0.075955 0.233202 -0.220855
0.060936 0.274788 -0.089973
0.045916 0.316374 0.040909
0.030559 0.358895 0.174733
0.015202 0.401417 0.308557
-0.000155 0.443938 0.442381
-0.015512 0.459726 0.423796
-0.030868 0.417205 0.289972
-0.046225 0.374684 0.156148
-0.061582 0.332163 0.022324
-0.076939 0.289642 -0.111499
-0.092296 0.247121 -0.245323
-0.107653 0.204600 -0.379147
-0.123340 0.161164 -0.484151
-0.139027 0.117728 -0.347449
-0.154715 0.074293 -0.210747
-0.170402 0.030857 -0.074045
-0.186089 -0.012578 0.062657
-0.201776 -0.056014 0.199359
-0.217463 -0.099450 0.336061
-0.233151 -0.142885 0.472763
-0.248838 -0.186321 0.390534
-0.264525 -0.229757 0.253832
-0.280536 -0.274088 0.114311
-0.318189 -0.298424 0.054960
-0.406339 -0.276104 0.182672
-0.494490 -0.253783 0.310384
-0.417359 -0.231463 0.438096
-0.329208 -0.209143 0.434192
-0.241058 -0.186823 0.306480
-0.152907 -0.164503 0.178769
-0.064756 -0.142183 0.051057
0.023394 -0.119863 -0.076655
0.113291 -0.097100 -0.206896
0.203187 -0.074338 -0.337137
0.293083 -0.051576 -0.467378
0.382980 -0.028814 -0.402381
0.472876 -0.006052 -0.272141
0.437228 0.016710 -0.141900
0.347331 0.039472 -0.011659
0.257435 0.062234 0.118582
0.167539 0.084997 0.248823
0.077642 0.107759 0.379064
-0.013967 0.130954 0.488214
-0.105575 0.154150 0.355492
-0.197184 0.177346 0.222770
-0.288793 0.200542 0.090048
-0.380402 0.223737 -0.042674
-0.472011 0.246933 -0.175396
-0.436381 0.270129 -0.308118
-0.344772 0.293325 -0.440840
-0.253163 0.316520 -0.426438
-0.161554 0.339716 -0.293716
-0.068264 0.363337 -0.158559
0.025026 0.386959 -0.023402
0.118316 0.410580 0.111756
0.211606 0.434201 0.246913
0.304895 0.457823 0.382071
0.398185 0.481444 0.482772
0.491475 0.505065 0.347614
0.415235 0.528687 0.212457
0.321945 0.552308 0.077300
0.228655 0.575929 -0.057858
0.133714 0.599969 -0.195408
0.038773 0.624009 -0.332957
-0.056168 0.648049 -0.470507
-0.151109 0.672088 -0.391944
-0.246051 0.696128 -0.254394
-0.340992 0.675186 -0.116844
-0.435933 0.651146 0.020706
-0.469126 0.627106 0.158255
-0.374184 0.603067 0.295805
-0.279243 0.579027 0.433355
-0.182679 0.554576 0.426744
-0.086115 0.530126 0.286843
0.010449 0.505676 0.146942
0.107014 0.481225 0.007041
0.203578 0.456775 -0.132860
0.300142 0.432324 -0.272762
0.396706 0.407874 -0.412663
0.493271 0.383423 -0.447436
0.410165 0.358973 -0.307535
0.313601 0.334523 -0.167634
0.215440 0.309668 -0.025420
0.117280 0.284814 0.116793
0.019120 0.259959 0.259007
-0.079041 0.235104 0.401221
-0.177201 0.210250 0.456565
-0.201023 0.228585 0.457475
-0.192985 0.265430 0.480278
-0.184948 0.302275 0.418030
-0.176910 0.339120 0.355783
-0.168872 0.375964 0.293535
-0.160706 0.413399 0.230292
-0.152540 0.450833 0.167048
-0.144373 0.488268 0.103805
-0.136207 0.525702 0.040561
-0.128041 0.563136 -0.022682
-0.119874 0.600570 -0.085926
-0.111708 0.638004 -0.149169
-0.103542 0.675438 -0.212413
-0.095376 0.712872 -0.275656
-0.127529 0.725972 -0.276616
-0.177730 0.728683 -0.250484
-0.227930 0.731395 -0.224353
-0.278130 0.734106 -0.198221
-0.328330 0.736817 -0.172089
-0.378531 0.739529 -0.145957
-0.428731 0.742240 -0.119825
-0.478931 0.744952 -0.093693
-0.470869 0.747663 -0.067561
-0.420669 0.750374 -0.041429
-0.370468 0.753086 -0.015298
-0.319513 0.755838 0.011227
-0.268558 0.758590 0.037752
-0.217603 0.761342 0.064277
-0.166648 0.764094 0.090802
-0.115692 0.766846 0.117327
-0.064737 0.769598 0.143852
-0.013782 0.772350 0.170377
0.037173 0.775101 0.196901
0.088128 0.777853 0.223426
0.139084 0.780605 0.249951
0.190783 0.783398 0.276863
0.242482 0.786190 0.303775
0.294181 0.788983 0.330687
0.345881 0.787275 0.357599
0.397580 0.784482 0.384511
0.449279 0.781690 0.411424
0.499022 0.778897 0.438336
0.447322 0.776105 0.465248
0.395623 0.773312 0.492160
0.343924 0.770520 0.480928
0.291491 0.767688 0.453634
0.239059 0.764856 0.426340
0.186626 0.762024 0.399046
0.134194 0.759193 0.371753
0.081761 0.756361 0.344459
0.029329 0.753529 0.317165
-0.023104 0.750697 0.289871
-0.075536 0.747865 0.262577
-0.127969 0.745033 0.235283
-0.180401 0.742202 0.207989
-0.233557 0.739330 0.180319
-0.286713 0.736459 0.152649
-0.339868 0.733588 0.124978
-0.393024 0.730717 0.097308
-0.446180 0.727846 0.069638
-0.499336 0.724975 0.041967
-0.447509 0.722104 0.014297
-0.394353 0.719232 -0.013374
-0.341197 0.716361 -0.041044
-0.288042 0.713490 -0.068714
-0.234172 0.710580 -0.096756
-0.180303 0.707670 -0.124798
-0.126434 0.704760 -0.152840
-0.072564 0.701850 -0.180881
-0.018695 0.698941 -0.208923
0.035174 0.696031 -0.236965
0.089043 0.693121 -0.265007
0.142913 0.690211 -0.293049
0.196782 0.687301 -0.321091
0.250651 0.684391 -0.349132
0.305225 0.681444 -0.377541
0.359798 0.678496 -0.405949
0.414372 0.675549 -0.434358
0.468945 0.672601 -0.462766
0.476481 0.669654 -0.491175
0.421908 0.666706 -0.480417
0.367335 0.663759 -0.452008
0.312761 0.660811 -0.423600
0.258188 0.657864 -0.395191
0.203614 0.654917 -0.366783
0.148346 0.651932 -0.338013
0.093077 0.648947 -0.309242
0.037808 0.645962 -0.280472
-0.017460 0.642977 -0.251702
-0.072729 0.639992 -0.222932
-0.127998 0.637007 -0.194161
-0.183267 0.634022 -0.165391
-0.238535 0.631037 -0.136621
-0.293804 0.628052 -0.107850
-0.349073 0.625067 -0.079080
-0.405028 0.622044 -0.049953
-0.460983 0.619021 -0.020825
-0.483061 0.615999 0.008303
-0.427106 0.612976 0.037430
-0.371151 0.609954 0.066558
-0.315195 0.606931 0.095686
-0.259240 0.603909 0.124814
-0.203285 0.600886 0.153941
-0.147329 0.597864 0.183069
-0.091374 0.594841 0.212197
-0.034740 0.591782 0.241678
0.021893 0.588723 0.271158
0.078527 0.585664 0.300639
0.135160 0.582605 0.330120
0.191794 0.579547 0.359601
0.248427 0.576488 0.389081
0.305061 0.573429 0.418562
0.361695 0.570370 0.448043
0.418328 0.567311 0.477524
0.474962 0.564252 0.492996
0.467734 0.561157 0.463166
0.410430 0.558061 0.433336
0.353126 0.554966 0.403506
0.295822 0.551871 0.373677
0.238519 0.548776 0.343847
0.181215 0.545680 0.314017
0.123911 0.542585 0.284187
0.066607 0.539490 0.254358
0.009303 0.536395 0.224528
-0.048000 0.533299 0.194699
-0.105967 0.530168 0.164524
-0.163933 0.527037 0.134349
-0.221899 0.523906 0.104175
-0.279866 0.520775 0.074000
-0.337832 0.517644 0.043826
-0.395798 0.514513 0.013651
-0.453765 0.511382 -0.016523
-0.488269 0.508251 -0.046698
-0.430302 0.505120 -0.076872
-0.372336 0.501989 -0.107047
-0.313715 0.498823 -0.137562
-0.255094 0.495657 -0.168078
-0.242975 0.498640 -0.165512
-0.300612 0.510847 -0.113323
-0.358248 0.523054 -0.061134
-0.415885 0.535261 -0.008946
-0.473521 0.547468 0.043243
-0.468842 0.559675 0.095431
-0.411206 0.571882 0.147620
-0.353569 0.584089 0.199809
-0.295296 0.596431 0.252574
-0.237023 0.608774 0.305339
-0.178749 0.621116 0.358105
-0.120476 0.633458 0.410870
-0.062203 0.645801 0.463635
-0.003929 0.658143 0.483599
0.054344 0.670485 0.430834
0.112617 0.682828 0.378069
0.170890 0.695170 0.325304
0.229164 0.707512 0.272538
0.288067 0.719988 0.219202
0.346970 0.732463 0.165867
0.405874 0.744938 0.112531
0.464777 0.757413 0.059195
0.476319 0.769889 0.005860
0.417416 0.782364 -0.047476
0.358513 0.794839 -0.100812
0.299609 0.807314 -0.154148
0.240706 0.819790 -0.207483
0.181803 0.832265 -0.260819
0.122276 0.844872 -0.314719
0.062749 0.857480 -0.368619
0.003223 0.870088 -0.422520
-0.056304 0.882695 -0.476420
-0.115830 0.895303 -0.469680
-0.175357 0.907910 -0.415780
-0.234883 0.920518 -0.361880
-0.294410 0.933125 -0.307979
-0.353937 0.945733 -0.254079
-0.413463 0.958341 -0.200179
-0.473607 0.971079 -0.145720
-0.466250 0.983817 -0.091262
-0.406106 0.996555 -0.036803
-0.345963 1.009294 0.017656
-0.285819 1.022032 0.072114
-0.225676 1.034771 0.126573
-0.165533 1.047510 0.181032
-0.105389 1.060248 0.235491
-0.045246 1.072987 0.289949
0.014898 1.085726 0.344408
0.075652 1.098593 0.399419
0.136406 1.111461 0.454431
0.197160 1.124328 0.490558
0.257914 1.137196 0.435546
0.318668 1.150063 0.380535
0.379423 1.162930 0.325523
0.440177 1.175798 0.270512
0.499069 1.188665 0.215500
0.438315 1.201533 0.160488
0.377561 1.214400 0.105477
0.316202 1.227395 0.049918
0.254844 1.240390 -0.005641
0.193485 1.253385 -0.061200
0.132127 1.266380 -0.116759
0.070768 1.279375 -0.172318
0.009409 1.292370 -0.227877
-0.051949 1.305365 -0.283436
-0.113308 1.318360 -0.338995
-0.174667 1.331355 -0.394554
-0.236025 1.344350 -0.450113
-0.297983 1.357473 -0.493786
-0.359940 1.370595 -0.437685
-0.421897 1.383718 -0.381583
-0.483854 1.396841 -0.325482
-0.454189 1.409963 -0.269381
-0.392231 1.423086 -0.213280
-0.330274 1.436208 -0.157179
-0.268317 1.449331 -0.101078
-0.206360 1.462453 -0.044977
-0.144402 1.475576 0.011124
-0.081852 1.488824 0.067762
-0.019302 1.502071 0.124400
0.043248 1.515319 0.181038
0.105798 1.528567 0.237676
0.168348 1.516409 0.294314
0.230899 1.503161 0.350952
0.293449 1.489913 0.407589
0.355999 1.476665 0.464227
0.418550 1.463418 0.479135
0.481100 1.450170 0.422497
0.455763 1.436797 0.365327
0.392625 1.423424 0.308158
0.329488 1.410051 0.250988
0.266351 1.396678 0.193818
0.203213 1.383306 0.136648
0.140075 1.369933 0.079478
0.076938 1.356560 0.022309
0.013800 1.343187 -0.034861
-0.049337 1.329814 -0.092031
-0.112475 1.316441 -0.149200
-0.176194 1.302945 -0.206897
-0.239913 1.289450 -0.264594
-0.303633 1.275954 -0.322291
-0.367352 1.262458 -0.379987
-0.431072 1.248963 -0.437684
-0.494791 1.235467 -0.495381
-0.441489 1.221971 -0.446923
-0.377770 1.208476 -0.389226
-0.314050 1.194980 -0.331529
-0.250331 1.181484 -0.273833
-0.186035 1.167867 -0.215614
-0.121739 1.154250 -0.157395
-0.057443 1.140632 -0.099176
0.006853 1.127015 -0.040957
0.071150 1.113398 0.017262
0.135446 1.099781 0.075480
0.199742 1.086163 0.133699
0.264038 1.072546 0.191918
0.328334 1.058929 0.250137
0.392630 1.045311 0.308356
0.457498 1.031573 0.367092
0.477634 1.017834 0.425828
0.412767 1.004095 0.484564
0.347899 0.990356 0.456699
0.283031 0.976617 0.397963
0.218164 0.962878 0.339227
0.153296 0.949139 0.280491
0.088428 0.935400 0.221755
0.023561 0.921662 0.163018
-0.041307 0.907923 0.104282
-0.106741 0.894064 0.045033
-0.172175 0.880205 -0.014217
-0.237609 0.866347 -0.073466
-0.303043 0.852488 -0.132715
-0.368478 0.838629 -0.191965
-0.433912 0.824771 -0.251214
-0.499346 0.810912 -0.310463
-0.435219 0.797053 -0.369713
-0.369785 0.783195 -0.428962
-0.304351 0.769336 -0.488212
-0.238355 0.755358 -0.452031
-0.172359 0.741380 -0.392273
-0.106363 0.727402 -0.332515
-0.040368 0.713424 -0.272757
0.025628 0.699447 -0.212999
0.091624 0.685469 -0.153241
0.157620 0.671491 -0.093484
0.223616 0.657513 -0.033726
0.289612 0.643535 0.026032
0.355607 0.629557 0.085790
0.422160 0.615461 0.146052
0.488713 0.601365 0.206315
0.444734 0.587269 0.266577
0.378182 0.573174 0.326839
0.311629 0.559078 0.387101
0.245076 0.544982 0.447363
0.178523 0.530886 0.492375
0.134827 0.528192 0.454611
0.182558 0.571105 0.493158
0.230288 0.614018 0.440928
0.278415 0.657287 0.388264
0.326542 0.700556 0.335600
0.374669 0.743826 0.282936
0.422796 0.787095 0.230272
0.470923 0.830365 0.177608
0.480950 0.873634 0.124944
0.432823 0.916903 0.072280
0.384697 0.960173 0.019616
0.336570 1.003442 -0.033048
0.288443 1.046712 -0.085712
0.239923 1.090334 -0.138806
0.191403 1.133956 -0.191900
0.142884 1.177578 -0.244993
0.094364 1.221201 -0.298087
0.045844 1.264823 -0.351181
-0.002675 1.308445 -0.404275
-0.051195 1.352067 -0.457368
-0.099715 1.395690 -0.489538
-0.148234 1.439312 -0.436444
-0.196754 1.482934 -0.383350
-0.245664 1.526907 -0.329830
-0.294573 1.570880 -0.276310
-0.343482 1.614852 -0.222790
-0.392392 1.658825 -0.169269
-0.441301 1.702798 -0.115749
-0.490211 1.746771 -0.062229
-0.460880 1.790743 -0.008708
-0.411970 1.834716 0.044812
-0.363061 1.878689 0.098332
-0.314151 1.922661 0.151853
-0.264855 1.966982 0.205796
-0.215559 1.944267 0.259739
-0.166263 1.899946 0.313683
-0.116967 1.855626 0.367626
-0.067671 1.811305 0.421570
-0.018375 1.766984 0.475513
0.030921 1.722663 0.470544
0.080217 1.678342 0.416600
0.129513 1.634021 0.362657
0.178809 1.589701 0.308713
0.228489 1.545035 0.254350
0.278169 1.500370 0.199987
0.327848 1.455705 0.145624
0.377528 1.411039 0.091261
0.427207 1.366374 0.036897
0.476887 1.321709 -0.017466
0.473433 1.277043 -0.071829
0.423754 1.232378 -0.126192
0.374074 1.187713 -0.180555
0.316241 1.147388 -0.222710
0.238794 1.116960 -0.236483
0.161346 1.086532 -0.250257
0.083899 1.056104 -0.264030
0.006452 1.025675 -0.277803
-0.070995 0.995247 -0.291576
-0.148443 0.964820 -0.305349
-0.225890 0.934392 -0.319122
-0.303337 0.903965 -0.332895
-0.380785 0.873537 -0.346669
-0.458232 0.843109 -0.360442
-0.463736 0.812452 -0.374319
-0.385705 0.781795 -0.388196
-0.307673 0.751138 -0.402073
-0.229641 0.720481 -0.415950
-0.151609 0.689824 -0.429827
-0.073578 0.659167 -0.443705
0.004454 0.628510 -0.457582
0.082486 0.597853 -0.471459
0.160518 0.567196 -0.485336
0.238549 0.536539 -0.499213
0.317161 0.505654 -0.486807
0.395773 0.474768 -0.472826
0.474385 0.443883 -0.458846
0.447003 0.412998 -0.444866
0.368391 0.382112 -0.430885
0.289779 0.351227 -0.416905
0.211167 0.320342 -0.402925
0.132555 0.289456 -0.388945
0.053943 0.258571 -0.374964
-0.024669 0.227686 -0.360984
-0.103857 0.196574 -0.346901
-0.183045 0.165462 -0.332819
-0.262233 0.134351 -0.318736
-0.341420 0.103239 -0.304653
-0.420608 0.072128 -0.290570
-0.499796 0.041016 -0.276487
-0.421016 0.009905 -0.262405
-0.341829 -0.021207 -0.248322
-0.262641 -0.052318 -0.234239
-0.183453 -0.083430 -0.220156
-0.103693 -0.114766 -0.205972
-0.023934 -0.146102 -0.191787
0.055826 -0.177438 -0.177603
0.135586 -0.208775 -0.163419
0.215345 -0.240111 -0.149234
0.295105 -0.271447 -0.135050
0.374865 -0.302783 -0.120865
0.454624 -0.334120 -0.106681
0.465616 -0.365456 -0.092496
0.385856 -0.396792 -0.078312
0.305529 -0.428351 -0.064027
0.225202 -0.459911 -0.049741
0.144874 -0.491470 -0.035456
0.064547 -0.476971 -0.021171
-0.015781 -0.445412 -0.006885
-0.096108 -0.413853 0.007400
-0.176435 -0.382294 0.021686
-0.256763 -0.350734 0.035971
-0.337090 -0.319175 0.050256
-0.417417 -0.287616 0.064542
-0.498308 -0.255836 0.078927
-0.420801 -0.224055 0.093313
-0.339910 -0.192274 0.107699
-0.259019 -0.160493 0.122084
-0.178128 -0.128713 0.136470
-0.097237 -0.096932 0.150856
-0.016346 -0.065151 0.165241
0.064545 -0.033370 0.179627
0.145436 -0.001590 0.194012
0.226328 0.030191 0.208398
0.307778 0.062191 0.222883
0.389229 0.094192 0.237368
0.470680 0.126193 0.251853
0.447869 0.158193 0.266338
0.366418 0.190194 0.280823
0.284967 0.222195 0.295309
0.203516 0.254195 0.309794
0.122065 0.286196 0.324279
0.040614 0.318197 0.338764
-0.040837 0.350197 0.353249
-0.122843 0.382416 0.367833
-0.204850 0.414635 0.382417
-0.286857 0.446854 0.397001
-0.368864 0.479073 0.411585
-0.450870 0.511292 0.426169
-0.467123 0.543511 0.440753
-0.385116 0.575731 0.455338
-0.303109 0.607950 0.469922
-0.221103 0.640169 0.484506
-0.139096 0.672389 0.499090
-0.056537 0.704825 0.486228
0.026022 0.737261 0.471545
0.108581 0.769697 0.456863
0.063263 0.767292 0.451632
0.003737 0.761016 0.447450
-0.055789 0.754740 0.443269
-0.115316 0.748463 0.439088
-0.174842 0.742187 0.434907
-0.234369 0.735910 0.430725
-0.293895 0.729634 0.426544
-0.353817 0.723316 0.422335
-0.413739 0.716998 0.418126
-0.473661 0.710680 0.413917
-0.466417 0.704362 0.409708
-0.406495 0.698044 0.405499
-0.346573 0.691725 0.401290
-0.286651 0.685407 0.397081
-0.226729 0.679089 0.392872
-0.166807 0.672771 0.388663
-0.106885 0.666453 0.384454
-0.046570 0.660093 0.380218
0.013745 0.653733 0.375981
0.074059 0.647374 0.371744
0.134374 0.641014 0.367507
0.194689 0.634654 0.363271
0.255004 0.628294 0.359034
0.315319 0.621934 0.354797
0.375634 0.615575 0.350561
0.435948 0.609215 0.346324
0.496263 0.602855 0.342087
0.443032 0.596454 0.337823
0.382326 0.590053 0.333559
0.321621 0.583652 0.329295
0.260916 0.577251 0.325031
0.200211 0.570850 0.320767
0.139505 0.564449 0.316503
0.078800 0.558048 0.312238
0.018095 0.551647 0.307974
-0.042610 0.545246 0.303710
-0.103316 0.538846 0.299446
-0.164409 0.532404 0.295155
-0.225502 0.525963 0.290864
-0.286595 0.519521 0.286572
-0.347688 0.513080 0.282281
-0.408782 0.506638 0.277990
-0.469875 0.500197 0.273699
-0.469032 0.493755 0.269407
-0.407939 0.487313 0.265116
-0.346845 0.480871 0.260825
-0.285752 0.474430 0.256534
-0.224273 0.467947 0.252215
-0.162795 0.461465 0.247897
-0.101316 0.454983 0.243579
-0.039838 0.448500 0.239260
0.021641 0.442018 0.234942
0.083120 0.435536 0.230624
0.144598 0.429053 0.226305
0.206077 0.422571 0.221987
0.267556 0.416089 0.217669
0.329034 0.409607 0.213350
0.390896 0.403084 0.209005
0.452757 0.396561 0.204660
0.485381 0.390038 0.200314
0.423520 0.383515 0.195969
0.361658 0.376992 0.191624
0.299796 0.370470 0.187278
0.237935 0.363947 0.182933
0.176073 0.357424 0.178588
0.114212 0.350901 0.174242
0.052350 0.344378 0.169897
-0.009892 0.337815 0.165525
-0.072135 0.331252 0.161153
-0.134377 0.324689 0.156781
-0.196619 0.318126 0.152409
-0.258862 0.311563 0.148037
-0.321104 0.305000 0.143665
-0.383346 0.298437 0.139293
-0.445589 0.291874 0.134921
-0.492169 0.285311 0.130549
-0.429926 0.278748 0.126177
-0.367306 0.272145 0.121778
-0.304685 0.265542 0.117380
-0.242064 0.258939 0.112981
-0.179444 0.252337 0.108582
-0.116823 0.245734 0.104184
-0.054202 0.239131 0.099785
0.008418 0.232528 0.095387
0.071039 0.225925 0.090988
0.133660 0.219323 0.086589
0.196281 0.212720 0.082191
0.259277 0.206077 0.077766
0.322274 0.199435 0.073341
0.385271 0.192792 0.068916
0.448267 0.186150 0.064491
0.488736 0.179507 0.060066
0.425739 0.172865 0.055641
0.362742 0.166222 0.051216
0.299746 0.159580 0.046790
0.236749 0.152937 0.042365
0.173752 0.146295 0.037940
0.110381 0.139613 0.033489
0.047011 0.132931 0.029038
-0.016360 0.126249 0.024586
-0.079731 0.119567 0.020135
-0.143101 0.112885 0.015684
-0.206472 0.106203 0.011233
-0.269843 0.099521 0.006781
-0.333213 0.092839 0.002330
-0.396584 0.086157 -0.002121
-0.459955 0.079475 -0.006573
-0.476303 0.072754 -0.011050
-0.412560 0.066033 -0.015527
-0.348818 0.059312 -0.020005
-0.285075 0.052591 -0.024482
-0.221333 0.045870 -0.028960
-0.157591 0.039149 -0.033437
-0.093848 0.032428 -0.037914
-0.030106 0.025707 -0.042392
0.033636 0.018986 -0.046869
0.097379 0.012265 -0.051347
0.161491 0.005504 -0.055850
0.225603 -0.001256 -0.060353
0.289715 -0.008016 -0.064857
0.353827 -0.014776 -0.069360
0.417939 -0.021536 -0.073863
0.482050 -0.028296 -0.078367
0.453838 -0.035056 -0.082870
0.389726 -0.041816 -0.087373
0.325614 -0.048576 -0.091877
0.261502 -0.055336 -0.096380
0.197022 -0.062135 -0.100909
0.132543 -0.068934 -0.105438
0.068064 -0.075732 -0.109968
0.003585 -0.082531 -0.114497
-0.060895 -0.089330 -0.119026
-0.125374 -0.096129 -0.123555
-0.189853 -0.102928 -0.128084
-0.254333 -0.109726 -0.132613
-0.318812 -0.116525 -0.137143
-0.383291 -0.123324 -0.141672
-0.448136 -0.130161 -0.146227
-0.487020 -0.136999 -0.150781
-0.422175 -0.143836 -0.155336
-0.357331 -0.150673 -0.159891
-0.292486 -0.157510 -0.164446
-0.227642 -0.164348 -0.169001
-0.162797 -0.171185 -0.173556
-0.097952 -0.178022 -0.178110
-0.033108 -0.184859 -0.182665
0.031737 -0.191697 -0.187220
0.096945 -0.198572 -0.191800
0.162153 -0.205448 -0.196381
0.227361 -0.212324 -0.200961
0.292569 -0.219199 -0.205541
0.357776 -0.226075 -0.210122
0.422984 -0.232951 -0.214702
0.488192 -0.239826 -0.219282
0.446600 -0.246702 -0.223863
0.381393 -0.253578 -0.228443
0.316185 -0.260454 -0.233023
0.250615 -0.267367 -0.237629
0.185046 -0.274281 -0.242235
0.119477 -0.281195 -0.246840
0.053908 -0.288109 -0.251446
-0.011661 -0.295023 -0.256052
-0.104070 -0.411275 -0.260262
-0.203189 -0.445138 -0.264374
-0.302309 -0.301551 -0.268487
-0.401428 -0.157964 -0.272599
-0.499453 -0.014377 -0.276711
-0.399791 0.129997 -0.280845
-0.300128 0.274370 -0.284980
-0.259395 0.229481 -0.321291
-0.233394 0.137276 -0.365646
-0.207393 0.045070 -0.410002
-0.181392 -0.047135 -0.454357
-0.155391 -0.139340 -0.498713
-0.129391 -0.231546 -0.456932
-0.103390 -0.323751 -0.412577
-0.077389 -0.415956 -0.368221
-0.051247 -0.491339 -0.323626
-0.025105 -0.398633 -0.279030
0.001037 -0.305928 -0.234434
0.027179 -0.213223 -0.189839
0.053320 -0.120518 -0.145243
0.079462 -0.027813 -0.100647
0.105604 0.064892 -0.056051
0.131746 0.157597 -0.011456
0.157888 0.250302 0.033140
0.184030 0.343007 0.077736
0.210312 0.436210 0.122571
0.236593 0.529412 0.167406
0.262875 0.622614 0.212241
0.289158 0.715816 0.257075
0.315440 0.809018 0.301910
0.341722 0.902220 0.346745
0.368004 0.995422 0.391580
0.394286 1.088624 0.436415
0.420568 1.181827 0.481250
0.446850 1.275030 0.473915
0.473271 1.368726 0.428842
0.499693 1.462422 0.383770
0.473885 1.556118 0.338697
0.447464 1.649814 0.293624
0.421042 1.743510 0.248551
0.394621 1.837206 0.203479
0.368199 1.930902 0.158406
0.341778 2.024599 0.113333
0.315356 2.118295 0.068261
0.288935 2.211991 0.023188
0.262374 2.306178 -0.022121
0.235814 2.400365 -0.067431
0.209254 2.494553 -0.112740
0.182694 2.588740 -0.158049
0.156134 2.682927 -0.203359
0.129574 2.777114 -0.248668
0.103014 2.871302 -0.293977
0.076454 2.965489 -0.339287
0.049893 3.059676 -0.384596
0.023333 3.153863 -0.429906
-0.003365 3.248542 -0.475450
-0.030063 3.343220 -0.479005
-0.056761 3.437899 -0.433460
-0.083459 3.532577 -0.387915
-0.110157 3.627255 -0.342370
-0.136855 3.721934 -0.296826
-0.163553 3.690431 -0.251281
-0.190251 3.595753 -0.205736
-0.216950 3.501074 -0.160191
-0.243648 3.406396 -0.114647
-0.270483 3.311231 -0.068868
-0.297318 3.216066 -0.023089
-0.324153 3.120902 0.022690
-0.350989 3.025737 0.068469
-0.377824 2.930572 0.114247
-0.404659 2.835407 0.160026
-0.431494 2.740242 0.205805
-0.458329 2.645078 0.251584
-0.485165 2.549913 0.297363
-0.488000 2.454748 0.343142
-0.461028 2.359099 0.389153
-0.434056 2.263451 0.435165
-0.407084 2.167802 0.481177
-0.380112 2.072153 0.472811
-0.353140 1.976504 0.426799
-0.326168 1.880856 0.380788
-0.299196 1.785207 0.334776
-0.272224 1.689558 0.288764
-0.245252 1.593909 0.242752
-0.218280 1.498260 0.196740
-0.191173 1.402130 0.150497
-0.164065 1.306000 0.104253
-0.136957 1.209869 0.058009
-0.109849 1.113739 0.011766
-0.082742 1.017609 -0.034478
-0.055634 0.921478 -0.080721
-0.028526 0.825348 -0.126965
-0.001418 0.729218 -0.173209
0.025690 0.633087 -0.219452
0.052797 0.536957 -0.265696
0.080040 0.440347 -0.312170
0.107283 0.343736 -0.358645
0.134526 0.247126 -0.405119
0.161769 0.150516 -0.451593
0.189012 0.053906 -0.498068
0.216256 -0.042704 -0.455458
0.243499 -0.139314 -0.408984
0.270741 -0.235925 -0.362509
0.297984 -0.332535 -0.316035
