-0.069628 0.488282 -0.414223
-0.092647 0.446294 -0.403229
-0.095543 0.334907 -0.407805
-0.081907 0.176891 -0.419443
-0.078740 0.012711 -0.427892
-0.073904 -0.136290 -0.449558
-0.069068 -0.223809 -0.471225
-0.064232 -0.277599 -0.492891
-0.059397 -0.304344 -0.485442
-0.054561 -0.335075 -0.463775
-0.049725 -0.364531 -0.442109
-0.046286 -0.375217 -0.424813
-0.052784 -0.396463 -0.444476
-0.059281 -0.432139 -0.464139
-0.058427 -0.448952 -0.490035
-0.046548 -0.452081 -0.474720
-0.034668 -0.454563 -0.439475
-0.022789 -0.457044 -0.404229
-0.010910 -0.459526 -0.368984
0.000970 -0.462007 -0.333738
0.012849 -0.464489 -0.298493
0.026566 -0.467355 -0.257795
0.040283 -0.470221 -0.217097
0.054000 -0.473087 -0.176400
0.067717 -0.475952 -0.135702
0.081434 -0.478818 -0.095004
0.095152 -0.481684 -0.054306
0.108869 -0.484550 -0.013609
0.122586 -0.487415 0.027089
0.136303 -0.490281 0.067787
0.150020 -0.493147 0.108485
0.165356 -0.496351 0.153986
0.180692 -0.499555 0.199488
0.196028 -0.497241 0.244989
0.211365 -0.494037 0.290491
0.226701 -0.490833 0.335992
0.242037 -0.487629 0.381494
0.257373 -0.484425 0.426995
0.272709 -0.481221 0.472497
0.282807 -0.485124 0.492033
0.290755 -0.469849 0.475471
0.299462 -0.453117 0.439875
0.308168 -0.436385 0.404278
0.316875 -0.419653 0.368681
0.325582 -0.402921 0.333084
0.334289 -0.386188 0.297487
0.342995 -0.369456 0.261891
0.351702 -0.352724 0.226294
0.360409 -0.335992 0.190697
0.369116 -0.319260 0.155100
0.377822 -0.302527 0.119503
0.387226 -0.284454 0.081055
0.396631 -0.266381 0.042606
0.406035 -0.248308 0.004157
0.415439 -0.230235 -0.034292
0.424843 -0.212163 -0.072741
0.434247 -0.202171 -0.111190
0.443651 -0.220244 -0.149639
0.453055 -0.238317 -0.188087
0.462459 -0.256390 -0.226536
0.471864 -0.274463 -0.264985
0.481917 -0.293783 -0.306089
0.491971 -0.313104 -0.347192
0.497976 -0.332425 -0.388296
0.487922 -0.351746 -0.429400
0.477869 -0.371067 -0.470503
0.467815 -0.390388 -0.488393
0.457762 -0.409708 -0.447289
0.441776 -0.390959 -0.473902
0.425131 -0.367979 -0.491960
0.408486 -0.344999 -0.457823
0.390832 -0.320625 -0.421615
0.373177 -0.296250 -0.385407
0.355522 -0.271876 -0.349199
0.337868 -0.247502 -0.312991
0.320213 -0.223128 -0.276783
0.302559 -0.198754 -0.240574
0.284904 -0.174380 -0.204366
0.267249 -0.150006 -0.168158
0.249595 -0.167193 -0.131950
0.231940 -0.191567 -0.095742
0.213331 -0.217259 -0.057575
0.194722 -0.242952 -0.019408
0.176112 -0.268644 0.018758
0.157503 -0.294337 0.056925
0.138893 -0.320030 0.095092
0.120284 -0.345722 0.133259
0.101674 -0.371415 0.171425
0.083065 -0.397107 0.209592
0.064455 -0.422800 0.247759
0.045846 -0.448493 0.285926
0.026328 -0.475439 0.325955
0.006810 -0.497614 0.365985
-0.012707 -0.470667 0.406014
-0.032225 -0.443721 0.446044
-0.051743 -0.416774 0.486074
-0.071261 -0.389827 0.473897
-0.090779 -0.362881 0.433867
-0.110296 -0.335934 0.393838
-0.129814 -0.308987 0.353808
-0.149332 -0.282041 0.313778
-0.169717 -0.253896 0.271969
-0.190103 -0.225751 0.230159
-0.210489 -0.197607 0.188350
-0.230874 -0.169462 0.146540
-0.251260 -0.141317 0.104731
-0.271646 -0.113173 0.062921
-0.292031 -0.085028 0.021111
-0.312417 -0.056883 -0.020698
-0.332803 -0.028738 -0.062508
-0.353189 -0.035500 -0.104317
-0.374407 -0.064794 -0.147834
-0.395625 -0.094088 -0.191351
-0.416843 -0.123382 -0.234868
-0.438061 -0.152676 -0.278384
-0.459279 -0.181970 -0.321901
-0.480497 -0.211264 -0.365418
-0.498285 -0.240558 -0.408935
-0.477067 -0.269852 -0.452451
-0.455849 -0.299146 -0.495968
-0.434631 -0.328440 -0.460515
-0.412612 -0.358840 -0.415356
-0.390593 -0.389239 -0.370196
-0.368574 -0.419639 -0.325037
-0.346555 -0.450039 -0.279877
-0.324537 -0.480439 -0.234718
-0.339560 -0.478634 -0.266431
-0.363844 -0.468778 -0.317363
-0.388128 -0.458922 -0.368295
-0.412413 -0.449066 -0.419227
-0.436697 -0.439211 -0.470159
-0.461833 -0.429009 -0.477121
-0.486970 -0.418807 -0.424402
-0.487894 -0.408605 -0.371682
-0.462757 -0.398403 -0.318962
-0.437621 -0.388201 -0.266243
-0.412485 -0.377999 -0.213523
-0.387348 -0.367797 -0.160803
-0.362212 -0.357595 -0.108083
-0.337075 -0.347393 -0.055364
-0.311939 -0.337191 -0.002644
-0.285978 -0.326655 0.051804
-0.260017 -0.316119 0.106253
-0.234056 -0.305582 0.160702
-0.208095 -0.295046 0.215150
-0.182135 -0.284510 0.269599
-0.156174 -0.273973 0.324047
-0.130213 -0.263437 0.378496
-0.104252 -0.252901 0.432944
-0.078291 -0.242364 0.487393
-0.052331 -0.231828 0.458158
-0.025571 -0.220967 0.402034
0.001189 -0.210106 0.345910
0.027949 -0.199246 0.289785
0.054708 -0.188385 0.233661
0.081468 -0.177524 0.177537
0.108228 -0.166664 0.121412
0.134988 -0.155803 0.065288
0.161747 -0.144942 0.009164
0.188507 -0.134081 -0.046961
0.215267 -0.123221 -0.103085
0.242803 -0.112045 -0.160836
0.270338 -0.100870 -0.218588
0.297874 -0.089694 -0.276339
0.325409 -0.078518 -0.334091
0.352945 -0.067343 -0.391843
0.380480 -0.056167 -0.449594
0.408016 -0.044992 -0.492654
0.435552 -0.033816 -0.434903
0.463087 -0.022641 -0.377151
0.490623 -0.011465 -0.319400
0.481087 0.000017 -0.260066
0.452797 0.011498 -0.200732
0.424507 0.022980 -0.141398
0.396217 0.034462 -0.082064
0.367927 0.045944 -0.022730
0.339636 0.057426 0.036604
0.311346 0.068907 0.095938
0.283056 0.080389 0.155272
0.254766 0.091871 0.214606
0.226476 0.103353 0.273940
0.197451 0.115133 0.334816
0.168426 0.126913 0.395691
0.139401 0.138693 0.456567
0.110376 0.150473 0.482558
0.081351 0.162253 0.421682
0.052326 0.174033 0.360807
0.023301 0.185813 0.299932
-0.005725 0.197594 0.239056
-0.034750 0.209374 0.178181
-0.063775 0.221154 0.117305
-0.093516 0.233225 0.054927
-0.123258 0.245296 -0.007452
-0.153000 0.257367 -0.069831
-0.182742 0.269437 -0.132209
-0.212484 0.281508 -0.194588
-0.242226 0.293579 -0.256967
-0.271967 0.305650 -0.319346
-0.301709 0.317721 -0.381724
-0.331451 0.329792 -0.444103
-0.361193 0.341862 -0.493518
-0.391634 0.354218 -0.429672
-0.422076 0.366573 -0.365825
-0.452518 0.354495 -0.301978
-0.482959 0.342140 -0.238132
-0.486599 0.329784 -0.174285
-0.456158 0.317429 -0.110438
-0.425716 0.305074 -0.046591
-0.395275 0.292719 0.017255
-0.364833 0.280364 0.081102
-0.334391 0.268009 0.144948
-0.303266 0.255376 0.210230
-0.272140 0.242743 0.275512
-0.241014 0.230111 0.340793
-0.209888 0.217478 0.406075
-0.178762 0.204845 0.471357
-0.147636 0.192212 0.463362
-0.116510 0.179580 0.398080
-0.085385 0.166947 0.332798
-0.054259 0.154314 0.267517
-0.023133 0.141681 0.202235
0.008662 0.128777 0.135549
0.040458 0.115872 0.068864
0.072253 0.102968 0.002178
0.104048 0.090064 -0.064508
0.135844 0.077159 -0.131193
0.167639 0.064255 -0.197879
0.199435 0.051350 -0.264565
0.231230 0.038446 -0.331250
0.263025 0.025542 -0.397936
0.294820 0.012637 -0.464622
0.327271 -0.000533 -0.467318
0.359722 -0.013704 -0.399257
0.392173 -0.026874 -0.331196
0.424624 -0.040045 -0.263135
0.457075 -0.053215 -0.195075
0.489525 -0.066386 -0.127014
0.478024 -0.079556 -0.058953
0.445573 -0.092727 0.009108
0.413122 -0.105897 0.077168
0.380671 -0.119068 0.145229
0.347577 -0.132499 0.214638
0.314484 -0.145931 0.284046
0.281390 -0.159362 0.353455
0.248296 -0.172793 0.422864
0.215203 -0.186225 0.492273
0.182109 -0.199656 0.438319
0.149015 -0.213087 0.368910
0.115922 -0.226518 0.299501
0.082828 -0.239950 0.230093
0.049734 -0.253381 0.160684
0.016010 -0.267068 0.089953
-0.008132 -0.283561 0.028412
0.053959 -0.325301 0.049577
0.116049 -0.367040 0.070742
0.178140 -0.408780 0.091907
0.240231 -0.450520 0.113072
0.302321 -0.492259 0.134237
0.364412 -0.466001 0.155402
0.426503 -0.424262 0.176567
0.488594 -0.382522 0.197732
0.448176 -0.340016 0.219286
0.384946 -0.297511 0.240839
0.321716 -0.255005 0.262393
0.258486 -0.212500 0.283946
0.195256 -0.169994 0.305499
0.132026 -0.127489 0.327053
0.068796 -0.084983 0.348606
0.005565 -0.042477 0.370160
-0.057665 0.000028 0.391713
-0.120895 0.042534 0.413266
-0.185244 0.085792 0.435201
-0.249593 0.129050 0.457136
-0.313943 0.172307 0.479071
-0.378292 0.215565 0.498995
-0.442641 0.258823 0.477060
-0.493010 0.302081 0.455125
-0.428661 0.345339 0.433190
-0.364312 0.388597 0.411255
-0.299962 0.431854 0.389321
-0.235613 0.475112 0.367386
-0.170164 0.519109 0.345076
-0.104714 0.563107 0.322766
-0.039265 0.607104 0.300456
0.026184 0.651101 0.278146
0.091634 0.695098 0.255836
0.157083 0.739095 0.233526
0.222532 0.729688 0.211216
0.287982 0.685690 0.188906
0.353431 0.641693 0.166596
0.418881 0.597696 0.144286
0.485412 0.552971 0.121608
0.448057 0.508246 0.098929
0.381525 0.463521 0.076250
0.314994 0.418797 0.053571
0.248463 0.374072 0.030893
0.181931 0.329348 0.008214
0.115400 0.284623 -0.014465
0.048869 0.239898 -0.037143
-0.017662 0.195174 -0.059822
-0.084194 0.150449 -0.082501
-0.151789 0.105009 -0.105543
-0.219385 0.059568 -0.128584
-0.286981 0.014128 -0.151626
-0.354577 -0.031312 -0.174667
-0.422173 -0.076753 -0.197709
-0.489769 -0.122193 -0.220751
-0.442636 -0.167633 -0.243792
-0.375040 -0.213074 -0.266834
-0.307444 -0.258514 -0.289876
-0.239848 -0.303954 -0.312917
-0.171204 -0.350099 -0.336316
-0.102560 -0.396244 -0.359715
-0.033916 -0.442389 -0.383114
0.034727 -0.488534 -0.406513
0.103371 -0.465321 -0.429912
0.172015 -0.419176 -0.453311
0.240659 -0.373031 -0.476710
0.309303 -0.326885 -0.499891
0.377947 -0.280740 -0.476492
0.446591 -0.234596 -0.453093
0.483733 -0.187757 -0.429342
0.414057 -0.140918 -0.405591
0.344381 -0.094079 -0.381841
0.274705 -0.047240 -0.358090
0.205029 -0.000401 -0.334339
0.135352 0.046437 -0.310589
0.065676 0.093276 -0.286838
-0.004000 0.140115 -0.263087
-0.073676 0.186954 -0.239337
-0.143352 0.233793 -0.215586
-0.214046 0.281315 -0.191489
-0.284739 0.328838 -0.167391
-0.355433 0.376361 -0.143294
-0.426126 0.423884 -0.119196
-0.496819 0.471407 -0.095099
-0.432487 0.518929 -0.071001
-0.361794 0.566452 -0.046904
-0.291100 0.613975 -0.022806
-0.220407 0.661498 0.001291
-0.149713 0.709020 0.025389
-0.078017 0.757217 0.049828
-0.006321 0.805414 0.074267
0.065375 0.853611 0.098707
0.137072 0.901808 0.123146
0.208768 0.945547 0.147585
0.280464 0.897350 0.172024
0.352160 0.849153 0.196464
0.423857 0.800956 0.220903
0.495553 0.752759 0.245342
0.432751 0.704563 0.269782
0.360065 0.655701 0.294558
0.287380 0.606840 0.319334
0.214695 0.557978 0.344111
0.142010 0.509117 0.368887
0.069325 0.460255 0.393664
-0.003360 0.411394 0.418440
-0.076046 0.362532 0.443217
-0.148731 0.313671 0.467993
-0.221416 0.264809 0.492770
-0.294101 0.215948 0.482454
-0.367762 0.166430 0.457345
-0.441423 0.116913 0.432236
-0.484916 0.067395 0.407127
-0.411255 0.017878 0.382018
-0.337594 -0.031640 0.356909
-0.263933 -0.081157 0.331800
-0.190273 -0.130675 0.306691
-0.116612 -0.180192 0.281581
-0.042951 -0.229710 0.256472
0.030710 -0.279227 0.231363
0.105334 -0.329392 0.205926
0.179958 -0.379557 0.180489
0.254581 -0.429721 0.155052
0.329205 -0.479886 0.129615
0.403829 -0.469949 0.104177
0.478453 -0.419784 0.078740
0.446923 -0.369620 0.053303
0.372299 -0.319455 0.027866
0.297676 -0.269290 0.002428
0.223052 -0.219125 -0.023009
0.147477 -0.168321 -0.048770
0.071903 -0.117518 -0.074531
-0.003671 -0.066714 -0.100293
-0.079246 -0.015910 -0.126054
-0.154820 0.034894 -0.151815
-0.230395 0.085698 -0.177576
-0.305969 0.136502 -0.203338
-0.381544 0.187306 -0.229099
-0.457118 0.238109 -0.254860
-0.467307 0.288913 -0.280622
-0.390794 0.340348 -0.306703
-0.314281 0.391783 -0.332784
-0.237768 0.443218 -0.358865
-0.161254 0.494653 -0.384947
-0.084741 0.546088 -0.411028
-0.008228 0.597523 -0.437109
0.068286 0.648959 -0.463190
0.144799 0.700394 -0.489271
0.221312 0.751829 -0.484647
0.297825 0.803264 -0.458566
0.375266 0.855323 -0.432169
0.452707 0.907382 -0.405771
0.469852 0.959440 -0.379374
0.392412 1.011499 -0.352977
0.314971 1.063558 -0.326579
0.237530 1.017510 -0.300182
0.265014 0.994338 -0.331654
0.337465 0.951700 -0.387927
0.409917 0.912404 -0.444200
0.482369 0.873108 -0.499527
0.444322 0.833348 -0.442588
0.371014 0.793588 -0.385649
0.297705 0.753827 -0.328710
0.224396 0.714067 -0.271771
0.151086 0.674306 -0.214832
0.077777 0.634546 -0.157893
0.004468 0.594785 -0.100954
-0.068841 0.555025 -0.044015
-0.142150 0.515264 0.012924
-0.215459 0.475504 0.069863
-0.120696 0.482473 -0.003983
-0.025932 0.489443 -0.077830
0.068831 0.496412 -0.151677
0.163594 0.503382 -0.225524
0.258357 0.510352 -0.299371
0.353121 0.517321 -0.373218
0.447884 0.524291 -0.447065
0.457353 0.531260 -0.479088
0.362589 0.538230 -0.405242
0.267826 0.545199 -0.331395
0.171992 0.552248 -0.256713
0.076158 0.559296 -0.182032
-0.019676 0.566344 -0.107351
-0.115510 0.573392 -0.032669
-0.211344 0.580441 0.042012
-0.307178 0.587489 0.116693
-0.403012 0.594537 0.191374
-0.498846 0.601585 0.266056
-0.405320 0.608634 0.340737
-0.309485 0.615682 0.415418
-0.212592 0.622808 0.490925
-0.115699 0.629935 0.433568
-0.018806 0.637061 0.358062
0.078087 0.644187 0.282555
0.174980 0.651314 0.207049
0.271873 0.658440 0.131542
0.368766 0.665566 0.056036
0.465659 0.672693 -0.019471
0.437448 0.679819 -0.094977
0.340555 0.686945 -0.170484
0.242615 0.694148 -0.246807
0.144674 0.701352 -0.323130
0.046734 0.708555 -0.399453
-0.051207 0.715758 -0.475775
-0.149148 0.722961 -0.447902
-0.247088 0.730165 -0.371579
-0.345029 0.737368 -0.295256
-0.442969 0.744571 -0.218933
-0.459090 0.751774 -0.142610
-0.361150 0.758977 -0.066287
-0.262173 0.766257 0.010843
-0.163196 0.773537 0.087974
-0.064219 0.780816 0.165104
0.034758 0.788096 0.242235
0.133735 0.795375 0.319365
0.232712 0.802655 0.396496
0.331689 0.809934 0.473626
0.430666 0.817214 0.449243
0.470357 0.824493 0.372113
0.371379 0.831773 0.294982
0.271377 0.839127 0.217053
0.171374 0.846482 0.139123
0.071371 0.853836 0.061193
-0.028631 0.861191 -0.016737
-0.128634 0.868546 -0.094667
-0.228637 0.875900 -0.172596
-0.328639 0.883255 -0.250526
-0.428642 0.890610 -0.328456
-0.471356 0.897964 -0.406386
-0.371353 0.905319 -0.484316
-0.270335 0.912749 -0.436963
-0.169317 0.920178 -0.358242
-0.068299 0.927608 -0.279521
0.032719 0.935038 -0.200800
0.133737 0.942467 -0.122079
0.234755 0.949897 -0.043358
0.335773 0.957327 0.035363
0.436791 0.964757 0.114084
0.462191 0.972186 0.192805
0.361173 0.979616 0.271526
0.259150 0.987120 0.351030
0.157127 0.994623 0.430535
0.055104 1.002127 0.489961
-0.046919 1.009630 0.410457
-0.148942 1.017133 0.330953
-0.250966 1.024636 0.251448
-0.352989 1.032139 0.171944
-0.455012 1.039642 0.092440
-0.442965 1.047145 0.012936
-0.340942 1.054648 -0.066569
-0.237923 1.062225 -0.146849
-0.134904 1.069802 -0.227129
-0.031886 1.077379 -0.307409
0.071133 1.084956 -0.387689
0.174151 1.092533 -0.467969
0.277170 1.100110 -0.451751
0.380188 1.107687 -0.371471
0.483207 1.115263 -0.291191
0.413775 1.122840 -0.210911
0.310756 1.130417 -0.130631
0.206752 1.138067 -0.049583
0.102747 1.145717 0.031465
-0.001257 1.153366 0.112513
-0.105261 1.161016 0.193562
-0.209266 1.168666 0.274610
-0.313270 1.176315 0.355658
-0.417275 1.183965 0.436707
-0.478721 1.191615 0.482245
-0.374717 1.199264 0.401197
-0.270712 1.206914 0.320148
-0.165731 1.214635 0.238339
-0.060750 1.222356 0.156530
0.044231 1.230078 0.074721
0.149212 1.237799 -0.007089
0.254193 1.245520 -0.088898
0.359174 1.253241 -0.170707
0.464155 1.260962 -0.252517
0.430864 1.268683 -0.334326
0.325883 1.276405 -0.416135
0.220902 1.284126 -0.497944
0.114954 1.291919 -0.419493
0.009005 1.299711 -0.336930
-0.096943 1.307504 -0.254366
-0.202892 1.315297 -0.171803
-0.308840 1.323089 -0.089240
-0.414789 1.330882 -0.006676
-0.479263 1.338675 0.075887
-0.373314 1.346467 0.158450
-0.267366 1.354260 0.241013
-0.161417 1.362053 0.323577
-0.054510 1.369916 0.406887
-0.052902 1.327012 0.334737
-0.077620 1.271416 0.223722
-0.102338 1.215821 0.112706
-0.127055 1.160225 0.001690
-0.151773 1.104630 -0.109325
-0.176491 1.049034 -0.220341
-0.201208 0.993438 -0.331356
-0.225926 0.937843 -0.442372
-0.250643 0.882247 -0.446613
-0.275581 0.826157 -0.334610
-0.300518 0.770067 -0.222608
-0.325456 0.713978 -0.110606
-0.350393 0.657888 0.001397
-0.375330 0.601798 0.113399
-0.400268 0.545708 0.225401
-0.425205 0.489619 0.337404
-0.450143 0.433529 0.449406
-0.475080 0.377438 0.438591
-0.499983 0.321348 0.326589
-0.474827 0.264768 0.213608
-0.449672 0.208189 0.100627
-0.424517 0.151609 -0.012353
-0.399362 0.095029 -0.125334
-0.374206 0.038449 -0.238314
-0.349051 -0.018131 -0.351295
-0.323896 -0.074711 -0.464276
-0.298741 -0.131291 -0.422744
-0.273585 -0.187871 -0.309763
-0.248430 -0.244451 -0.196783
-0.223059 -0.301516 -0.082832
-0.197688 -0.358582 0.031118
-0.172317 -0.415647 0.145069
-0.146946 -0.472713 0.259019
-0.121575 -0.470222 0.372969
-0.096204 -0.413156 0.486920
-0.070833 -0.356091 0.399130
-0.045462 -0.299025 0.285180
-0.020091 -0.241960 0.171229
0.005280 -0.184894 0.057279
0.030866 -0.127347 -0.057633
0.056451 -0.069800 -0.172545
0.082036 -0.012253 -0.287457
0.107621 0.045294 -0.402369
0.133206 0.102842 -0.482719
0.158791 0.160389 -0.367806
0.184377 0.217936 -0.252894
0.209962 0.275483 -0.137982
0.235547 0.333030 -0.023070
0.261132 0.390577 0.091842
0.286930 0.448602 0.207707
0.312727 0.506627 0.323573
0.338525 0.564652 0.439439
0.364322 0.622676 0.444695
0.390120 0.680701 0.328830
0.415917 0.738725 0.212964
0.441715 0.796750 0.097098
0.467512 0.854774 -0.018767
0.493310 0.912799 -0.134633
0.480893 0.970823 -0.250499
0.454885 1.029322 -0.367310
0.428877 1.087820 -0.484121
0.402868 1.146318 -0.399067
0.376860 1.204817 -0.282256
0.350852 1.263315 -0.165444
0.324844 1.321814 -0.048633
0.298836 1.380312 0.068179
0.272827 1.438810 0.184990
0.246819 1.497309 0.301802
0.220811 1.555807 0.418613
0.194594 1.614775 0.463637
0.168377 1.673743 0.345887
0.142160 1.732711 0.228137
0.115943 1.791679 0.110388
0.089726 1.850647 -0.007362
0.063509 1.909616 -0.125112
0.037292 1.968584 -0.242862
0.011075 1.944911 -0.360612
-0.015142 1.885943 -0.478361
-0.041359 1.826975 -0.403889
-0.067783 1.767541 -0.285208
-0.094208 1.708107 -0.166528
-0.120632 1.648673 -0.047847
-0.147056 1.589239 0.070834
-0.173480 1.529804 0.189514
-0.199905 1.470370 0.308195
-0.226329 1.410936 0.426875
-0.252753 1.351502 0.454444
-0.279177 1.292068 0.335763
-0.305601 1.232634 0.217083
-0.332231 1.172737 0.097479
-0.358861 1.112840 -0.022126
-0.377136 1.060996 -0.115979
-0.320212 1.081621 0.021922
-0.263288 1.102247 0.159822
-0.206364 1.122872 0.297723
-0.149440 1.143498 0.435624
-0.092516 1.164124 0.426475
-0.035593 1.184749 0.288575
0.021331 1.205375 0.150674
0.078691 1.226158 0.011716
0.136051 1.246941 -0.127241
0.193411 1.267724 -0.266199
0.250771 1.288507 -0.405156
0.308131 1.309290 -0.455886
0.365491 1.330073 -0.316929
0.422851 1.350855 -0.177971
0.480211 1.371638 -0.039014
0.462429 1.392421 0.099944
0.405069 1.413204 0.238902
0.347276 1.434145 0.378908
0.289483 1.455085 0.481086
0.231690 1.476025 0.341080
0.173897 1.496966 0.201073
0.116104 1.517906 0.061067
0.058311 1.538846 -0.078939
0.000518 1.559786 -0.218945
-0.057275 1.580727 -0.358952
-0.115068 1.601667 -0.498958
-0.172861 1.622607 -0.361036
-0.231083 1.643703 -0.219989
-0.289306 1.664798 -0.078941
-0.347529 1.685893 0.062106
-0.405751 1.706988 0.203153
-0.463974 1.728084 0.344200
-0.477803 1.749179 0.485248
-0.419580 1.770274 0.373705
-0.361358 1.791370 0.232658
-0.303135 1.812465 0.091611
-0.244912 1.833560 -0.049437
-0.186263 1.854810 -0.191517
-0.127614 1.876061 -0.333598
-0.068965 1.897311 -0.475678
-0.010316 1.918561 -0.382241
0.048334 1.939811 -0.240161
0.106983 1.961062 -0.098080
0.165632 1.982312 0.044001
0.224281 2.003562 0.186081
0.282930 2.024812 0.328162
0.341580 2.046063 0.470242
0.400652 2.067466 0.386651
0.459725 2.088868 0.243545
0.481202 2.110271 0.100438
0.422130 2.131674 -0.042668
0.363057 2.153077 -0.185775
0.303984 2.174480 -0.328881
0.244912 2.195883 -0.471988
0.185839 2.217285 -0.384906
0.126766 2.238688 -0.241799
0.067694 2.260091 -0.098693
0.008201 2.281646 0.045432
-0.051293 2.303202 0.189557
-0.110786 2.324757 0.333682
-0.170279 2.346313 0.477807
-0.229772 2.367868 0.378068
-0.289265 2.389424 0.233943
-0.348758 2.410979 0.089818
-0.408251 2.432534 -0.054307
-0.467744 2.454090 -0.198432
-0.472762 2.475645 -0.342557
-0.412852 2.497353 -0.487694
-0.352941 2.519061 -0.367170
-0.293030 2.540769 -0.222033
-0.233120 2.534655 -0.076897
-0.173209 2.512947 0.068239
-0.113298 2.491239 0.213376
-0.053388 2.469531 0.358512
0.006523 2.430886 0.496351
0.066433 2.363925 0.351215
0.126344 2.336002 0.206079
0.186669 2.314143 0.059938
0.246994 2.292285 -0.086203
0.307320 2.270427 -0.232344
0.367645 2.248569 -0.378485
0.427970 2.226711 -0.475374
0.488295 2.204852 -0.329234
0.451379 2.182994 -0.183093
0.391054 2.161136 -0.036952
0.330729 2.139278 0.109189
0.270404 2.117419 0.255330
0.209666 2.095413 0.402468
0.148929 2.073407 0.450393
0.088193 2.051401 0.303255
0.027456 2.029395 0.156116
-0.033281 2.007389 0.008978
-0.094018 1.985382 -0.138161
-0.154755 1.963375 -0.285299
-0.215492 1.941368 -0.432438
-0.276230 1.919361 -0.420424
-0.336967 1.897354 -0.273285
-0.398113 1.875198 -0.125156
-0.459259 1.853043 0.022973
-0.479595 1.830888 0.171102
-0.418449 1.808733 0.319232
-0.357303 1.786578 0.467361
-0.296157 1.764423 0.384510
-0.235011 1.742268 0.236381
-0.173865 1.720113 0.088251
-0.112719 1.697958 -0.059878
-0.051573 1.675803 -0.208007
0.009979 1.653501 -0.357121
0.071531 1.631200 -0.493766
0.133084 1.608898 -0.344652
0.194636 1.586596 -0.195539
0.256188 1.564295 -0.046425
0.317740 1.541993 0.102688
0.379293 1.519691 0.251802
0.440845 1.497390 0.400915
0.497603 1.475088 0.449971
0.436051 1.452786 0.300858
0.374095 1.430338 0.150766
0.312139 1.407890 0.000675
0.250183 1.385441 -0.149416
0.188227 1.362993 -0.299508
0.126271 1.340545 -0.449599
0.064315 1.318097 -0.400310
0.002359 1.295648 -0.250218
-0.059597 1.273200 -0.100127
-0.121553 1.250752 0.049964
-0.183509 1.228303 0.200056
-0.245866 1.205710 0.351119
-0.217420 1.194284 0.386030
-0.098171 1.194026 0.304789
0.021078 1.193769 0.223548
0.140327 1.193511 0.142307
0.259576 1.193254 0.061066
0.378825 1.192997 -0.020175
0.498074 1.192739 -0.101416
0.382677 1.192482 -0.182656
0.263428 1.192224 -0.263897
0.143418 1.191965 -0.345657
0.023407 1.191707 -0.427417
-0.096604 1.191448 -0.490823
-0.216615 1.191189 -0.409063
-0.336626 1.190931 -0.327303
-0.456637 1.190672 -0.245543
-0.423352 1.190413 -0.163783
-0.303341 1.190155 -0.082023
-0.183330 1.189896 -0.000263
-0.063320 1.189637 0.081497
0.057448 1.189376 0.163773
0.178216 1.189115 0.246049
0.298984 1.188854 0.328325
0.419752 1.188593 0.410601
0.459480 1.188332 0.492876
0.338712 1.188071 0.424848
0.217944 1.187810 0.342572
0.097176 1.187549 0.260296
-0.023592 1.187288 0.178020
-0.144360 1.187027 0.095744
-0.265881 1.186764 0.012956
-0.387401 1.186502 -0.069833
-0.491078 1.186240 -0.152621
-0.369558 1.185977 -0.235410
-0.248038 1.185715 -0.318198
-0.126517 1.185453 -0.400987
-0.004997 1.185191 -0.483775
0.116524 1.184928 -0.433436
0.238044 1.184666 -0.350648
0.359565 1.184404 -0.267860
0.481833 1.184140 -0.184562
0.395899 1.183877 -0.101264
0.273631 1.183614 -0.017966
0.151362 1.183350 0.065332
0.029094 1.183087 0.148630
-0.093174 1.182823 0.231928
-0.215443 1.182560 0.315226
-0.337711 1.182296 0.398524
-0.459979 1.182033 0.481822
-0.417753 1.181769 0.434880
-0.294741 1.181504 0.351075
-0.171730 1.181238 0.267271
-0.048718 1.180972 0.183466
0.074294 1.180706 0.099662
0.197305 1.180440 0.015858
0.320317 1.180174 -0.067947
0.443328 1.179909 -0.151751
0.433660 1.179643 -0.235555
0.310649 1.179377 -0.319360
0.187637 1.179111 -0.403164
0.063887 1.178844 -0.487472
-0.059864 1.178577 -0.428220
-0.183614 1.178310 -0.343913
-0.307365 1.178043 -0.259605
-0.431115 1.177776 -0.175297
-0.445134 1.177509 -0.090990
-0.321384 1.177242 -0.006682
-0.197633 1.176975 0.077626
-0.073883 1.176708 0.161933
0.049868 1.176441 0.246241
0.174352 1.176172 0.331049
0.298837 1.175904 0.415857
0.423322 1.175636 0.499335
0.452193 1.175368 0.414527
0.327708 1.175100 0.329719
0.203223 1.174831 0.244912
0.078738 1.174563 0.160104
-0.045747 1.174295 0.075296
-0.170232 1.174027 -0.009512
-0.294716 1.173759 -0.094320
-0.419931 1.173488 -0.179626
-0.454853 1.173217 -0.264931
-0.329638 1.172947 -0.350237
-0.204423 1.172676 -0.435542
-0.079208 1.172405 -0.479152
0.046007 1.172135 -0.393846
0.171222 1.171864 -0.308541
0.296437 1.171594 -0.223235
0.421652 1.171323 -0.137930
0.453133 1.171052 -0.052624
0.327192 1.170781 0.033175
0.201252 1.170509 0.118975
0.075311 1.170237 0.204775
-0.050630 1.169965 0.290575
-0.176571 1.169693 0.376375
-0.302512 1.169422 0.462175
-0.428453 1.169150 0.452025
-0.445607 1.168878 0.366225
-0.319666 1.168606 0.280425
-0.193725 1.168334 0.194625
-0.067063 1.168061 0.108333
0.059600 1.167789 0.022041
0.186263 1.167516 -0.064250
0.312925 1.167243 -0.150542
0.439588 1.166970 -0.236833
0.433750 1.166697 -0.323125
0.307087 1.166424 -0.409417
0.180425 1.166151 -0.495709
0.053762 1.165878 -0.418000
-0.072901 1.165605 -0.331708
-0.200281 1.165329 -0.244927
-0.327661 1.165054 -0.158147
-0.455041 1.164778 -0.071366
-0.417579 1.164503 0.015414
-0.290198 1.164228 0.102195
-0.162818 1.163952 0.188975
-0.035438 1.163677 0.275756
0.091942 1.163402 0.362536
0.219323 1.163126 0.449317
0.346703 1.162851 0.463903
0.474797 1.162574 0.376636
0.397109 1.162298 0.289369
0.269015 1.162021 0.202102
0.140922 1.161745 0.114836
0.012828 1.161468 0.027569
-0.115266 1.161191 -0.059698
-0.243360 1.160915 -0.146965
-0.371454 1.160638 -0.234231
-0.499548 1.160362 -0.321498
-0.372358 1.160085 -0.408765
-0.243555 1.159807 -0.496515
-0.114751 1.159530 -0.415735
0.014052 1.159252 -0.327984
0.142856 1.158974 -0.240234
0.271660 1.158696 -0.152484
0.400463 1.158419 -0.064734
0.470733 1.158141 0.023017
0.341930 1.157863 0.110767
0.213126 1.157585 0.198517
0.084323 1.157308 0.286267
-0.045187 1.157029 0.374498
-0.174696 1.156750 0.462729
-0.304205 1.156471 0.449040
-0.433714 1.156192 0.360809
-0.436776 1.155913 0.272578
-0.307267 1.155634 0.184347
-0.177758 1.155355 0.096116
-0.048248 1.155076 0.007885
0.081261 1.154797 -0.080346
0.210770 1.154518 -0.168577
0.340982 1.154237 -0.257286
0.471193 1.153955 -0.345996
0.398596 1.153674 -0.434705
0.268384 1.153393 -0.476586
0.138173 1.153111 -0.387876
0.007962 1.152830 -0.299167
-0.122250 1.152549 -0.210458
-0.252461 1.152267 -0.121749
-0.382672 1.151986 -0.033039
-0.487116 1.151705 0.055670
-0.356207 1.151422 0.144855
-0.225297 1.151140 0.234040
-0.094388 1.150857 0.323225
0.036521 1.150575 0.412410
0.167431 1.150292 0.498405
0.298340 1.150010 0.409220
0.429250 1.149727 0.320035
0.439841 1.149445 0.230850
0.308931 1.149162 0.141666
0.178022 1.148880 0.052481
0.046418 1.148596 -0.037177
-0.085186 1.148312 -0.126835
-0.216790 1.148028 -0.216494
-0.348394 1.147745 -0.306152
-0.479998 1.147461 -0.395809
-0.388398 1.147177 -0.485467
-0.256794 1.146894 -0.424875
-0.125190 1.146610 -0.335217
0.006414 1.146326 -0.245559
0.138018 1.146042 -0.155901
0.270313 1.145757 -0.065772
0.402608 1.145473 0.024356
0.465098 1.145188 0.114485
0.332803 1.144903 0.204614
0.200508 1.144618 0.294742
0.068213 1.144333 0.384871
-0.064082 1.144048 0.475000
-0.196376 1.143763 0.434871
-0.328671 1.143478 0.344742
-0.460966 1.143193 0.254614
-0.406052 1.142906 0.164017
-0.273070 1.142619 0.073420
-0.140088 1.142331 -0.017177
-0.007106 1.142044 -0.107774
0.125876 1.141757 -0.198371
0.258858 1.141469 -0.288968
0.391841 1.141182 -0.379565
0.475177 1.140895 -0.470162
0.342195 1.140608 -0.439242
0.209213 1.140320 -0.348645
0.075547 1.140032 -0.257582
-0.058118 1.139743 -0.166519
-0.191784 1.139455 -0.075457
-0.325450 1.139166 0.015606
-0.459116 1.138878 0.106669
-0.407218 1.138589 0.197731
-0.273553 1.138301 0.288794
-0.139887 1.138012 0.379857
-0.006221 1.137724 0.470920
0.127445 1.137435 0.438017
0.261791 1.137146 0.346491
0.396137 1.136856 0.254965
0.469518 1.136566 0.163439
0.335172 1.136277 0.071913
0.200826 1.135987 -0.019613
0.066480 1.135697 -0.111139
-0.067866 1.135408 -0.202665
-0.202212 1.135118 -0.294191
-0.336558 1.134828 -0.385718
-0.470904 1.134539 -0.477244
-0.394073 1.134248 -0.430769
-0.259051 1.133957 -0.338782
-0.124028 1.133666 -0.246794
0.010995 1.133375 -0.154807
0.146018 1.133084 -0.062820
0.281041 1.132793 0.029167
0.416063 1.132503 0.121154
0.448914 1.132212 0.213142
0.313891 1.131921 0.305129
0.178868 1.131630 0.397116
0.043172 1.131337 0.489562
-0.092524 1.131043 0.417992
-0.228220 1.130750 0.325546
-0.363916 1.130457 0.233100
-0.499613 1.130164 0.140654
-0.364691 1.129870 0.048208
-0.228995 1.129577 -0.044238
-0.093299 1.129284 -0.136684
0.042398 1.128991 -0.229130
