-0.288578 -0.086884 -0.461088
-0.310889 -0.085246 -0.448196
-0.333199 -0.083608 -0.435304
-0.355510 -0.081970 -0.422412
-0.377821 -0.080332 -0.409520
-0.400132 -0.136290 -0.396627
-0.422443 -0.223809 -0.383735
-0.430989 -0.277599 -0.398753
-0.430358 -0.304344 -0.432377
-0.429727 -0.335075 -0.466000
-0.429096 -0.364531 -0.499624
-0.428324 -0.372817 -0.459195
-0.440379 -0.396463 -0.457557
-0.455642 -0.432139 -0.465804
-0.470905 -0.452495 -0.474051
-0.486167 -0.470697 -0.482298
-0.498570 -0.488900 -0.490545
-0.483307 -0.492898 -0.498793
-0.468045 -0.474696 -0.492960
-0.452782 -0.456493 -0.484713
-0.437519 -0.438291 -0.476466
-0.419895 -0.417273 -0.466942
-0.402272 -0.396255 -0.457419
-0.384648 -0.375237 -0.447896
-0.367024 -0.354219 -0.438372
-0.349400 -0.333201 -0.428849
-0.331776 -0.313045 -0.419326
-0.314152 -0.334063 -0.409802
-0.296528 -0.355081 -0.400279
-0.278904 -0.376099 -0.390756
-0.261280 -0.397117 -0.381232
-0.241576 -0.420616 -0.370585
-0.221872 -0.444115 -0.359938
-0.202168 -0.467614 -0.349291
-0.182464 -0.491113 -0.338644
-0.162761 -0.485388 -0.327996
-0.143057 -0.461890 -0.317349
-0.123353 -0.438391 -0.306702
-0.103649 -0.414892 -0.296055
-0.083945 -0.391393 -0.285408
-0.064241 -0.367894 -0.274761
-0.042656 -0.342152 -0.263097
-0.021071 -0.316411 -0.251434
0.000513 -0.290669 -0.239770
0.022098 -0.304922 -0.228107
0.043683 -0.330664 -0.216443
0.065267 -0.356406 -0.204780
0.085504 -0.371451 -0.191064
0.100347 -0.343711 -0.169140
0.115191 -0.315970 -0.147215
0.130034 -0.288229 -0.125291
0.146066 -0.258266 -0.101610
0.162099 -0.276811 -0.077928
0.178132 -0.306774 -0.054247
0.194164 -0.336738 -0.030566
0.210197 -0.366701 -0.006885
0.226230 -0.396664 0.016797
0.242262 -0.426627 0.040478
0.258295 -0.456591 0.064159
0.274328 -0.486554 0.087840
0.290360 -0.483483 0.111521
0.307500 -0.451451 0.136838
0.324640 -0.419419 0.162154
0.341779 -0.387387 0.187470
0.358919 -0.355354 0.212787
0.376058 -0.323322 0.238103
0.393198 -0.291290 0.263419
0.410338 -0.259258 0.288735
0.427477 -0.227226 0.314052
0.444617 -0.195194 0.339368
0.461756 -0.181267 0.364684
0.479936 -0.215242 0.391536
0.498115 -0.249217 0.418388
0.483705 -0.283192 0.445240
0.465526 -0.317168 0.472092
0.447346 -0.351143 0.498943
0.429167 -0.385118 0.474205
0.410988 -0.419093 0.447353
0.392808 -0.453069 0.420501
0.374629 -0.487044 0.393649
0.356449 -0.478981 0.366797
0.337287 -0.443168 0.338493
0.318124 -0.407355 0.310188
0.298962 -0.371542 0.281884
0.279799 -0.335729 0.253579
0.260636 -0.299917 0.225275
0.241474 -0.264104 0.196970
0.222311 -0.228291 0.168666
0.203149 -0.192478 0.140361
0.183986 -0.156665 0.112057
0.164823 -0.120852 0.083752
0.144725 -0.083291 0.054066
0.124628 -0.061346 0.024381
0.104530 -0.098907 -0.005305
0.084432 -0.136468 -0.034991
0.064334 -0.174029 -0.064677
0.044236 -0.211590 -0.094363
0.024138 -0.249150 -0.124049
0.004040 -0.286711 -0.153735
-0.016058 -0.324272 -0.183421
-0.036156 -0.361833 -0.213107
-0.057148 -0.401064 -0.244113
-0.078139 -0.440295 -0.275119
-0.099131 -0.479526 -0.306125
-0.120123 -0.481243 -0.337131
-0.141114 -0.442011 -0.368137
-0.162106 -0.402780 -0.399143
-0.183098 -0.363549 -0.430149
-0.204090 -0.324318 -0.461155
-0.225081 -0.285087 -0.492161
-0.246073 -0.245855 -0.476832
-0.267922 -0.205023 -0.444560
-0.289770 -0.164190 -0.412288
-0.311619 -0.123357 -0.380016
-0.333468 -0.082524 -0.347744
-0.355316 -0.041691 -0.315472
-0.377165 -0.000858 -0.283200
-0.399014 0.012212 -0.250928
-0.420862 -0.028621 -0.218656
-0.442711 -0.069454 -0.186384
-0.464560 -0.110287 -0.154112
-0.487233 -0.152662 -0.120622
-0.490093 -0.195036 -0.087131
-0.467419 -0.237410 -0.053641
-0.444746 -0.279785 -0.020151
-0.422072 -0.322159 0.013339
-0.399399 -0.364534 0.046830
-0.376725 -0.406908 0.080320
-0.354051 -0.449283 0.113810
-0.331378 -0.491657 0.147301
-0.308704 -0.465969 0.180791
-0.285235 -0.422107 0.215457
-0.261765 -0.378245 0.250122
-0.238296 -0.334384 0.284788
-0.214827 -0.290522 0.319454
-0.191357 -0.246661 0.354120
-0.167888 -0.202799 0.388786
-0.144419 -0.158937 0.423451
-0.120949 -0.115076 0.458117
-0.097480 -0.071214 0.492783
-0.074011 -0.027352 0.472551
-0.049772 0.017948 0.436749
-0.025533 0.063248 0.400946
-0.001294 0.042767 0.365143
0.022946 -0.002533 0.329341
0.047185 -0.047833 0.293538
0.071424 -0.093133 0.257735
0.095663 -0.138433 0.221933
0.119902 -0.183733 0.186130
0.144141 -0.229034 0.150327
0.168380 -0.274334 0.114525
0.193365 -0.321028 0.077620
0.218350 -0.367722 0.040716
0.243335 -0.414417 0.003811
0.268320 -0.461111 -0.033093
0.293305 -0.492195 -0.069998
0.318290 -0.445501 -0.106902
0.343275 -0.398806 -0.143807
0.342134 -0.366189 -0.145041
0.280032 -0.366419 -0.063046
0.217930 -0.366649 0.018948
0.154027 -0.366886 0.103321
0.090125 -0.367123 0.187693
0.026222 -0.367359 0.272065
-0.037681 -0.367596 0.356437
-0.101583 -0.367833 0.440809
-0.165486 -0.368069 0.474819
-0.229389 -0.368306 0.390446
-0.293291 -0.368542 0.306074
-0.357194 -0.368779 0.221702
-0.421097 -0.369016 0.137330
-0.486751 -0.369259 0.050646
-0.447596 -0.369502 -0.036038
-0.381942 -0.369745 -0.122722
-0.316289 -0.369989 -0.209407
-0.250635 -0.370232 -0.296091
-0.184981 -0.370475 -0.382775
-0.119327 -0.370718 -0.469459
-0.053674 -0.370961 -0.443857
0.011980 -0.371204 -0.357172
0.077634 -0.371448 -0.270488
0.144993 -0.371697 -0.181552
0.212353 -0.371947 -0.092616
0.279712 -0.372196 -0.003680
0.347071 -0.372445 0.085256
0.414430 -0.372695 0.174192
0.481789 -0.372944 0.263128
0.450851 -0.373194 0.352064
0.383492 -0.373443 0.441000
0.316133 -0.373693 0.470064
0.248774 -0.373942 0.381127
0.179751 -0.374198 0.289995
0.110728 -0.374453 0.198863
0.041705 -0.374709 0.107731
-0.027317 -0.374965 0.016598
-0.096340 -0.375221 -0.074534
-0.165363 -0.375476 -0.165666
-0.234386 -0.375732 -0.256799
-0.303409 -0.375988 -0.347931
-0.372431 -0.376243 -0.439063
-0.441454 -0.376499 -0.469805
-0.487899 -0.376761 -0.376528
-0.417252 -0.377022 -0.283251
-0.346605 -0.377284 -0.189974
-0.275958 -0.377546 -0.096697
-0.205311 -0.377807 -0.003420
-0.134664 -0.378069 0.089857
-0.064017 -0.378331 0.183134
0.006630 -0.378592 0.276410
0.077277 -0.378854 0.369687
0.147924 -0.379116 0.462964
0.220159 -0.379383 0.441663
0.292394 -0.379650 0.346289
0.364629 -0.379918 0.250916
0.436864 -0.380185 0.155543
0.490901 -0.380452 0.060169
0.418666 -0.380720 -0.035204
0.346432 -0.380987 -0.130577
0.274197 -0.381254 -0.225950
0.201962 -0.381522 -0.321324
0.129727 -0.381789 -0.416697
0.055939 -0.382062 -0.485878
-0.017850 -0.382336 -0.388453
-0.091638 -0.382609 -0.291029
-0.165427 -0.382882 -0.193604
-0.239215 -0.383155 -0.096180
-0.313004 -0.383429 0.001245
-0.386792 -0.383702 0.098670
-0.460581 -0.383975 0.196094
-0.465631 -0.384249 0.293519
-0.391842 -0.384522 0.390943
-0.316533 -0.384801 0.490377
-0.241223 -0.385080 0.410190
-0.165913 -0.385359 0.310757
-0.090603 -0.385638 0.211323
-0.015293 -0.385917 0.111890
0.060017 -0.386196 0.012456
0.135327 -0.386475 -0.086977
0.210637 -0.386753 -0.186411
0.285947 -0.387032 -0.285844
0.361257 -0.387311 -0.385278
0.438059 -0.387596 -0.486680
0.485140 -0.387880 -0.411917
0.408338 -0.388164 -0.310514
0.331537 -0.388449 -0.209111
0.254735 -0.388733 -0.107709
0.177934 -0.389017 -0.006306
0.157080 -0.366781 -0.013642
0.173525 -0.329531 -0.093470
0.189970 -0.292281 -0.173298
0.206415 -0.255031 -0.253126
0.223173 -0.217072 -0.334475
0.239931 -0.179112 -0.415823
0.256689 -0.141153 -0.497172
0.273448 -0.103193 -0.421479
0.290206 -0.065234 -0.340130
0.306964 -0.027274 -0.258782
0.323722 0.010686 -0.177433
0.340480 0.048645 -0.096084
0.357238 0.086605 -0.014735
0.373996 0.124564 0.066613
0.391062 0.163221 0.149455
0.408128 0.201877 0.232296
0.425194 0.240533 0.315138
0.442259 0.279189 0.397979
0.459325 0.317845 0.480821
0.476391 0.356502 0.436338
0.493456 0.395158 0.353496
0.489478 0.433814 0.270655
0.472412 0.472471 0.187813
0.455347 0.511127 0.104972
0.437979 0.550467 0.020664
0.420611 0.589807 -0.063644
0.403244 0.629148 -0.147952
0.385876 0.668488 -0.232260
0.368509 0.694639 -0.316568
0.351141 0.655299 -0.400875
0.333773 0.615959 -0.485183
0.316406 0.576619 -0.430509
0.299038 0.537278 -0.346201
0.281671 0.497938 -0.261893
0.264006 0.457925 -0.176144
0.246341 0.417912 -0.090395
0.228677 0.377899 -0.004646
0.211012 0.337886 0.081103
0.193347 0.297874 0.166852
0.175683 0.257861 0.252601
0.158018 0.217848 0.338350
0.140354 0.177835 0.424099
0.122689 0.137822 0.490152
0.105025 0.097809 0.404403
0.087068 0.057135 0.317236
0.069111 0.016460 0.230070
0.051155 -0.024214 0.142903
0.033198 -0.064888 0.055737
0.015242 -0.105563 -0.031430
-0.002715 -0.146237 -0.118596
-0.020672 -0.186911 -0.205763
-0.038628 -0.227586 -0.292929
-0.056585 -0.268260 -0.380096
-0.074541 -0.308934 -0.467262
-0.092785 -0.350259 -0.444177
-0.111029 -0.391584 -0.355615
-0.129273 -0.432909 -0.267054
-0.147517 -0.474235 -0.178493
-0.165761 -0.484440 -0.089932
-0.184005 -0.443115 -0.001370
-0.202249 -0.401790 0.087191
-0.220493 -0.360465 0.175752
-0.238737 -0.319140 0.264314
-0.256981 -0.277815 0.352875
-0.275508 -0.235849 0.442809
-0.258283 -0.187229 0.497793
-0.157637 -0.123081 0.490351
-0.056992 -0.058933 0.478495
0.043654 0.005215 0.466640
0.144300 0.069363 0.454784
0.244945 0.133511 0.442928
0.345591 0.197659 0.431073
0.446237 0.261807 0.419217
0.453118 0.325955 0.407361
0.350959 0.391068 0.395328
0.248800 0.456181 0.383294
0.146641 0.521293 0.371260
0.044481 0.586406 0.359226
-0.057678 0.651519 0.347192
-0.159837 0.716632 0.335158
-0.261996 0.781744 0.323124
-0.364155 0.837732 0.311090
-0.466314 0.772619 0.299056
-0.431527 0.707506 0.287023
-0.327876 0.641443 0.274813
-0.224226 0.575380 0.262603
-0.120575 0.509316 0.250393
-0.016924 0.443253 0.238184
0.086726 0.377190 0.225974
0.190377 0.311127 0.213764
0.294027 0.245064 0.201555
0.397678 0.179000 0.189345
0.498671 0.112937 0.177135
0.395021 0.046874 0.164925
0.289900 -0.020126 0.152543
0.184779 -0.087127 0.140160
0.079658 -0.154127 0.127777
-0.025463 -0.221128 0.115394
-0.130584 -0.288128 0.103011
-0.235704 -0.355128 0.090628
-0.340825 -0.422129 0.078245
-0.445946 -0.489129 0.065863
-0.448933 -0.443871 0.053480
-0.343812 -0.376870 0.041097
-0.237241 -0.308946 0.028543
-0.130670 -0.241021 0.015989
-0.024100 -0.173096 0.003436
0.082471 -0.105172 -0.009118
0.189042 -0.037247 -0.021672
0.295613 0.030677 -0.034225
0.402184 0.098602 -0.046779
0.491245 0.166526 -0.059333
0.384674 0.234451 -0.071886
0.278103 0.302375 -0.084440
0.170101 0.371212 -0.097162
0.062100 0.440048 -0.109884
-0.045901 0.508884 -0.122607
-0.153903 0.577720 -0.135329
-0.261904 0.646556 -0.148051
-0.369906 0.715393 -0.160773
-0.477907 0.784229 -0.173495
-0.414091 0.853065 -0.186217
-0.306090 0.921901 -0.198940
-0.198088 0.990738 -0.211662
-0.088675 1.040133 -0.224550
0.020738 0.970397 -0.237439
0.130152 0.900661 -0.250327
0.239565 0.830924 -0.263216
0.348978 0.761188 -0.276104
0.458391 0.691452 -0.288993
0.432195 0.621716 -0.301881
0.322782 0.551979 -0.314770
0.213369 0.482243 -0.327659
0.103956 0.412507 -0.340547
-0.006851 0.341882 -0.353600
-0.117659 0.271258 -0.366653
-0.228466 0.200633 -0.379706
-0.339273 0.130008 -0.392759
-0.450080 0.059384 -0.405811
-0.439113 -0.011241 -0.418864
-0.328306 -0.081865 -0.431917
-0.217499 -0.152490 -0.444970
-0.106692 -0.223115 -0.458023
0.004116 -0.293739 -0.471076
0.116299 -0.365241 -0.484290
0.228483 -0.436743 -0.497505
0.340667 -0.491755 -0.489280
0.452850 -0.420253 -0.476065
0.434966 -0.348751 -0.462850
0.322782 -0.277249 -0.449635
0.210599 -0.205747 -0.436420
0.098415 -0.134245 -0.423205
-0.013769 -0.062743 -0.409990
-0.125952 0.008759 -0.396775
-0.239496 0.081128 -0.383400
-0.353040 0.153497 -0.370025
-0.466583 0.225865 -0.356650
-0.419873 0.298234 -0.343275
-0.306330 0.370603 -0.329900
-0.192786 0.442971 -0.316525
-0.079243 0.515340 -0.303150
0.034301 0.587708 -0.289775
0.147844 0.660077 -0.276400
0.261388 0.732445 -0.263025
0.376275 0.805670 -0.249492
0.491163 0.878895 -0.235959
0.393950 0.952120 -0.222425
0.279063 1.025345 -0.208892
0.164175 0.987386 -0.195358
0.049288 0.914161 -0.181825
-0.065599 0.840937 -0.168292
-0.180487 0.767712 -0.154758
-0.295374 0.694487 -0.141225
-0.410261 0.621262 -0.127691
-0.473523 0.547190 -0.114002
-0.357307 0.473118 -0.100312
-0.241092 0.399047 -0.086622
-0.124876 0.324975 -0.072932
-0.008661 0.250903 -0.059243
0.107555 0.176832 -0.045553
0.223770 0.102760 -0.031863
0.339986 0.028688 -0.018173
0.456202 -0.045383 -0.004483
0.427583 -0.119455 0.009206
0.310054 -0.194364 0.023051
0.192525 -0.269273 0.036895
0.074997 -0.344181 0.050740
-0.042532 -0.419090 0.064584
-0.160061 -0.493999 0.078429
-0.277589 -0.431093 0.092273
-0.395118 -0.356184 0.106118
-0.487353 -0.281275 0.119962
-0.369824 -0.206366 0.133806
-0.252296 -0.131458 0.147651
-0.133468 -0.055721 0.161648
-0.014641 0.020015 0.175646
0.104187 0.095752 0.189643
0.223014 0.171488 0.203641
0.341841 0.247225 0.217638
0.460669 0.322961 0.231635
0.420504 0.398697 0.245633
0.301676 0.474434 0.259630
0.314950 0.449621 0.266496
0.416293 0.357776 0.268608
0.481270 0.264938 0.270743
0.378832 0.172100 0.272878
0.276394 0.079262 0.275012
0.173957 -0.013576 0.277147
0.071519 -0.106414 0.279282
-0.030919 -0.199252 0.281417
-0.133357 -0.292091 0.283551
-0.235794 -0.384929 0.285686
-0.338232 -0.477767 0.287821
-0.330633 -0.483442 0.353123
-0.211752 -0.498860 0.482953
-0.092871 -0.485722 0.387217
0.026010 -0.470305 0.257387
0.144891 -0.454887 0.127557
0.263772 -0.439470 -0.002273
0.382653 -0.424052 -0.132103
0.498466 -0.408634 -0.261933
0.379586 -0.393217 -0.391763
0.260705 -0.377799 -0.478407
0.141824 -0.362381 -0.348577
0.021711 -0.346804 -0.217402
-0.098402 -0.331227 -0.086227
-0.155443 -0.337185 -0.034169
-0.065314 -0.393394 -0.166720
0.024815 -0.449603 -0.299270
0.114943 -0.494188 -0.431821
0.205072 -0.437979 -0.435629
0.295201 -0.381770 -0.303078
0.385329 -0.325561 -0.170527
0.475457 -0.269352 -0.037977
0.433499 -0.212573 0.095920
0.342455 -0.155793 0.229816
0.251411 -0.099013 0.363712
0.214548 -0.077286 0.417822
0.304105 -0.137345 0.285762
0.393662 -0.197405 0.153703
0.483219 -0.257464 0.021643
0.427225 -0.317524 -0.110417
0.337668 -0.377584 -0.242477
0.248111 -0.437643 -0.374536
0.157663 -0.498301 -0.492090
0.067215 -0.441042 -0.358716
-0.023234 -0.380385 -0.225342
-0.113682 -0.319727 -0.091969
-0.204130 -0.259070 0.041405
-0.294578 -0.198413 0.174779
-0.385026 -0.137756 0.308153
-0.475475 -0.077098 0.441526
-0.434077 -0.016441 0.425100
-0.343629 0.044216 0.291726
-0.252298 0.105465 0.157051
-0.160968 0.166714 0.022376
-0.069637 0.227963 -0.112299
0.021693 0.289212 -0.246974
0.113024 0.350461 -0.381649
0.204355 0.411710 -0.483676
0.295685 0.472960 -0.349001
0.387016 0.534209 -0.214326
0.478347 0.595458 -0.079651
0.430323 0.656707 0.055024
0.338118 0.718542 0.190988
0.245914 0.780377 0.326951
0.153709 0.842212 0.462915
0.061505 0.904047 0.401121
-0.030700 0.965882 0.265157
-0.122905 1.027717 0.129193
-0.215109 1.089552 -0.006771
-0.307314 1.151387 -0.142734
-0.399518 1.213222 -0.278698
-0.390479 1.248295 -0.240795
-0.337557 1.272120 -0.127321
-0.284635 1.295946 -0.013847
-0.231713 1.319771 0.099627
-0.178791 1.343596 0.213101
-0.125869 1.367421 0.326575
-0.072947 1.391246 0.440049
-0.020025 1.415071 0.446477
0.032897 1.438897 0.333003
0.085819 1.462722 0.219530
0.138741 1.486547 0.106056
0.192151 1.510592 -0.008464
0.245561 1.524091 -0.122984
0.298970 1.500047 -0.237504
0.352380 1.476002 -0.352024
0.405789 1.451958 -0.466544
0.459199 1.427913 -0.418936
0.487391 1.403869 -0.304416
0.433982 1.379824 -0.189897
0.380572 1.355780 -0.075377
0.327162 1.331735 0.039143
0.273269 1.307472 0.154699
0.219376 1.283210 0.270256
0.165483 1.258947 0.385812
0.111590 1.234684 0.498632
0.057697 1.210422 0.383076
0.003804 1.186159 0.267520
-0.050089 1.161896 0.151964
-0.103982 1.137634 0.036407
-0.157875 1.113371 -0.079149
-0.211768 1.089108 -0.194705
-0.266140 1.064631 -0.311288
-0.320512 1.040154 -0.427872
-0.374885 1.015677 -0.455545
-0.429257 0.991199 -0.338961
-0.483629 0.966721 -0.222378
-0.461999 0.942244 -0.105795
-0.407626 0.917766 0.010789
-0.353254 0.893288 0.127372
-0.298882 0.868810 0.243956
-0.244510 0.844332 0.360539
-0.189663 0.819640 0.478141
-0.134816 0.794949 0.404257
-0.079969 0.770257 0.286656
-0.025122 0.745565 0.169054
0.029725 0.720873 0.051452
0.084572 0.696181 -0.066149
0.139419 0.671489 -0.183751
0.194266 0.646798 -0.301353
0.249113 0.622106 -0.418954
0.303960 0.597414 -0.463444
0.359278 0.572511 -0.344833
0.414596 0.547607 -0.226222
0.469914 0.522704 -0.107611
0.474768 0.497800 0.011001
0.419450 0.472897 0.129612
0.364132 0.447994 0.248223
0.308814 0.423090 0.366834
0.253497 0.398187 0.485445
0.198179 0.373283 0.395944
0.142861 0.348380 0.277333
0.087077 0.323266 0.157721
0.031292 0.298152 0.038108
-0.024493 0.273038 -0.081504
-0.080277 0.247925 -0.201116
-0.136062 0.222811 -0.320728
-0.191846 0.197697 -0.440340
-0.247631 0.172584 -0.440049
-0.303416 0.147470 -0.320437
-0.359200 0.122356 -0.200825
-0.414985 0.097243 -0.081213
-0.471233 0.071920 0.039392
-0.472520 0.046598 0.159997
-0.416272 0.021276 0.280601
-0.360024 -0.004046 0.401206
-0.303777 -0.029368 0.478189
-0.247529 -0.054690 0.357585
-0.191281 -0.080012 0.236980
-0.135034 -0.105334 0.116375
-0.078786 -0.130657 -0.004229
-0.022539 -0.155979 -0.124834
0.034168 -0.181508 -0.246423
0.090875 -0.207036 -0.368013
0.147581 -0.232565 -0.489602
0.204288 -0.258094 -0.388809
0.260995 -0.283623 -0.267219
0.317701 -0.309152 -0.145630
0.374408 -0.334681 -0.024041
0.431115 -0.360210 0.097548
0.487821 -0.385739 0.219138
0.455472 -0.411268 0.340727
0.478712 -0.392531 0.286571
0.463590 -0.354734 0.156677
0.405893 -0.316938 0.026783
0.348195 -0.279142 -0.103111
0.290497 -0.241346 -0.233005
0.232799 -0.203549 -0.362899
0.175101 -0.165753 -0.492793
0.117403 -0.127957 -0.377313
0.059706 -0.090161 -0.247419
0.002008 -0.052364 -0.117525
-0.056146 -0.014269 0.013396
-0.114300 0.023826 0.144317
-0.172454 0.061921 0.275238
-0.230608 0.100016 0.406158
-0.288762 0.138111 0.462921
-0.346916 0.176206 0.332000
-0.405069 0.214301 0.201079
-0.463223 0.252397 0.070159
-0.478623 0.290492 -0.060762
-0.420469 0.328587 -0.191683
-0.361862 0.366978 -0.323623
-0.303256 0.405370 -0.455562
-0.244649 0.443762 -0.412498
-0.186043 0.482153 -0.280558
-0.127436 0.520545 -0.148619
-0.068830 0.558936 -0.016679
-0.010223 0.597328 0.115261
0.048383 0.635719 0.247200
0.106990 0.674110 0.379140
0.165596 0.712502 0.488920
0.224652 0.751187 0.355969
0.283708 0.789873 0.223019
0.342763 0.828559 0.090068
0.401819 0.867245 -0.042883
0.460875 0.905931 -0.175833
0.480070 0.944616 -0.308784
0.421014 0.983302 -0.441735
0.361958 1.021988 -0.425314
0.302903 1.060674 -0.292363
0.243847 1.099360 -0.159413
0.184346 1.138337 -0.025458
0.124845 1.177315 0.108496
0.065343 1.216293 0.242450
0.005842 1.255271 0.376404
-0.053659 1.294249 0.489642
-0.113161 1.333227 0.355687
-0.172662 1.372205 0.221733
-0.232163 1.411183 0.087779
-0.291664 1.450160 -0.046175
-0.351166 1.489138 -0.180129
-0.411109 1.528406 -0.315079
-0.471053 1.567673 -0.450029
-0.469003 1.606941 -0.415021
-0.409059 1.646208 -0.280071
-0.349115 1.685476 -0.145120
-0.289172 1.724743 -0.010170
-0.229228 1.764011 0.124780
-0.169284 1.803279 0.259730
-0.109341 1.842546 0.394680
-0.049397 1.881814 0.470370
0.010986 1.921368 0.334431
0.071369 1.960923 0.198492
0.131752 2.000478 0.062554
0.192135 2.040034 -0.073385
0.252517 2.079590 -0.209324
0.312900 2.119146 -0.345263
0.373283 2.158702 -0.481201
0.433666 2.198258 -0.382860
0.494048 2.237814 -0.246921
0.445569 2.277370 -0.110982
0.384750 2.317210 0.025938
0.323931 2.357050 0.162858
0.263112 2.396890 0.299779
0.202294 2.436729 0.436699
0.141475 2.421757 0.426381
0.080656 2.381917 0.289461
0.019837 2.342078 0.152540
-0.040982 2.302238 0.015620
-0.101801 2.262398 -0.121300
-0.162619 2.222558 -0.258220
-0.223871 2.182435 -0.396115
-0.285123 2.142312 -0.465990
-0.346375 2.102188 -0.328095
-0.407626 2.062065 -0.190201
-0.468878 2.021941 -0.052306
-0.469870 1.981817 0.085589
-0.408618 1.941692 0.223484
-0.347366 1.901568 0.361378
-0.286114 1.861443 0.499273
-0.224863 1.821319 0.362832
-0.163181 1.780913 0.223970
-0.101500 1.740507 0.085107
-0.039818 1.700101 -0.053755
0.021864 1.659695 -0.192618
0.083545 1.619289 -0.331480
0.145227 1.578883 -0.470343
0.206908 1.538477 -0.390795
0.268590 1.498071 -0.251932
0.330271 1.457665 -0.113070
0.391953 1.417259 0.025792
0.354114 1.495984 -0.073308
0.291288 1.604562 -0.232139
0.228462 1.713140 -0.390970
0.165636 1.821719 -0.450199
0.102810 1.930297 -0.291367
0.039984 2.038875 -0.132536
-0.022842 2.147453 0.026295
-0.085668 2.256032 0.185126
-0.148494 2.301616 0.343957
-0.211320 2.193038 0.497211
-0.274575 2.083718 0.337296
-0.337830 1.974399 0.177381
-0.401085 1.865079 0.017465
-0.464340 1.755759 -0.142450
-0.472406 1.646440 -0.302366
-0.409151 1.537120 -0.462281
-0.345896 1.427800 -0.377804
-0.282641 1.318480 -0.217888
-0.219386 1.209161 -0.057973
-0.156131 1.099841 0.101943
-0.092451 0.989786 0.262935
-0.028770 0.879730 0.423927
0.034911 0.769674 0.415081
0.098592 0.659618 0.254089
0.162273 0.549563 0.093096
0.225954 0.439507 -0.067896
0.289719 0.353448 -0.197616
0.354240 0.483366 -0.045891
0.418762 0.613284 0.105835
0.483283 0.743202 0.257561
0.451767 0.873983 0.410295
0.386816 1.004763 0.436971
0.321866 1.135544 0.284238
0.256916 1.266325 0.131504
0.191965 1.397106 -0.021230
0.127015 1.527887 -0.173964
0.062065 1.658668 -0.326698
-0.002885 1.789449 -0.479432
-0.067836 1.920230 -0.367834
-0.132786 2.051011 -0.215100
-0.198162 2.182649 -0.061365
-0.263538 2.314287 0.092371
-0.328914 2.445925 0.246106
-0.394291 2.577563 0.399841
-0.459667 2.709201 0.446423
-0.474957 2.689595 0.292688
-0.409581 2.557957 0.138953
-0.344205 2.426319 -0.014783
-0.278829 2.294681 -0.168518
-0.213452 2.163043 -0.322254
-0.147653 2.030551 -0.476984
-0.081854 1.898060 -0.368286
-0.016054 1.765570 -0.213555
0.049745 1.633080 -0.058825
0.115544 1.500589 0.095906
0.181344 1.368099 0.250636
0.247143 1.235608 0.405367
0.312942 1.103118 0.439903
0.378742 0.970628 0.285173
0.444541 0.838137 0.130442
0.489239 0.704800 -0.025277
0.423019 0.571464 -0.180996
0.356799 0.438127 -0.336716
0.290579 0.304790 -0.492435
0.224360 0.171452 -0.351846
0.158140 0.038115 -0.196127
0.091920 -0.095222 -0.040408
0.025700 -0.228559 0.115312
-0.040520 -0.361896 0.271031
-0.106740 -0.495233 0.426750
-0.173377 -0.370589 0.416548
-0.240015 -0.236410 0.259846
-0.306652 -0.102232 0.103145
-0.373290 0.031946 -0.053557
-0.439928 0.166124 -0.210259
-0.493435 0.300303 -0.366960
-0.426797 0.434481 -0.476338
-0.360159 0.568660 -0.319636
-0.293522 0.702838 -0.162934
-0.226884 0.837016 -0.006233
-0.159831 0.972030 0.151445
-0.092778 1.107044 0.309123
-0.025725 1.242059 0.466802
0.041327 1.377073 0.375520
0.108380 1.512087 0.217842
0.175433 1.647101 0.060164
0.242486 1.782115 -0.097514
0.309539 1.917129 -0.255192
0.376591 2.052143 -0.412870
0.443644 2.187157 -0.429452
0.488890 2.323003 -0.270804
0.421425 2.458849 -0.112155
0.353960 2.594695 0.046493
0.286494 2.730541 0.205141
0.219029 2.866388 0.363790
0.151564 2.891351 0.477562
0.084098 2.755505 0.318913
0.016633 2.619659 0.160265
-0.050833 2.483813 0.001616
-0.118298 2.347967 -0.157032
-0.186174 2.211296 -0.316645
-0.254049 2.074625 -0.476258
-0.321925 1.937954 -0.364129
-0.389801 1.801283 -0.204517
-0.457676 1.664612 -0.044904
-0.474448 1.527941 0.114709
-0.406572 1.391269 0.274322
-0.338697 1.254598 0.433935
-0.270821 1.117927 0.406452
-0.202945 0.981256 0.246840
-0.134662 0.843764 0.086268
-0.066379 0.706273 -0.074303
0.001904 0.568781 -0.234875
0.070187 0.431289 -0.395446
0.138471 0.293797 -0.443982
0.206754 0.156305 -0.283411
0.275037 0.018813 -0.122840
0.343320 -0.118678 0.037732
0.411603 -0.256170 0.198303
0.479886 -0.393662 0.358875
0.451425 -0.468030 0.479601
0.382737 -0.329722 0.318076
0.314049 -0.191415 0.156552
0.245360 -0.053107 -0.004972
0.176672 0.085201 -0.166497
0.107983 0.223509 -0.328021
0.039295 0.361817 -0.489546
-0.029394 0.500125 -0.348930
-0.098082 0.638432 -0.187406
-0.166770 0.776740 -0.025881
-0.235862 0.915859 0.136591
-0.304953 1.054978 0.299062
-0.374044 1.194098 0.461534
-0.443136 1.333218 0.375994
-0.487773 1.472337 0.213522
-0.418682 1.611457 0.051050
-0.349590 1.750577 -0.111421
-0.280499 1.889696 -0.273893
-0.211408 2.028816 -0.436365
-0.142316 2.167935 -0.401163
-0.072824 2.307861 -0.237750
-0.003333 2.447786 -0.074336
0.066159 2.587712 0.089078
0.135651 2.727637 0.252491
0.205143 2.867563 0.415905
0.274635 3.007488 0.420682
0.344127 3.147414 0.257268
0.413619 3.287339 0.093854
0.483110 3.187487 -0.069559
0.447398 3.047561 -0.232973
0.377508 2.906835 -0.397323
0.307618 2.766108 -0.438327
0.237728 2.625381 -0.273976
0.167837 2.484655 -0.109626
0.097947 2.343928 0.054724
0.028057 2.203202 0.219074
-0.041833 2.062475 0.383424
-0.111723 1.921748 0.452225
-0.181613 1.781020 0.287875
-0.251503 1.640292 0.123525
-0.321789 1.498767 -0.041756
-0.392076 1.357242 -0.207038
-0.462362 1.215717 -0.372319
-0.467352 1.074191 -0.462400
-0.397066 0.932666 -0.297118
-0.326780 0.791142 -0.131837
-0.256494 0.649617 0.033444
-0.186208 0.508092 0.198725
-0.115922 0.366568 0.364007
-0.045636 0.225043 0.470712
0.025044 0.082725 0.304505
0.095724 -0.059592 0.138297
0.166404 -0.201910 -0.027910
0.237084 -0.344227 -0.194117
0.307763 -0.486545 -0.360324
0.378443 -0.371137 -0.473468
0.449123 -0.228819 -0.307261
0.480197 -0.086502 -0.141054
0.409517 0.055816 0.025153
0.338838 0.198133 0.191361
0.267766 0.341239 0.358489
0.196695 0.484345 0.474383
0.125624 0.627451 0.307255
0.054552 0.770557 0.140127
-0.016519 0.913663 -0.027001
-0.087591 1.056769 -0.194129
-0.158662 1.199875 -0.361257
-0.229734 1.342981 -0.471614
-0.300805 1.486087 -0.304486
-0.371876 1.629193 -0.137358
-0.443337 1.773084 0.030686
-0.485202 1.916974 0.198730
-0.413741 2.060864 0.366774
-0.342280 2.204755 0.465182
-0.270819 2.348645 0.297139
-0.199358 2.492535 0.129095
-0.127897 2.636426 -0.038949
-0.056436 2.780316 -0.206993
0.015024 2.924206 -0.375037
0.086485 3.068097 -0.456919
0.158334 3.212767 -0.287964
0.230182 3.357437 -0.119010
0.302030 3.497171 0.049945
0.227277 3.431276 -0.048593
0.152523 3.364082 -0.147131
0.077770 3.296889 -0.245669
0.003017 3.229695 -0.344207
-0.071736 3.162502 -0.442745
-0.146490 3.095308 -0.458717
-0.221243 3.028115 -0.360179
-0.296397 2.960561 -0.261112
-0.371551 2.893008 -0.162046
-0.446705 2.825454 -0.062979
-0.478141 2.757900 0.036087
-0.402987 2.690347 0.135154
-0.327833 2.622793 0.234220
-0.252679 2.555240 0.333286
-0.177525 2.487686 0.432353
-0.102371 2.420133 0.468581
-0.027217 2.352579 0.369514
0.048336 2.284666 0.269922
0.123889 2.216752 0.170330
0.199442 2.148839 0.070738
0.274994 2.080925 -0.028854
0.350547 2.013012 -0.128446
0.426100 1.945099 -0.228037
0.498347 1.877187 -0.327629
0.422795 1.809275 -0.427221
0.347242 1.741362 -0.473187
0.271689 1.673450 -0.373595
0.195740 1.605181 -0.273480
0.119790 1.536912 -0.173365
0.043841 1.468644 -0.073251
-0.032109 1.400375 0.026864
-0.108058 1.332106 0.126979
-0.184007 1.263837 0.227094
-0.259957 1.195568 0.327208
-0.335906 1.127300 0.427323
-0.411856 1.059031 0.472562
-0.487805 0.990762 0.372448
-0.435851 0.922138 0.271813
-0.359507 0.853514 0.171178
-0.283163 0.784890 0.070543
-0.206819 0.716266 -0.030091
-0.130475 0.647642 -0.130726
-0.054131 0.579018 -0.231361
0.022213 0.510394 -0.331996
0.098557 0.441770 -0.432631
0.174901 0.373146 -0.466735
0.251244 0.304522 -0.366100
0.327981 0.235545 -0.264948
0.404717 0.166568 -0.163795
0.481454 0.097592 -0.062643
0.441810 0.028615 0.038509
0.365073 -0.040362 0.139661
0.288336 -0.109338 0.240813
0.211600 -0.178315 0.341966
0.134863 -0.247292 0.443118
0.058127 -0.316269 0.455730
-0.018609 -0.385245 0.354577
-0.095736 -0.454573 0.252910
-0.172863 -0.476100 0.151243
-0.249990 -0.406772 0.049576
-0.327117 -0.337444 -0.052091
-0.404244 -0.268117 -0.153758
-0.481371 -0.198789 -0.255425
-0.441502 -0.129461 -0.357092
-0.364375 -0.060133 -0.458759
-0.287248 0.009194 -0.439574
-0.210121 0.078522 -0.337907
-0.132606 0.148199 -0.235728
-0.055090 0.217876 -0.133549
0.022425 0.287553 -0.031369
0.099941 0.357230 0.070810
0.177456 0.426907 0.172989
0.254972 0.496584 0.275168
0.332487 0.566261 0.377347
0.410003 0.635938 0.479526
0.487518 0.705616 0.418295
0.434966 0.775293 0.316116
0.357064 0.845317 0.213427
0.279162 0.915342 0.110738
0.201260 0.985367 0.008049
0.123358 1.055392 -0.094639
0.045456 1.125416 -0.197328
-0.032447 1.195441 -0.300017
-0.110349 1.265466 -0.402706
-0.188251 1.335491 -0.494606
-0.266153 1.405515 -0.391917
