0.036019 -0.227356 0.290730
0.022143 -0.246527 0.301055
0.008268 -0.265698 0.311380
-0.005607 -0.284869 0.321705
-0.019483 -0.304041 0.332030
-0.033358 -0.323212 0.342355
-0.047233 -0.342383 0.352680
-0.061109 -0.361554 0.363005
-0.074984 -0.380726 0.373330
-0.088860 -0.399897 0.383655
-0.102735 -0.419068 0.393980
-0.119729 -0.442548 0.406626
-0.136722 -0.466027 0.419271
-0.153716 -0.489507 0.431917
-0.170710 -0.487013 0.444562
-0.187704 -0.463533 0.457207
-0.187193 -0.465196 0.470618
-0.182307 -0.473144 0.484221
-0.177421 -0.481092 0.497823
-0.172535 -0.489040 0.488575
-0.167648 -0.496988 0.474972
-0.162006 -0.493835 0.459266
-0.156364 -0.484658 0.443559
-0.150722 -0.475480 0.427853
-0.145080 -0.466303 0.412147
-0.139438 -0.457126 0.396440
-0.133796 -0.447948 0.380734
-0.128154 -0.438771 0.365027
-0.130310 -0.443590 0.373975
-0.134415 -0.451907 0.389086
-0.138521 -0.460225 0.404197
-0.143110 -0.469524 0.421091
-0.147700 -0.478823 0.437986
-0.152290 -0.488122 0.454881
-0.156880 -0.497422 0.471775
-0.161470 -0.493279 0.488670
-0.166060 -0.483980 0.494435
-0.170650 -0.474681 0.477541
-0.175239 -0.465382 0.460646
-0.179829 -0.456082 0.443752
-0.184419 -0.446783 0.426857
-0.189447 -0.436596 0.408350
-0.194475 -0.426410 0.389842
-0.199503 -0.416223 0.371335
-0.204531 -0.406036 0.352828
-0.209559 -0.395849 0.334321
-0.214587 -0.385663 0.315813
-0.219615 -0.375476 0.297306
-0.224643 -0.365289 0.278799
-0.229671 -0.355103 0.260292
-0.234699 -0.344916 0.241784
-0.240130 -0.333913 0.221794
-0.245560 -0.322910 0.201804
-0.250991 -0.311907 0.181814
-0.256422 -0.300904 0.161824
-0.261853 -0.289901 0.141834
-0.267284 -0.278898 0.121844
-0.272715 -0.267895 0.101854
-0.278146 -0.256892 0.081864
-0.283577 -0.245889 0.061874
-0.289007 -0.234886 0.041884
-0.297928 -0.242192 0.038125
-0.307628 -0.254267 0.038770
-0.317328 -0.266341 0.039414
-0.327028 -0.278415 0.040058
-0.336727 -0.290489 0.040703
-0.346427 -0.302563 0.041347
-0.356127 -0.314637 0.041991
-0.365827 -0.326711 0.042636
-0.375526 -0.338785 0.043280
-0.385226 -0.350860 0.043924
-0.395514 -0.363666 0.044608
-0.405802 -0.376473 0.045291
-0.416090 -0.389280 0.045974
-0.426378 -0.402086 0.046658
-0.436667 -0.414893 0.047341
-0.446955 -0.427700 0.048025
-0.457243 -0.440506 0.048708
-0.467531 -0.453313 0.049391
-0.477819 -0.466119 0.050075
-0.488107 -0.478926 0.050758
-0.498952 -0.492425 0.051479
-0.490204 -0.494075 0.052199
-0.479359 -0.480576 0.052919
-0.468514 -0.467077 0.053640
-0.457669 -0.453578 0.054360
-0.446825 -0.440078 0.055081
-0.435980 -0.426579 0.055801
-0.425135 -0.413080 0.056521
-0.416817 -0.397882 0.054927
-0.431238 -0.367396 0.032498
-0.446364 -0.335422 0.008975
-0.461489 -0.303449 -0.014549
-0.476614 -0.271475 -0.038072
-0.491739 -0.239501 -0.061596
-0.493135 -0.207528 -0.085119
-0.478010 -0.175554 -0.108643
-0.462885 -0.143581 -0.132166
-0.447760 -0.111607 -0.155690
-0.432634 -0.079633 -0.179214
-0.417509 -0.047660 -0.202737
-0.401711 -0.022052 -0.227307
-0.385914 -0.055447 -0.251876
-0.370116 -0.088843 -0.276446
-0.354319 -0.122238 -0.301015
-0.338521 -0.155633 -0.325585
-0.322723 -0.189029 -0.350155
-0.306926 -0.222424 -0.374724
-0.291128 -0.255820 -0.399294
-0.275330 -0.289215 -0.423863
-0.259533 -0.322610 -0.448433
-0.243090 -0.357369 -0.474006
-0.226647 -0.392128 -0.499579
-0.210205 -0.426888 -0.474849
-0.193762 -0.461647 -0.449276
-0.177319 -0.496406 -0.423703
-0.173352 -0.493392 -0.418466
-0.181861 -0.452607 -0.433564
-0.190370 -0.411821 -0.448663
-0.198879 -0.371035 -0.463761
-0.207388 -0.330250 -0.478860
-0.216218 -0.287924 -0.494528
-0.225048 -0.245599 -0.489804
-0.233878 -0.203273 -0.474136
-0.242708 -0.160948 -0.458467
-0.251539 -0.118622 -0.442799
-0.260369 -0.076297 -0.427131
-0.269199 -0.033971 -0.411462
-0.278029 0.008354 -0.395794
-0.286859 0.024018 -0.380126
-0.295689 -0.018308 -0.364458
-0.304829 -0.062119 -0.348239
-0.313969 -0.105930 -0.332021
-0.323109 -0.149741 -0.315802
-0.332249 -0.193552 -0.299584
-0.341390 -0.237363 -0.283365
-0.350530 -0.281173 -0.267147
-0.359670 -0.324984 -0.250929
-0.368810 -0.368795 -0.234710
-0.377950 -0.412606 -0.218492
-0.387090 -0.456417 -0.202273
-0.396530 -0.498335 -0.185523
-0.405970 -0.453088 -0.168773
-0.415410 -0.407840 -0.152023
-0.424849 -0.362592 -0.135272
-0.434289 -0.317345 -0.118522
-0.443729 -0.272097 -0.101772
-0.453169 -0.226849 -0.085022
-0.462609 -0.181601 -0.068271
-0.472049 -0.136353 -0.051521
-0.481489 -0.091106 -0.034771
-0.491219 -0.044465 -0.017505
-0.499051 0.002175 -0.000239
-0.489321 0.048815 0.017026
-0.479591 0.095456 0.034292
-0.469860 0.097621 0.051558
-0.460130 0.050981 0.068824
-0.450400 0.004340 0.086089
-0.440670 -0.042300 0.103355
-0.430940 -0.088940 0.120621
-0.421210 -0.135581 0.137887
-0.411197 -0.183573 0.155653
-0.401185 -0.231566 0.173419
-0.391172 -0.279558 0.191186
-0.381160 -0.327551 0.208952
-0.371148 -0.375543 0.226718
-0.361135 -0.423536 0.244485
-0.351123 -0.471528 0.262251
-0.341110 -0.480480 0.280017
-0.331098 -0.432487 0.297784
-0.321086 -0.384495 0.315550
-0.310799 -0.335187 0.333803
-0.300512 -0.285879 0.352056
-0.290225 -0.236572 0.370309
-0.279938 -0.187264 0.388562
-0.269651 -0.137956 0.406815
-0.259364 -0.088649 0.425068
-0.249078 -0.039341 0.443321
-0.238791 0.009967 0.461574
-0.228504 0.059274 0.479827
-0.218217 0.108582 0.498080
-0.207664 0.159170 0.483192
-0.197110 0.209759 0.464465
-0.186556 0.229978 0.445737
-0.176002 0.179389 0.427010
-0.165448 0.128801 0.408282
-0.154894 0.078212 0.389555
-0.144340 0.027623 0.370827
-0.133786 -0.022965 0.352100
-0.123232 -0.073554 0.333372
-0.112678 -0.124142 0.314645
-0.101864 -0.175980 0.295455
-0.103254 -0.163907 0.305484
-0.109875 -0.124444 0.328034
-0.116497 -0.084980 0.350585
-0.123118 -0.045517 0.373135
-0.129739 -0.006054 0.395686
-0.136360 0.033409 0.418236
-0.142981 0.072873 0.440787
-0.149603 0.112336 0.463337
-0.156224 0.151799 0.485888
-0.163001 0.192191 0.491031
-0.169778 0.232583 0.467950
-0.176554 0.272975 0.444868
-0.183331 0.313367 0.421787
-0.190108 0.353759 0.398706
-0.196885 0.394151 0.375624
-0.135172 0.346488 0.331100
-0.065850 0.289041 0.284193
0.003473 0.231594 0.237287
0.072796 0.174147 0.190380
0.143677 0.115409 0.142419
0.214557 0.056672 0.094458
0.285438 -0.002066 0.046498
0.356319 -0.060804 -0.001463
0.427200 -0.119542 -0.049424
0.498080 -0.178280 -0.097385
0.431039 -0.237018 -0.145346
0.360159 -0.295756 -0.193307
0.289278 -0.354494 -0.241268
0.218397 -0.413232 -0.289229
0.145992 -0.473234 -0.338221
0.073587 -0.466765 -0.387213
0.001181 -0.406764 -0.436206
-0.071224 -0.346763 -0.485198
-0.143629 -0.286761 -0.465810
-0.216034 -0.226760 -0.416817
-0.288440 -0.166759 -0.367825
-0.360845 -0.106757 -0.318833
-0.433250 -0.046756 -0.269840
-0.494344 0.013245 -0.220848
-0.420446 0.074484 -0.170845
-0.346548 0.135722 -0.120843
-0.301503 0.171514 -0.082025
-0.371874 0.105520 -0.087944
-0.442245 0.039525 -0.093864
-0.487384 -0.026469 -0.099784
-0.417013 -0.092464 -0.105704
-0.346642 -0.158458 -0.111624
-0.276271 -0.224452 -0.117544
-0.205900 -0.290447 -0.123464
-0.134135 -0.357748 -0.129501
-0.062371 -0.425050 -0.135538
0.009394 -0.492351 -0.141575
0.081159 -0.440347 -0.147612
0.152923 -0.373046 -0.153649
0.224688 -0.305745 -0.159686
0.296452 -0.238443 -0.165723
0.368217 -0.171142 -0.171760
0.439981 -0.103840 -0.177797
0.488254 -0.036539 -0.183834
0.415122 0.032044 -0.189986
0.341991 0.100628 -0.196138
0.268859 0.169211 -0.202290
0.195728 0.237795 -0.208443
0.122596 0.306378 -0.214595
0.049464 0.374962 -0.220747
-0.023667 0.443545 -0.226899
-0.096799 0.512129 -0.233051
-0.169931 0.580712 -0.239203
-0.243062 0.582127 -0.245355
-0.317536 0.512285 -0.251620
-0.392009 0.442443 -0.257885
-0.466483 0.372601 -0.264150
-0.459043 0.302759 -0.270415
-0.384570 0.232917 -0.276680
-0.310096 0.163075 -0.282945
-0.235622 0.093233 -0.289210
-0.161149 0.023391 -0.295475
-0.086675 -0.046451 -0.301740
-0.012202 -0.116293 -0.308005
0.063590 -0.187371 -0.314381
0.139382 -0.258449 -0.320757
0.215174 -0.329528 -0.327133
0.290966 -0.400606 -0.333509
0.366757 -0.471684 -0.339885
0.442549 -0.457238 -0.346261
0.481659 -0.386159 -0.352637
0.405867 -0.315081 -0.359013
0.330076 -0.244003 -0.365389
0.254284 -0.172925 -0.371765
0.177196 -0.100631 -0.378250
0.100109 -0.028338 -0.384735
0.106431 0.086096 -0.372379
0.148499 0.218590 -0.351950
0.190568 0.351084 -0.331520
0.232637 0.483578 -0.311091
0.274705 0.616072 -0.290661
0.316774 0.748566 -0.270232
0.358843 0.729074 -0.249802
0.400911 0.596580 -0.229373
0.443676 0.461896 -0.208606
0.486440 0.327212 -0.187839
0.470796 0.192528 -0.167072
0.428032 0.057844 -0.146305
0.385267 -0.076841 -0.125538
0.342503 -0.211525 -0.104771
0.299739 -0.346209 -0.084004
0.256975 -0.480893 -0.063237
0.214211 -0.384423 -0.042470
0.171446 -0.249739 -0.021703
0.127998 -0.112900 -0.000603
0.084550 0.023940 0.020496
0.041101 0.160779 0.041595
-0.002347 0.297618 0.062695
-0.045795 0.434457 0.083794
-0.089244 0.571296 0.104894
-0.132692 0.708135 0.125993
-0.176140 0.756891 0.147092
-0.219589 0.620052 0.168191
-0.263037 0.483213 0.189291
-0.307159 0.344252 0.210717
-0.351281 0.205291 0.232144
-0.395403 0.066331 0.253570
-0.439525 -0.072630 0.274997
-0.483647 -0.211591 0.296423
-0.472230 -0.350552 0.317849
-0.428108 -0.489513 0.339276
-0.383986 -0.371526 0.360702
-0.339864 -0.232566 0.382129
-0.295742 -0.093605 0.403555
-0.250957 0.047446 0.425304
-0.206171 0.188497 0.447053
-0.161386 0.329547 0.468802
-0.116600 0.470598 0.490550
-0.071815 0.611648 0.487701
-0.027029 0.752699 0.465952
0.017757 0.730725 0.444203
0.062542 0.589674 0.422454
0.107328 0.448624 0.400705
0.152113 0.307573 0.378957
0.197553 0.164463 0.356890
0.242992 0.021353 0.334824
0.288432 -0.121756 0.312758
0.333871 -0.264866 0.290692
0.379310 -0.407976 0.268625
0.424750 -0.448914 0.246559
0.470189 -0.305804 0.224493
0.484372 -0.162694 0.202427
0.438933 -0.019584 0.180360
0.393493 0.123525 0.158294
0.347409 0.268665 0.135915
0.301325 0.413805 0.113536
0.255241 0.558945 0.091156
0.209158 0.704085 0.068777
0.163074 0.849225 0.046398
0.116990 0.887380 0.024019
0.070906 0.742240 0.001639
0.024822 0.597101 -0.020740
-0.021262 0.451961 -0.043119
-0.067346 0.306821 -0.065498
-0.114066 0.159679 -0.088186
-0.160786 0.012537 -0.110874
-0.207505 -0.134605 -0.133562
-0.254225 -0.281747 -0.156250
-0.300944 -0.428889 -0.178938
-0.347664 -0.423970 -0.201626
-0.394384 -0.276828 -0.224314
-0.441103 -0.129686 -0.247002
-0.487823 0.017456 -0.269690
-0.465457 0.164598 -0.292377
-0.418111 0.313715 -0.315370
-0.370764 0.462832 -0.338362
-0.323418 0.611949 -0.361355
-0.276071 0.761066 -0.384347
-0.228724 0.910184 -0.407340
-0.181377 0.985352 -0.430332
-0.134031 0.836235 -0.453325
-0.086684 0.687118 -0.476317
-0.039337 0.538001 -0.499310
0.008010 0.388884 -0.477698
0.055976 0.237817 -0.454404
0.103941 0.086751 -0.431111
0.151907 -0.064315 -0.407818
0.199873 -0.215382 -0.384525
0.247839 -0.366448 -0.361232
0.295804 -0.482485 -0.337938
0.343770 -0.331419 -0.314645
0.391736 -0.180352 -0.291352
0.439701 -0.029286 -0.268059
0.487667 0.121780 -0.244766
0.463756 0.274771 -0.221176
0.415179 0.427762 -0.197586
0.366602 0.580753 -0.173997
0.318026 0.733744 -0.150407
0.269449 0.886735 -0.126817
0.220872 1.039725 -0.103227
0.172295 0.951399 -0.079637
0.123718 0.798408 -0.056048
0.075142 0.645417 -0.032458
0.026565 0.492427 -0.008868
-0.022615 0.337535 0.015015
-0.071796 0.182643 0.038898
-0.120976 0.027752 0.062780
-0.170156 -0.127140 0.086663
-0.219336 -0.282031 0.110546
-0.268517 -0.436923 0.134429
-0.317697 -0.408186 0.158312
-0.366877 -0.253294 0.182195
-0.416058 -0.098403 0.206077
-0.465238 0.056489 0.229960
-0.484985 0.213258 0.254133
-0.435209 0.370027 0.278305
-0.385432 0.526796 0.302477
-0.335656 0.683565 0.326650
-0.285880 0.840334 0.350822
-0.236103 0.997104 0.374995
-0.186327 0.898614 0.399167
-0.136550 0.741845 0.423339
-0.086774 0.585076 0.447512
-0.036997 0.428307 0.471684
0.013368 0.269683 0.496142
0.063734 0.111058 0.479399
0.114099 -0.047566 0.454941
0.164465 -0.206191 0.430482
0.214830 -0.364815 0.406024
0.265196 -0.476561 0.381565
0.315561 -0.317936 0.357107
0.365927 -0.159312 0.332648
0.416292 -0.000688 0.308190
0.466658 0.157937 0.283731
0.482394 0.318395 0.258990
0.431447 0.478853 0.234249
0.380499 0.639311 0.209508
0.329551 0.799769 0.184767
0.278604 0.960227 0.160025
0.227656 1.120685 0.135284
0.176708 1.109535 0.110543
0.125760 0.949077 0.085802
0.074813 0.788619 0.061061
0.023865 0.628161 0.036319
-0.027659 0.465889 0.011299
-0.079182 0.303618 -0.013722
-0.130706 0.141347 -0.038743
-0.182229 -0.020924 -0.063764
-0.233753 -0.183196 -0.088784
-0.285276 -0.345467 -0.113805
-0.336799 -0.492262 -0.138826
-0.388323 -0.329991 -0.163846
-0.439846 -0.167719 -0.188867
-0.491370 -0.005448 -0.213888
-0.456538 0.158617 -0.239185
-0.404445 0.322681 -0.264482
-0.352352 0.486745 -0.289779
-0.300260 0.650810 -0.315077
-0.248167 0.814874 -0.340374
-0.196074 0.978938 -0.365671
-0.143981 1.143002 -0.390968
-0.091888 1.307066 -0.416265
-0.039796 1.353768 -0.441562
0.012297 1.189704 -0.466859
0.064953 1.023866 -0.492430
0.117609 0.858028 -0.481999
0.170265 0.692190 -0.456429
0.222921 0.526352 -0.430858
0.275577 0.360513 -0.405287
0.328233 0.194675 -0.379717
0.380889 0.028837 -0.354146
0.433545 -0.137001 -0.328575
0.486201 -0.302839 -0.303005
0.461143 -0.468678 -0.277434
0.407930 -0.363729 -0.251593
0.354717 -0.196136 -0.225751
0.301504 -0.028543 -0.199910
0.248290 0.139050 -0.174069
0.195077 0.306643 -0.148227
0.141864 0.474236 -0.122386
0.088651 0.641830 -0.096545
0.035437 0.809423 -0.070704
-0.017776 0.977016 -0.044862
-0.070989 1.144609 -0.019021
-0.124754 1.313939 0.007088
-0.178518 1.331864 0.033197
-0.232283 1.162535 0.059306
-0.286047 0.993205 0.085416
-0.339812 0.823875 0.111525
-0.393577 0.654546 0.137634
-0.447341 0.485216 0.163743
-0.498894 0.315886 0.189852
-0.445130 0.146556 0.215961
-0.391365 -0.022774 0.242070
-0.337054 -0.193823 0.268444
-0.282744 -0.364872 0.294818
-0.228433 -0.464079 0.321193
-0.174123 -0.293030 0.347567
-0.119812 -0.121981 0.373941
-0.065502 0.049068 0.400315
-0.011191 0.220117 0.426689
0.043119 0.391165 0.453063
0.097430 0.562215 0.479438
0.151740 0.733264 0.494188
0.206591 0.906015 0.467552
0.261442 1.078766 0.440915
0.316293 1.251517 0.414278
0.371144 1.424268 0.387641
0.425995 1.577520 0.361005
0.480845 1.404769 0.334368
0.464304 1.232018 0.307731
0.409453 1.059267 0.281094
0.354602 0.886516 0.254458
0.299751 0.713765 0.227821
0.244365 0.539329 0.200925
0.188979 0.364892 0.174028
0.133593 0.190456 0.147132
0.078207 0.016019 0.120235
0.022820 -0.158417 0.093339
-0.032566 -0.332854 0.066442
-0.087952 -0.492710 0.039546
-0.143338 -0.318273 0.012649
-0.198724 -0.143837 -0.014247
-0.254110 0.030600 -0.041144
-0.310026 0.206706 -0.068298
-0.365942 0.382811 -0.095451
-0.421858 0.558917 -0.122605
-0.477774 0.735023 -0.149759
-0.466310 0.911128 -0.176913
-0.410394 1.087234 -0.204067
-0.354478 1.263339 -0.231221
-0.298562 1.439445 -0.258375
-0.242646 1.609372 -0.285529
-0.186730 1.433266 -0.312683
-0.130289 1.255507 -0.340091
-0.073848 1.077749 -0.367500
-0.017407 0.899989 -0.394909
0.039035 0.722230 -0.422318
0.095476 0.544470 -0.449727
0.151917 0.366711 -0.477136
0.208358 0.188952 -0.495455
0.264799 0.011192 -0.468046
0.321240 -0.166567 -0.440637
0.377681 -0.344326 -0.413228
0.434643 -0.476276 -0.385567
0.491604 -0.296878 -0.357905
0.451435 -0.117480 -0.330244
0.394474 0.061917 -0.302582
0.337513 0.241315 -0.274920
0.280552 0.420713 -0.247259
0.223590 0.600110 -0.219597
0.166629 0.779508 -0.191936
0.109668 0.958905 -0.164274
0.052706 1.138303 -0.136613
-0.004771 1.319325 -0.108701
-0.062247 1.500347 -0.080789
-0.119724 1.673581 -0.052877
-0.177201 1.492559 -0.024966
-0.234678 1.311538 0.002946
-0.292154 1.130516 0.030858
-0.349631 0.949494 0.058770
-0.407108 0.768473 0.086682
-0.464585 0.587452 0.114593
-0.477938 0.406431 0.142505
-0.419951 0.223801 0.170665
-0.361963 0.041170 0.198825
-0.303975 -0.141460 0.226985
-0.245987 -0.324091 0.255145
-0.187999 -0.493279 0.283305
-0.130012 -0.310649 0.311465
-0.072024 -0.128018 0.339625
-0.014036 0.054612 0.367785
0.043952 0.237243 0.395945
0.101939 0.419873 0.424104
0.160434 0.604098 0.452510
0.218928 0.788324 0.480916
0.277422 0.972549 0.490678
0.335916 1.156774 0.462272
0.394410 1.340999 0.433867
0.452905 1.525224 0.405461
0.488601 1.709449 0.377055
0.430107 1.834486 0.348649
0.371613 1.650261 0.320243
0.313119 1.466036 0.291838
0.254122 1.280230 0.263188
0.195126 1.094423 0.234538
0.136130 0.908616 0.205889
0.077133 0.722809 0.177239
0.018137 0.537003 0.148589
-0.040859 0.351196 0.119940
-0.099855 0.165389 0.091290
-0.158852 -0.020418 0.062640
-0.217848 -0.206224 0.033990
-0.276844 -0.392031 0.005341
-0.336338 -0.420594 -0.023551
-0.395832 -0.233220 -0.052442
-0.455326 -0.045845 -0.081334
-0.485179 0.141530 -0.110225
-0.425685 0.328905 -0.139117
-0.366191 0.516279 -0.168008
-0.306697 0.703654 -0.196900
-0.247203 0.891029 -0.225791
-0.194669 1.042929 -0.247693
-0.204774 0.875554 -0.206688
-0.214962 0.706789 -0.165343
-0.225151 0.538024 -0.123998
-0.235339 0.369260 -0.082653
-0.245528 0.200496 -0.041308
-0.255716 0.031731 0.000037
-0.265905 -0.137033 0.041382
-0.276093 -0.305797 0.082728
-0.286282 -0.474561 0.124073
-0.296470 -0.356674 0.165418
-0.306659 -0.187910 0.206763
-0.316930 -0.017768 0.248446
-0.327202 0.152374 0.290129
-0.337474 0.322516 0.331811
-0.347745 0.492658 0.373494
-0.358017 0.662800 0.415177
-0.368289 0.832942 0.456859
-0.378560 1.003084 0.498542
-0.388832 1.173226 0.459775
-0.399104 1.343367 0.418092
-0.409375 1.513509 0.376410
-0.419730 1.685017 0.334392
-0.430084 1.856526 0.292375
-0.440438 1.755479 0.250357
-0.450792 1.583970 0.208340
-0.461147 1.412462 0.166323
-0.471501 1.240953 0.124305
-0.481855 1.069444 0.082288
-0.492209 0.897935 0.040270
-0.497437 0.726426 -0.001747
-0.487082 0.554918 -0.043765
-0.476646 0.382053 -0.086114
-0.466210 0.209189 -0.128464
-0.455774 0.036324 -0.170813
-0.445338 -0.136540 -0.213163
-0.434901 -0.309405 -0.255513
-0.424465 -0.482269 -0.297862
-0.414029 -0.344866 -0.340212
-0.403593 -0.172002 -0.382562
-0.393157 0.000862 -0.424911
-0.382721 0.173727 -0.467261
-0.372203 0.347937 -0.490060
-0.361686 0.522146 -0.447380
-0.351169 0.696356 -0.404701
-0.340652 0.870565 -0.362022
-0.330134 1.044775 -0.319342
-0.319617 1.218985 -0.276663
-0.309100 1.393195 -0.233984
-0.298583 1.567405 -0.191305
-0.288065 1.741615 -0.148626
-0.277548 1.915825 -0.105946
-0.266950 1.758545 -0.062940
-0.256352 1.582999 -0.019934
-0.245754 1.407454 0.023072
-0.235156 1.231909 0.066079
-0.224559 1.056364 0.109085
-0.213961 0.880819 0.152091
-0.203363 0.705274 0.195097
-0.192765 0.529730 0.238104
-0.182167 0.354185 0.281110
-0.171569 0.178641 0.324116
-0.160891 0.001771 0.367447
-0.150214 -0.175099 0.410778
-0.139536 -0.351968 0.454108
-0.128858 -0.471162 0.497439
-0.118180 -0.294293 0.459230
-0.107502 -0.117423 0.415899
-0.096824 0.059447 0.372568
-0.086146 0.236316 0.329238
-0.075468 0.413186 0.285907
-0.064791 0.590056 0.242576
-0.054033 0.768240 0.198923
-0.043276 0.946425 0.155270
-0.032519 1.124609 0.111617
-0.021761 1.302794 0.067964
-0.011004 1.480978 0.024311
-0.000247 1.659163 -0.019342
0.010511 1.837347 -0.062995
0.021268 2.015532 -0.106648
0.032025 2.193716 -0.150301
0.042782 2.143907 -0.193953
0.053619 1.964416 -0.237926
0.064455 1.784926 -0.281899
0.075291 1.605436 -0.325872
0.086127 1.425946 -0.369844
0.096963 1.246457 -0.413817
0.107799 1.066967 -0.457790
0.118635 0.887477 -0.498237
0.129471 0.707987 -0.454265
0.140307 0.528497 -0.410292
0.151144 0.349007 -0.366319
0.162058 0.168221 -0.322029
0.172972 -0.012565 -0.277738
0.183887 -0.193350 -0.233448
0.194801 -0.374136 -0.189158
0.205715 -0.445078 -0.144867
0.216630 -0.264292 -0.100577
0.227544 -0.083506 -0.056287
0.238458 0.097280 -0.011997
0.249373 0.278066 0.032294
0.260287 0.458852 0.076584
0.271279 0.640925 0.121189
0.282271 0.822997 0.165795
0.293263 1.005070 0.210401
0.304255 1.187143 0.255006
0.315247 1.369216 0.299612
0.326239 1.551289 0.344217
0.337231 1.733362 0.388823
0.348223 1.915435 0.433428
0.359215 2.097508 0.478033
0.370207 2.279582 0.477361
0.381276 2.462933 0.432443
0.392345 2.592816 0.387524
0.403414 2.409465 0.342605
0.414484 2.226114 0.297687
0.425553 2.042763 0.252768
0.436622 1.859413 0.207849
0.447691 1.676063 0.162931
0.458760 1.492713 0.118012
0.469830 1.309364 0.073094
0.480899 1.126014 0.028175
0.492044 0.941394 -0.017054
0.496810 0.756775 -0.062284
0.485664 0.572155 -0.107513
0.474518 0.387536 -0.152742
0.463372 0.202917 -0.197972
0.452227 0.018297 -0.243201
0.441081 -0.166322 -0.288431
0.429935 -0.350941 -0.333660
0.418789 -0.464439 -0.378890
0.407644 -0.279820 -0.424119
0.396422 -0.093940 -0.469657
0.385200 0.091939 -0.484804
0.373978 0.277819 -0.439266
0.362757 0.463698 -0.393728
0.351535 0.649577 -0.348190
0.340313 0.835457 -0.302651
0.329091 1.021336 -0.257113
0.317869 1.207216 -0.211575
0.306648 1.393095 -0.166037
0.295426 1.578975 -0.120499
0.284128 1.766106 -0.074654
0.272831 1.953237 -0.028809
0.261534 2.140369 0.017036
0.250236 2.327502 0.062880
0.238939 2.236932 0.108725
0.227641 2.049799 0.154570
0.216344 1.862668 0.200415
0.205046 1.675537 0.246259
0.193749 1.488405 0.292104
0.182451 1.301274 0.337949
0.171079 1.112900 0.384099
0.159706 0.924525 0.430248
0.148334 0.736151 0.476398
0.136962 0.547776 0.477453
0.125589 0.359402 0.431303
0.114217 0.171027 0.385154
0.102844 -0.017348 0.339004
0.091472 -0.205722 0.292855
0.080099 -0.394097 0.246705
0.068727 -0.417529 0.200556
0.057280 -0.227919 0.154104
0.045833 -0.038309 0.107652
0.034386 0.151301 0.061200
0.022938 0.340911 0.014748
0.011491 0.530521 -0.031704
0.000044 0.720131 -0.078156
-0.011403 0.909741 -0.124608
-0.022850 1.099351 -0.171060
-0.034297 1.288960 -0.217512
-0.045744 1.478570 -0.263964
-0.057265 1.669407 -0.310717
-0.068786 1.860245 -0.357470
-0.080307 2.051082 -0.404223
-0.091828 2.241919 -0.450975
-0.103350 2.432757 -0.497728
-0.114871 2.623594 -0.455519
-0.126392 2.567307 -0.408767
-0.137913 2.376470 -0.362014
-0.149434 2.185632 -0.315261
-0.160955 1.994795 -0.268509
-0.172550 1.802738 -0.221457
-0.184145 1.610681 -0.174406
-0.195739 1.418624 -0.127354
-0.207334 1.226568 -0.080303
-0.218929 1.034511 -0.033251
-0.230524 0.842454 0.013800
-0.242118 0.650397 0.060852
-0.253713 0.458340 0.107903
-0.265308 0.266283 0.154955
-0.276903 0.074227 0.202006
-0.288571 -0.119042 0.249354
-0.300239 -0.312310 0.296703
-0.311907 -0.494422 0.344051
-0.323575 -0.301153 0.391400
-0.335243 -0.107885 0.438748
-0.346910 0.085383 0.486097
-0.358578 0.278652 0.466555
-0.370246 0.471920 0.419207
-0.381914 0.665188 0.371858
-0.393582 0.858456 0.324510
-0.405323 1.052929 0.276867
-0.417063 1.247401 0.229223
-0.428804 1.441873 0.181580
-0.440545 1.636345 0.133937
-0.452285 1.830817 0.086293
-0.464026 2.025289 0.038650
-0.475766 2.219763 -0.008993
-0.487507 2.414236 -0.056637
-0.499248 2.608709 -0.104280
-0.489012 2.803182 -0.151923
-0.477199 2.998852 -0.199860
-0.465386 3.116429 -0.247797
-0.453573 2.920758 -0.295733
-0.441761 2.725088 -0.343669
-0.429948 2.529418 -0.391606
-0.418135 2.333748 -0.439542
-0.406322 2.138078 -0.487479
-0.394510 1.942408 -0.464585
-0.382697 1.746739 -0.416648
-0.370884 1.551070 -0.368712
-0.359000 1.354212 -0.320484
-0.347115 1.157353 -0.272256
-0.335230 0.960494 -0.224028
-0.323346 0.763636 -0.175800
-0.311461 0.566777 -0.127572
-0.299577 0.369918 -0.079344
-0.287692 0.173060 -0.031117
-0.275808 -0.023799 0.017111
-0.263923 -0.220658 0.065339
-0.252039 -0.417517 0.113567
-0.240082 -0.384442 0.162085
-0.228126 -0.186401 0.210602
-0.216170 0.011640 0.259120
-0.204214 0.209681 0.307638
-0.192258 0.407722 0.356155
-0.180302 0.605764 0.404673
-0.168346 0.803805 0.453190
-0.156390 1.001846 0.498292
-0.144434 1.199887 0.449774
-0.132478 1.397928 0.401257
-0.120451 1.597145 0.352451
-0.108424 1.796362 0.303646
-0.096396 1.995578 0.254840
-0.084369 2.194794 0.206035
-0.072342 2.394009 0.157229
-0.060315 2.593225 0.108424
-0.048288 2.792440 0.059618
-0.036261 2.991655 0.010813
-0.024234 3.190740 -0.037993
-0.012207 2.991525 -0.086798
-0.000110 2.791139 -0.135890
0.011988 2.590753 -0.184982
0.024085 2.390367 -0.234073
0.036183 2.189981 -0.283165
0.048281 1.989595 -0.332257
0.060378 1.789210 -0.381349
0.072476 1.588825 -0.430441
0.084573 1.388440 -0.479533
0.096671 1.188055 -0.471375
0.108768 0.987670 -0.422284
0.120936 0.786124 -0.372907
0.133104 0.584577 -0.323531
0.145272 0.383031 -0.274154
0.157439 0.181484 -0.224778
0.169607 -0.020063 -0.175401
0.181775 -0.221609 -0.126025
0.193942 -0.423156 -0.076649
0.206110 -0.375298 -0.027272
0.218278 -0.173751 0.022104
0.230445 0.027795 0.071481
0.242683 0.230497 0.121140
0.254920 0.433199 0.170799
0.267158 0.635900 0.220459
0.279395 0.838602 0.270118
0.291633 1.041304 0.319777
0.303870 1.244005 0.369436
0.316107 1.446706 0.419096
0.328345 1.649407 0.468755
0.340582 1.852108 0.481586
0.352820 2.054809 0.431926
0.365127 2.258659 0.381986
0.377433 2.462510 0.332045
0.389740 2.666360 0.282104
0.402047 2.870210 0.232164
0.414354 3.074060 0.182223
0.426661 3.277911 0.132282
0.438968 3.262703 0.082342
0.451275 3.058853 0.032401
0.463582 2.855003 -0.017540
0.475888 2.651153 -0.067480
0.488264 2.446160 -0.117701
0.499360 2.241168 -0.167921
0.486984 2.036176 -0.218142
0.474609 1.831183 -0.268362
0.462233 1.626191 -0.318583
0.449857 1.421199 -0.368803
0.437482 1.216207 -0.419024
0.425106 1.011214 -0.469244
0.412730 0.806222 -0.480535
0.400355 0.601230 -0.430315
0.387910 0.395102 -0.379816
0.375466 0.188974 -0.329317
0.363022 -0.017154 -0.278818
0.350577 -0.223281 -0.228319
0.338133 -0.429409 -0.177821
0.325689 -0.364463 -0.127322
0.313245 -0.158335 -0.076823
0.379171 -0.233548 -0.122912
0.464690 -0.379097 -0.193148
0.449791 -0.475355 -0.263384
0.363804 -0.329009 -0.334004
0.277816 -0.182664 -0.404625
0.191829 -0.036318 -0.475246
0.105841 0.110028 -0.454133
0.019854 0.256374 -0.383512
-0.066134 0.402720 -0.312892
-0.152121 0.549066 -0.242271
-0.238109 0.695412 -0.171650
-0.324096 0.841758 -0.101030
-0.410084 0.988104 -0.030409
-0.496537 1.135243 0.040594
-0.417009 1.282382 0.111598
-0.330556 1.429520 0.182601
-0.244102 1.576659 0.253605
-0.157649 1.723798 0.324608
-0.071195 1.870937 0.395612
0.015258 2.018076 0.466615
0.101712 2.165216 0.462382
0.188166 2.312356 0.391378
0.274619 2.459496 0.320375
0.361536 2.607423 0.248991
0.448453 2.755350 0.177607
0.464630 2.903276 0.106222
0.377713 3.051203 0.034838
0.290796 3.199130 -0.036546
0.203879 3.347057 -0.107930
0.116962 3.461119 -0.179314
0.030045 3.313192 -0.250698
-0.056873 3.165265 -0.322082
-0.143790 3.017338 -0.393466
-0.231168 2.868625 -0.465229
-0.318546 2.719911 -0.463008
-0.405924 2.571198 -0.391245
-0.493303 2.422484 -0.319482
-0.419319 2.273770 -0.247720
-0.331941 2.125057 -0.175957
-0.244562 1.976343 -0.104194
-0.157184 1.827631 -0.032431
-0.069806 1.678919 0.039332
0.017572 1.530206 0.111094
0.105409 1.380713 0.183234
0.193246 1.231220 0.255374
0.281083 1.081727 0.327513
0.368920 0.932233 0.399653
0.456757 0.782740 0.471792
0.455406 0.633247 0.456068
0.367569 0.483754 0.383929
0.279732 0.334260 0.311789
0.191895 0.184767 0.239650
0.104058 0.035273 0.167510
0.015765 -0.114997 0.094996
-0.072528 -0.265267 0.022482
-0.160821 -0.415537 -0.050032
-0.249114 -0.434194 -0.122547
-0.337408 -0.283924 -0.195061
-0.425701 -0.133654 -0.267575
-0.486006 0.016616 -0.340090
-0.397713 0.166886 -0.412604
-0.309419 0.317156 -0.485119
-0.221126 0.467426 -0.442367
-0.132379 0.618469 -0.369480
-0.043632 0.769511 -0.296593
0.045115 0.920553 -0.223705
0.133862 1.071596 -0.150818
0.222610 1.222639 -0.077931
0.311357 1.373682 -0.005044
0.400104 1.524725 0.067843
0.488851 1.675768 0.140730
0.422402 1.826810 0.213617
0.333655 1.977853 0.286504
0.244456 2.129664 0.359762
0.155257 2.281475 0.433020
0.066059 2.433285 0.493722
-0.023140 2.585096 0.420464
-0.112339 2.736907 0.347206
-0.201538 2.888717 0.273948
-0.290737 3.040528 0.200690
-0.379935 3.192339 0.127432
-0.469134 3.344149 0.054174
-0.441667 3.495960 -0.019084
-0.352019 3.648536 -0.092711
-0.262371 3.792499 -0.166339
-0.172723 3.639923 -0.239966
-0.083075 3.487347 -0.313593
0.006573 3.334771 -0.387220
0.096221 3.182195 -0.460847
0.185869 3.029619 -0.465525
0.275517 2.877043 -0.391898
0.365165 2.724467 -0.318271
0.454813 2.571891 -0.244644
0.455091 2.418555 -0.170649
0.364996 2.265218 -0.096655
0.274900 2.111881 -0.022661
0.184805 1.958545 0.051334
0.157035 1.900013 0.102327
0.274688 2.062690 0.099653
0.392342 2.225368 0.096978
0.490005 2.388046 0.094304
0.372351 2.550724 0.091630
