0.288403 0.358793 -0.024850
0.308243 0.355859 -0.008589
0.319992 0.334907 0.002031
0.313839 0.159812 -0.001862
0.322433 0.012711 -0.006826
0.341373 -0.136290 -0.008481
0.341735 -0.223809 -0.008234
0.323519 -0.277599 -0.006086
0.305303 -0.304344 -0.003937
0.287087 -0.335075 -0.001789
0.268871 -0.364531 0.000359
0.246561 -0.372817 0.002991
0.224251 -0.396463 0.005622
0.201941 -0.432139 0.008253
0.179631 -0.448952 0.010884
0.157320 -0.452537 0.013516
0.135010 -0.455526 0.016147
0.112700 -0.458514 0.018778
0.090390 -0.461503 0.021409
0.068080 -0.464491 0.024040
0.045770 -0.467480 0.026672
0.020008 -0.470931 0.029710
-0.005753 -0.474382 0.032748
-0.031515 -0.477832 0.035787
-0.057276 -0.481283 0.038825
-0.083038 -0.484734 0.041863
-0.108799 -0.488185 0.044901
-0.134561 -0.491636 0.047940
-0.160322 -0.495087 0.050978
-0.186083 -0.498537 0.054016
-0.211845 -0.498012 0.057054
-0.240647 -0.494154 0.060451
-0.269449 -0.490295 0.063848
-0.285450 -0.484782 0.061844
-0.282249 -0.476787 0.051738
-0.279048 -0.468791 0.041632
-0.275847 -0.460795 0.031526
-0.272646 -0.452800 0.021420
-0.269445 -0.444804 0.011314
-0.266244 -0.436808 0.001209
-0.263043 -0.428813 -0.008897
-0.259536 -0.420054 -0.019968
-0.256030 -0.411295 -0.031038
-0.252523 -0.402536 -0.042109
-0.249016 -0.393777 -0.053179
-0.245510 -0.385018 -0.064250
-0.242003 -0.376259 -0.075320
-0.238497 -0.367500 -0.086391
-0.234990 -0.358741 -0.097461
-0.231484 -0.349982 -0.108531
-0.227977 -0.341224 -0.119602
-0.224190 -0.331763 -0.131559
-0.220402 -0.322303 -0.143517
-0.216614 -0.312842 -0.155474
-0.212827 -0.303382 -0.167432
-0.209039 -0.293921 -0.179389
-0.205252 -0.284461 -0.191347
-0.201464 -0.275000 -0.203304
-0.197677 -0.265540 -0.215261
-0.184576 -0.268881 -0.202992
-0.169148 -0.275423 -0.184667
-0.152655 -0.282416 -0.165076
-0.136161 -0.289410 -0.145485
-0.122302 -0.294941 -0.129700
-0.132156 -0.287314 -0.148178
-0.142010 -0.279687 -0.166657
-0.151863 -0.272060 -0.185135
-0.161717 -0.264433 -0.203613
-0.171571 -0.256806 -0.222091
-0.181424 -0.249179 -0.240569
-0.191278 -0.241552 -0.259047
-0.201729 -0.233462 -0.278646
-0.212181 -0.225373 -0.298245
-0.222632 -0.217283 -0.317843
-0.233084 -0.209194 -0.337442
-0.243535 -0.201104 -0.357041
-0.253986 -0.193015 -0.376640
-0.264438 -0.184925 -0.396239
-0.274889 -0.176836 -0.415838
-0.285340 -0.168746 -0.435437
-0.295792 -0.160656 -0.455036
-0.306809 -0.152129 -0.475695
-0.317825 -0.143602 -0.496354
-0.328842 -0.135075 -0.482987
-0.339859 -0.126548 -0.462328
-0.350875 -0.118020 -0.441669
-0.361892 -0.109493 -0.421010
-0.372909 -0.100966 -0.400351
-0.383926 -0.092439 -0.379692
-0.394942 -0.083912 -0.359034
-0.405959 -0.075385 -0.338375
-0.417514 -0.066441 -0.316707
-0.429068 -0.057498 -0.295040
-0.440623 -0.048554 -0.273372
-0.452178 -0.039611 -0.251705
-0.450123 -0.052029 -0.247762
-0.427653 -0.054458 -0.270406
-0.405183 -0.056505 -0.293051
-0.382713 -0.058552 -0.315695
-0.360244 -0.060599 -0.338340
-0.337774 -0.062646 -0.360984
-0.314305 -0.064783 -0.384635
-0.290836 -0.066921 -0.408287
-0.267368 -0.069059 -0.431938
-0.243899 -0.071197 -0.455590
-0.220430 -0.073334 -0.479241
-0.196961 -0.075472 -0.497107
-0.173493 -0.077610 -0.473456
-0.150024 -0.079748 -0.449805
-0.126555 -0.081886 -0.426153
-0.103087 -0.084023 -0.402502
-0.078659 -0.086249 -0.377885
-0.054232 -0.088474 -0.353268
-0.029805 -0.090699 -0.328651
-0.005378 -0.092924 -0.304034
0.019049 -0.095149 -0.279417
0.043476 -0.097374 -0.254800
0.067903 -0.099599 -0.230183
0.092330 -0.101824 -0.205566
0.116757 -0.104049 -0.180949
0.141184 -0.106274 -0.156332
0.166533 -0.108583 -0.130785
0.191882 -0.110892 -0.105239
0.217231 -0.113201 -0.079693
0.242580 -0.115510 -0.054146
0.267930 -0.117819 -0.028600
0.293279 -0.120128 -0.003054
0.318628 -0.122437 0.022493
0.343977 -0.124747 0.048039
0.369327 -0.127056 0.073585
0.394676 -0.129365 0.099132
0.420915 -0.131755 0.125574
0.447154 -0.134145 0.152017
0.473392 -0.136535 0.178460
0.499631 -0.138925 0.204903
0.474130 -0.141315 0.231346
0.447891 -0.143706 0.257789
0.421652 -0.146096 0.284232
0.395413 -0.148486 0.310676
0.369174 -0.150876 0.337119
0.342935 -0.153266 0.363562
0.315836 -0.155735 0.390872
0.288737 -0.158203 0.418182
0.261638 -0.160672 0.445492
0.234538 -0.163140 0.472803
0.207439 -0.165609 0.499887
0.180340 -0.168077 0.472577
0.153240 -0.170546 0.445267
0.126141 -0.173014 0.417956
0.099041 -0.175483 0.390646
0.071942 -0.177951 0.363336
0.044009 -0.180496 0.335185
0.016075 -0.183040 0.307035
-0.011858 -0.185585 0.278884
-0.039792 -0.188130 0.250733
-0.067725 -0.190674 0.222583
-0.095659 -0.193219 0.194432
-0.123592 -0.195763 0.166281
-0.151525 -0.198308 0.138131
-0.179459 -0.200852 0.109980
-0.207392 -0.203397 0.081829
-0.236135 -0.206015 0.052862
-0.264879 -0.208633 0.023896
-0.293622 -0.211252 -0.005071
-0.322365 -0.213870 -0.034038
-0.351108 -0.216488 -0.063005
-0.379851 -0.219106 -0.091972
-0.408594 -0.221725 -0.120938
-0.437338 -0.224343 -0.149905
-0.466081 -0.226961 -0.178872
-0.494824 -0.229579 -0.207839
-0.475645 -0.232269 -0.237600
-0.446114 -0.234959 -0.267360
-0.416584 -0.237649 -0.297121
-0.387053 -0.240339 -0.326881
-0.357522 -0.243029 -0.356642
-0.327991 -0.245719 -0.386403
-0.298460 -0.248409 -0.416163
-0.268930 -0.251099 -0.445924
-0.239399 -0.253789 -0.475684
-0.209868 -0.256479 -0.494555
-0.179570 -0.259239 -0.464021
-0.149272 -0.261999 -0.433488
-0.118974 -0.264759 -0.402954
-0.088676 -0.267519 -0.372420
-0.058378 -0.270279 -0.341887
-0.028080 -0.273039 -0.311353
0.002218 -0.275799 -0.280819
0.032516 -0.278559 -0.250286
0.062815 -0.281319 -0.219752
0.093113 -0.284079 -0.189218
0.124159 -0.286907 -0.157931
0.155205 -0.289735 -0.126643
0.186251 -0.292563 -0.095355
0.217298 -0.295391 -0.064068
0.248344 -0.298219 -0.032780
0.279390 -0.301047 -0.001492
0.310436 -0.303875 0.029796
0.341483 -0.306703 0.061083
0.372529 -0.309530 0.092371
0.403575 -0.312358 0.123659
0.435352 -0.315253 0.155683
0.467129 -0.318148 0.187707
0.498905 -0.321043 0.219731
0.469318 -0.323937 0.251755
0.437541 -0.326832 0.283779
0.405764 -0.329727 0.315803
0.373988 -0.332621 0.347827
0.342211 -0.335516 0.379852
0.310434 -0.338411 0.411876
0.278657 -0.341305 0.443900
0.246166 -0.344265 0.476644
0.213675 -0.347225 0.490613
0.181184 -0.350184 0.457869
0.148693 -0.353144 0.425125
0.116202 -0.356104 0.392381
0.083711 -0.359063 0.359637
0.051220 -0.362023 0.326894
0.018729 -0.364983 0.294150
-0.013762 -0.367942 0.261406
-0.046253 -0.370902 0.228662
-0.079443 -0.373925 0.195214
-0.112633 -0.376948 0.161766
-0.145822 -0.379972 0.128318
-0.179012 -0.382995 0.094870
-0.212202 -0.386018 0.061422
-0.245392 -0.389041 0.027974
-0.278582 -0.392064 -0.005474
-0.311772 -0.395087 -0.038922
-0.344962 -0.398110 -0.072370
-0.378152 -0.401134 -0.105818
-0.412026 -0.404219 -0.139956
-0.445900 -0.407305 -0.174093
-0.479774 -0.410391 -0.208231
-0.486351 -0.413477 -0.242369
-0.452477 -0.416562 -0.276506
-0.418603 -0.419648 -0.310644
-0.384729 -0.422734 -0.344782
-0.350855 -0.425819 -0.378919
-0.316980 -0.428905 -0.413057
-0.283106 -0.431991 -0.447195
-0.262382 -0.415256 -0.467810
-0.273908 -0.352131 -0.455298
-0.285434 -0.289006 -0.442785
-0.296960 -0.225881 -0.430273
-0.308485 -0.162755 -0.417760
-0.345837 -0.123023 -0.449334
-0.394256 -0.093316 -0.499803
-0.442676 -0.063610 -0.449729
-0.491095 -0.033903 -0.399261
-0.460485 -0.004197 -0.348793
-0.411143 0.026076 -0.297363
-0.361801 0.056348 -0.245934
-0.312459 0.086621 -0.194504
-0.263117 0.116894 -0.143075
-0.213776 0.147166 -0.091646
-0.164434 0.177438 -0.040216
-0.115092 0.207711 0.011213
-0.065750 0.237983 0.062643
-0.016408 0.268256 0.114072
0.032933 0.298529 0.165502
0.083181 0.329357 0.217875
0.133428 0.360185 0.270248
0.183675 0.391013 0.322621
0.233923 0.421841 0.374994
0.284170 0.452669 0.427367
0.334417 0.483497 0.479741
0.384664 0.514325 0.467886
0.434912 0.545153 0.415513
0.485159 0.575982 0.363140
0.464594 0.606810 0.310767
0.413457 0.638183 0.257467
0.362320 0.669557 0.204167
0.311184 0.700930 0.150866
0.260047 0.693035 0.097566
0.208911 0.661662 0.044266
0.157774 0.630288 -0.009034
0.106637 0.598915 -0.062335
0.055501 0.567541 -0.115635
0.004364 0.536168 -0.168935
-0.046773 0.504794 -0.222235
-0.098784 0.472884 -0.276447
-0.150794 0.440974 -0.330658
-0.202805 0.409064 -0.384870
-0.254816 0.377154 -0.439081
-0.306827 0.345244 -0.493292
-0.358838 0.313335 -0.452497
-0.410848 0.281425 -0.398285
-0.462859 0.249515 -0.344074
-0.485130 0.217605 -0.289863
-0.433120 0.185694 -0.235651
-0.380249 0.153257 -0.180544
-0.327379 0.120820 -0.125436
-0.274508 0.088382 -0.070329
-0.221637 0.055945 -0.015221
-0.168767 0.023507 0.039886
-0.115896 -0.008931 0.094994
-0.063026 -0.041368 0.150101
-0.010155 -0.073806 0.205209
0.042716 -0.106243 0.260316
0.095586 -0.138681 0.315424
0.149303 -0.171637 0.371413
0.203019 -0.204594 0.427402
0.256736 -0.237550 0.483392
0.310453 -0.270507 0.460619
0.364169 -0.303464 0.404630
0.417886 -0.336420 0.348640
0.471602 -0.369377 0.292651
0.474681 -0.402333 0.236662
0.420964 -0.435290 0.180672
0.367248 -0.468247 0.124683
0.312698 -0.498286 0.067826
0.258149 -0.464819 0.010968
0.203599 -0.431351 -0.045889
0.149050 -0.397884 -0.102747
0.094500 -0.364416 -0.159604
0.039951 -0.330949 -0.216461
-0.014599 -0.297482 -0.273319
-0.069148 -0.264014 -0.330176
-0.123697 -0.230547 -0.387034
-0.178247 -0.197079 -0.443891
-0.233617 -0.163108 -0.498396
-0.288986 -0.129138 -0.440684
-0.344356 -0.095167 -0.382971
-0.399726 -0.061196 -0.325259
-0.455096 -0.027225 -0.267546
-0.489535 0.006746 -0.209834
-0.434165 0.040717 -0.152121
-0.378795 0.074687 -0.094409
-0.323426 0.108658 -0.036696
-0.268056 0.142629 0.021016
-0.211878 0.177096 0.079571
-0.155700 0.211563 0.138126
-0.099521 0.246030 0.196681
-0.043343 0.280496 0.255236
0.012835 0.314963 0.313791
0.069013 0.349430 0.372346
0.125191 0.383896 0.430901
0.181369 0.418363 0.489456
0.237547 0.452830 0.451989
0.293726 0.487296 0.393434
0.350700 0.522252 0.334048
0.407675 0.557208 0.274663
0.464650 0.592164 0.215277
0.478375 0.627119 0.155891
0.421400 0.662075 0.096506
0.364425 0.697031 0.037120
0.341687 0.716085 0.017017
0.398834 0.698036 0.088575
0.455982 0.679986 0.160132
0.486871 0.661937 0.231689
0.428935 0.643639 0.304233
0.370999 0.625341 0.376777
0.313064 0.607042 0.449322
0.255128 0.588744 0.478134
0.197192 0.570446 0.405590
0.139257 0.552148 0.333046
0.081321 0.533850 0.260502
0.023386 0.515552 0.187957
-0.034550 0.497254 0.115413
-0.092485 0.478956 0.042869
-0.151199 0.460412 -0.030649
-0.209912 0.441868 -0.104167
-0.268625 0.423324 -0.177685
-0.327338 0.404780 -0.251203
-0.386052 0.386236 -0.324721
-0.444765 0.367693 -0.398239
-0.496522 0.349149 -0.471758
-0.437808 0.330605 -0.454724
-0.379095 0.312061 -0.381206
-0.320382 0.293517 -0.307688
-0.260901 0.274731 -0.233209
-0.201420 0.255945 -0.158730
-0.141940 0.237158 -0.084251
-0.082459 0.218372 -0.009772
-0.022978 0.199586 0.064707
0.036503 0.180800 0.139187
0.095984 0.162014 0.213666
0.155464 0.143227 0.288145
0.214945 0.124441 0.362624
0.274426 0.105655 0.437103
0.334665 0.086629 0.487469
0.394903 0.067604 0.412042
0.455142 0.048578 0.336614
0.484620 0.029553 0.261186
0.424381 0.010527 0.185758
0.364143 -0.008499 0.110330
0.303904 -0.027524 0.034902
0.243666 -0.046550 -0.040526
0.183427 -0.065575 -0.115954
0.123189 -0.084601 -0.191382
0.062202 -0.103863 -0.267746
0.001215 -0.123125 -0.344111
-0.059772 -0.142387 -0.420476
-0.120759 -0.161649 -0.496841
-0.181746 -0.180911 -0.426794
-0.242733 -0.200173 -0.350429
-0.303720 -0.219435 -0.274064
-0.364706 -0.238697 -0.197699
-0.425693 -0.257959 -0.121334
-0.486680 -0.277220 -0.044970
-0.451594 -0.296716 0.032321
-0.389867 -0.316211 0.109612
-0.328141 -0.335707 0.186902
-0.266415 -0.355202 0.264193
-0.204689 -0.374698 0.341483
-0.142962 -0.394193 0.418774
-0.081236 -0.413689 0.496064
-0.019510 -0.433184 0.426645
0.042216 -0.452680 0.349355
0.103942 -0.472175 0.272064
0.166399 -0.491901 0.193859
0.228856 -0.488372 0.115653
0.291312 -0.468646 0.037448
0.353769 -0.448920 -0.040757
0.416226 -0.429194 -0.118963
0.478682 -0.409468 -0.197168
0.458861 -0.389742 -0.275373
0.396404 -0.370016 -0.353578
0.333947 -0.350289 -0.431783
0.271491 -0.330563 -0.490011
0.208312 -0.310609 -0.410902
0.145133 -0.290655 -0.331793
0.081955 -0.270701 -0.252683
0.018776 -0.250747 -0.173574
-0.044403 -0.230792 -0.094464
-0.107582 -0.210838 -0.015355
-0.170760 -0.190884 0.063754
-0.233939 -0.170930 0.142864
-0.297118 -0.150976 0.221973
-0.360297 -0.131022 0.301083
-0.424189 -0.110842 0.381086
-0.488082 -0.090662 0.461089
-0.448025 -0.070483 0.458907
-0.384133 -0.050303 0.378904
-0.320240 -0.030123 0.298900
-0.256348 -0.009944 0.218897
-0.192455 0.010236 0.138893
-0.128562 0.030416 0.058890
-0.064670 0.050595 -0.021113
-0.000777 0.070775 -0.101117
0.063821 0.091178 -0.182004
0.128420 0.111580 -0.262892
0.169799 0.107255 -0.328850
0.176349 0.065836 -0.372417
0.182898 0.024417 -0.415983
0.189448 -0.017001 -0.459549
0.195998 -0.058420 -0.496885
0.202547 -0.099839 -0.453318
0.209097 -0.141257 -0.409752
0.215647 -0.182676 -0.366186
0.211717 -0.154498 -0.392758
0.205150 -0.108810 -0.436982
0.198583 -0.063122 -0.481206
0.192017 -0.017434 -0.474570
0.185450 0.028255 -0.430346
0.178883 0.073943 -0.386122
0.172316 0.119631 -0.341898
0.165749 0.165319 -0.297675
0.159182 0.211008 -0.253451
0.152615 0.256696 -0.209226
0.145978 0.302868 -0.164534
0.139342 0.349040 -0.119842
0.132705 0.395211 -0.075150
0.126069 0.441383 -0.030458
0.119432 0.487555 0.014234
0.112796 0.533727 0.058926
0.106159 0.579898 0.103618
0.099523 0.626070 0.148310
0.092886 0.672241 0.193002
0.086250 0.718413 0.237694
0.079544 0.765063 0.282849
0.072839 0.811713 0.328005
0.066134 0.858363 0.373160
0.059428 0.905014 0.418315
0.052723 0.951664 0.463470
0.046018 0.998314 0.491374
0.039312 1.044964 0.446219
0.032607 1.091614 0.401064
0.025902 1.138265 0.355908
0.019197 1.184915 0.310753
0.012423 1.232038 0.265140
0.005650 1.279162 0.219526
-0.001123 1.326285 0.173912
-0.007897 1.373408 0.128299
-0.014670 1.420532 0.082685
-0.021444 1.409635 0.037071
-0.028217 1.362512 -0.008542
-0.034990 1.315389 -0.054156
-0.041764 1.268265 -0.099770
-0.048537 1.221142 -0.145383
-0.055378 1.173549 -0.191451
-0.062218 1.125955 -0.237518
-0.069059 1.078362 -0.283586
-0.075900 1.030769 -0.329653
-0.082741 0.983176 -0.375721
-0.089581 0.935584 -0.421788
-0.096422 0.887991 -0.467856
-0.103263 0.840399 -0.486076
-0.110104 0.792806 -0.440009
-0.116944 0.745214 -0.393941
-0.123852 0.697157 -0.347424
-0.130759 0.649100 -0.300907
-0.137667 0.601043 -0.254391
-0.144574 0.552986 -0.207874
-0.151482 0.504930 -0.161357
-0.158389 0.456872 -0.114840
-0.165297 0.408815 -0.068323
-0.172204 0.360758 -0.021806
-0.179111 0.312701 0.024711
-0.186019 0.264644 0.071228
-0.192993 0.216127 0.118190
-0.199966 0.167610 0.165152
-0.206940 0.119093 0.212114
-0.213913 0.070576 0.259077
-0.220887 0.022059 0.306039
-0.227860 -0.026458 0.353001
-0.234834 -0.074975 0.399963
-0.241808 -0.123492 0.446925
-0.248781 -0.172009 0.493888
-0.255755 -0.220526 0.459150
-0.262794 -0.269498 0.411747
-0.269833 -0.318471 0.364344
-0.276872 -0.367444 0.316941
-0.283911 -0.416416 0.269538
-0.290950 -0.465389 0.222135
-0.297989 -0.485638 0.174732
-0.305028 -0.436666 0.127329
-0.312067 -0.387693 0.079926
-0.319106 -0.338720 0.032523
-0.326145 -0.289748 -0.014880
-0.333249 -0.240324 -0.062720
-0.340353 -0.190900 -0.110560
-0.347457 -0.141476 -0.158400
-0.354561 -0.092052 -0.206240
-0.361665 -0.042628 -0.254080
-0.368769 0.006796 -0.301920
-0.375873 0.056220 -0.349760
-0.382977 0.105644 -0.397600
-0.390081 0.155067 -0.445440
-0.397185 0.204491 -0.493280
-0.404353 0.254362 -0.458447
-0.411522 0.304234 -0.410174
-0.418690 0.354105 -0.361902
-0.425858 0.403976 -0.313629
-0.433027 0.453847 -0.265356
-0.417953 0.499432 -0.254869
-0.350984 0.535015 -0.332552
-0.284014 0.570598 -0.410234
-0.217044 0.606180 -0.487917
-0.150074 0.641763 -0.434401
-0.082508 0.677662 -0.356028
-0.014943 0.713562 -0.277655
0.052623 0.749461 -0.199282
0.120188 0.785360 -0.120909
0.187753 0.821259 -0.042536
0.255318 0.857159 0.035838
0.322884 0.893058 0.114211
0.390449 0.928957 0.192584
0.458015 0.964857 0.270957
0.474420 1.000756 0.349330
0.406264 1.036968 0.428387
0.338109 1.073180 0.492555
0.269953 1.109393 0.413498
0.201798 1.145605 0.334440
0.133642 1.181817 0.255383
0.065487 1.218029 0.176325
-0.002669 1.254241 0.097267
-0.070824 1.290454 0.018210
-0.138980 1.326666 -0.060848
-0.207135 1.362878 -0.139905
-0.275876 1.399401 -0.219642
-0.344616 1.435925 -0.299378
-0.413357 1.472448 -0.379114
-0.482097 1.508971 -0.458850
-0.449162 1.545495 -0.461414
-0.380421 1.582018 -0.381678
-0.311681 1.618541 -0.301942
-0.242940 1.655065 -0.222205
-0.174200 1.691588 -0.142469
-0.105459 1.728111 -0.062733
-0.036139 1.764943 0.017676
0.033182 1.787498 0.098085
0.102502 1.750666 0.178494
0.171823 1.713834 0.258903
0.241144 1.677002 0.339312
0.310464 1.640170 0.419722
0.379785 1.603337 0.499869
0.449105 1.566505 0.419460
0.481574 1.529673 0.339051
0.412254 1.492841 0.258642
0.342358 1.455704 0.177566
0.272462 1.418567 0.096489
0.202566 1.381429 0.015413
0.132670 1.344292 -0.065663
0.062774 1.307155 -0.146740
-0.007122 1.270018 -0.227816
-0.077017 1.232880 -0.308893
-0.146913 1.195743 -0.389969
-0.216809 1.158606 -0.471045
-0.286705 1.121468 -0.447878
-0.357171 1.084028 -0.366140
-0.427638 1.046588 -0.284402
-0.498104 1.009148 -0.202664
-0.431429 0.971708 -0.120925
-0.360963 0.934267 -0.039187
-0.290497 0.896826 0.042551
-0.220030 0.859386 0.124289
-0.149564 0.821945 0.206028
-0.079097 0.784504 0.287766
-0.008631 0.747064 0.369504
0.062402 0.709323 0.451899
0.133434 0.671582 0.465706
0.204466 0.633841 0.383312
0.275499 0.596099 0.300917
0.346531 0.558358 0.218522
0.417564 0.520617 0.136127
0.432821 0.513576 0.120035
0.364416 0.552585 0.203398
0.296011 0.591594 0.286760
0.227606 0.630603 0.370122
0.158660 0.669920 0.454143
0.089714 0.709237 0.461835
0.020768 0.748554 0.377814
-0.048177 0.787871 0.293792
-0.117123 0.827188 0.209771
-0.186069 0.866505 0.125750
-0.255015 0.905822 0.041729
-0.323961 0.945139 -0.042293
-0.392907 0.984456 -0.126314
-0.461853 1.023773 -0.210335
-0.468665 1.063396 -0.295010
-0.399183 1.103019 -0.379685
-0.329700 1.142642 -0.464361
-0.260218 1.182264 -0.450964
-0.190736 1.221887 -0.366289
-0.121253 1.261510 -0.281613
-0.051771 1.301133 -0.196938
0.017712 1.340756 -0.112263
0.087194 1.380378 -0.027588
0.156677 1.420001 0.057087
0.226691 1.459928 0.142411
0.296706 1.499855 0.227735
0.366721 1.539781 0.313059
0.436736 1.579708 0.398383
0.493249 1.619635 0.483707
0.423234 1.659562 0.430969
0.353219 1.699489 0.345645
0.283204 1.739415 0.260321
0.213189 1.779342 0.174997
0.143174 1.819269 0.089673
0.072631 1.859497 0.003705
0.002088 1.899726 -0.082263
-0.068455 1.939954 -0.168231
-0.138999 1.980182 -0.254199
-0.209542 2.020411 -0.340167
-0.280085 2.060639 -0.426135
-0.350629 2.100867 -0.487897
-0.421172 2.141096 -0.401929
-0.491715 2.181324 -0.315960
-0.437742 2.144506 -0.229992
-0.366674 2.103980 -0.143385
-0.295606 2.063453 -0.056778
-0.236798 2.039782 0.013391
-0.288325 2.079479 -0.064381
-0.339853 1.951455 -0.142153
-0.391381 1.823431 -0.219926
-0.442908 1.695408 -0.297698
-0.494436 1.567384 -0.375470
-0.454036 1.439360 -0.453242
-0.402509 1.311337 -0.468986
-0.350604 1.182375 -0.390644
-0.298698 1.053413 -0.312302
-0.246793 0.924452 -0.233960
-0.194888 0.795491 -0.155618
-0.142983 0.666529 -0.077276
-0.091078 0.537568 0.001066
-0.039172 0.408607 0.079408
0.012733 0.279645 0.157750
0.064638 0.150684 0.236092
0.116543 0.021722 0.314434
0.168823 -0.108170 0.393342
0.221103 -0.238063 0.472249
0.273383 -0.367956 0.448843
0.325663 -0.497848 0.369935
0.377944 -0.372259 0.291028
0.430224 -0.242367 0.212120
0.482504 -0.112474 0.133213
0.465216 0.017419 0.054305
0.412936 0.147311 -0.024603
0.360656 0.277204 -0.103511
0.308004 0.408021 -0.182980
0.255352 0.538838 -0.262449
0.202700 0.669655 -0.341919
0.150048 0.800472 -0.421388
0.097395 0.931290 -0.499143
0.044743 1.062107 -0.419673
-0.007909 1.192923 -0.340204
-0.060561 1.323740 -0.260734
-0.113213 1.454557 -0.181265
-0.165865 1.585374 -0.101796
-0.218887 1.717108 -0.021769
-0.217474 1.735966 0.000892
-0.161627 1.641948 -0.033815
-0.105779 1.547930 -0.068521
-0.049932 1.453912 -0.103227
0.005915 1.359895 -0.137933
0.061762 1.265877 -0.172640
0.117610 1.171859 -0.207346
0.173457 1.077841 -0.242052
0.229304 0.983823 -0.276758
0.285538 0.889154 -0.311705
0.341772 0.794486 -0.346651
0.398005 0.699818 -0.381598
0.454239 0.605150 -0.416544
0.489527 0.510481 -0.451491
0.433293 0.415813 -0.486437
0.377060 0.321145 -0.478616
0.320826 0.226477 -0.443669
0.264592 0.131808 -0.408723
0.208359 0.037140 -0.373776
0.151741 -0.058174 -0.338592
0.095123 -0.153488 -0.303407
0.038506 -0.248803 -0.268222
-0.018112 -0.344117 -0.233037
-0.074729 -0.439432 -0.197852
-0.131347 -0.465254 -0.162667
-0.187964 -0.369940 -0.127482
-0.244582 -0.274625 -0.092297
-0.301200 -0.179311 -0.057112
-0.357817 -0.083997 -0.021927
-0.414816 0.011960 0.013495
-0.471815 0.107916 0.048917
-0.471187 0.203872 0.084339
-0.414188 0.299828 0.119761
-0.357189 0.395785 0.155183
-0.300191 0.491741 0.190605
-0.243192 0.587697 0.226027
-0.186193 0.683654 0.261449
-0.129194 0.779610 0.296870
-0.072195 0.875566 0.332292
-0.014818 0.972160 0.367950
0.042560 1.068754 0.403607
0.099938 1.165348 0.439264
0.157315 1.261943 0.474921
0.214693 1.358537 0.489421
0.272071 1.455131 0.453764
0.329448 1.551725 0.418107
0.386826 1.648319 0.382449
0.444203 1.744913 0.346792
0.498419 1.841507 0.311135
0.440665 1.938734 0.275244
0.382912 2.035961 0.239352
0.325158 2.133188 0.203461
0.267404 2.230416 0.167570
0.209650 2.327643 0.131679
0.151896 2.424870 0.095788
0.094142 2.522097 0.059897
0.036388 2.619324 0.024006
-0.021366 2.716551 -0.011885
-0.079120 2.611209 -0.047776
-0.137247 2.513353 -0.083900
-0.195375 2.415496 -0.120023
-0.253503 2.317640 -0.156147
-0.311630 2.219783 -0.192270
-0.369758 2.121927 -0.228393
-0.427885 2.024070 -0.264517
-0.486013 1.926214 -0.300640
-0.455859 1.828357 -0.336764
-0.397732 1.730500 -0.372887
-0.339604 1.632644 -0.409010
-0.281105 1.534162 -0.445365
-0.222606 1.435679 -0.481719
-0.164107 1.337197 -0.481927
-0.105608 1.238714 -0.445572
-0.047109 1.140232 -0.409218
0.011391 1.041750 -0.372864
0.069890 0.943268 -0.336509
0.128389 0.844786 -0.300155
0.186888 0.746304 -0.263800
0.245387 0.647822 -0.227446
0.304255 0.548719 -0.190863
0.363123 0.449616 -0.154279
0.421992 0.350513 -0.117696
0.480860 0.251409 -0.081112
0.460272 0.152306 -0.044528
0.401404 0.053203 -0.007945
0.342535 -0.045900 0.028639
0.283667 -0.145003 0.065223
0.224799 -0.244106 0.101806
0.165931 -0.343210 0.138390
0.106696 -0.442930 0.175201
0.047461 -0.457349 0.212013
-0.011774 -0.357628 0.248824
-0.071009 -0.257908 0.285636
-0.130244 -0.158187 0.322447
-0.189479 -0.058466 0.359259
-0.248714 0.041254 0.396070
-0.307949 0.140975 0.432882
-0.367184 0.240695 0.469694
-0.426419 0.340416 0.493495
-0.486019 0.440750 0.456457
-0.454382 0.541085 0.419419
-0.394782 0.641419 0.382381
-0.335183 0.741753 0.345343
-0.275583 0.842088 0.308305
-0.215983 0.942422 0.271267
-0.156384 1.042756 0.234229
-0.096785 1.143091 0.197191
-0.037185 1.243426 0.160153
0.022414 1.343761 0.123115
0.082376 1.444705 0.085851
0.142338 1.545649 0.048588
0.202300 1.646593 0.011325
0.262262 1.747537 -0.025938
0.322223 1.848481 -0.063202
0.382185 1.949425 -0.100465
0.442147 2.050369 -0.137728
0.497892 2.151313 -0.174991
0.437930 2.252257 -0.212254
0.377968 2.353201 -0.249518
0.317646 2.454751 -0.287005
0.257324 2.556301 -0.324492
0.197002 2.657850 -0.361979
0.136680 2.759400 -0.399466
0.076358 2.860950 -0.436953
0.016036 2.962499 -0.474440
-0.044285 2.981308 -0.488072
-0.104607 2.879759 -0.450585
-0.164929 2.778209 -0.413098
-0.225251 2.676660 -0.375611
-0.285931 2.574507 -0.337901
-0.346611 2.472354 -0.300192
-0.407291 2.370201 -0.262483
-0.467971 2.268048 -0.224773
-0.471349 2.165895 -0.187064
-0.410669 2.063743 -0.149354
-0.349989 1.961590 -0.111645
-0.289309 1.859437 -0.073935
-0.228629 1.757284 -0.036226
-0.167949 1.655131 0.001484
-0.106914 1.552379 0.039415
-0.045878 1.449626 0.077345
0.015158 1.346874 0.115276
0.076194 1.244122 0.153207
0.137230 1.141369 0.191138
0.198266 1.038617 0.229068
0.259301 0.935864 0.266999
0.320337 0.833112 0.304930
0.381373 0.730359 0.342860
0.442409 0.627607 0.380791
0.496201 0.524259 0.418941
0.434812 0.420911 0.457092
0.373422 0.317563 0.495242
0.312032 0.214215 0.466607
0.250642 0.110867 0.428456
0.189253 0.007519 0.390306
0.127863 -0.095829 0.352155
0.066473 -0.199177 0.314005
0.005084 -0.302525 0.275854
-0.056306 -0.405873 0.237704
-0.118048 -0.490187 0.199335
-0.179789 -0.386247 0.160965
-0.241530 -0.282306 0.122596
-0.303272 -0.178366 0.084227
-0.365013 -0.074426 0.045858
-0.426755 0.029515 0.007489
-0.488496 0.133455 -0.030881
-0.449762 0.237395 -0.069250
-0.464890 0.236137 -0.077926
-0.443112 0.129680 -0.056909
-0.350594 0.022619 -0.035773
-0.258075 -0.084441 -0.014637
-0.165556 -0.191501 0.006499
-0.073038 -0.298562 0.027635
0.019481 -0.405622 0.048771
0.112000 -0.487318 0.069907
0.204519 -0.380257 0.091043
0.297037 -0.273197 0.112179
0.389556 -0.166136 0.133315
0.482074 -0.059076 0.154451
0.424889 0.048584 0.175706
0.331852 0.156244 0.196960
0.238815 0.263904 0.218214
0.145778 0.371564 0.239469
0.052741 0.479224 0.260723
-0.040296 0.586884 0.281978
-0.133333 0.694545 0.303232
-0.226370 0.802205 0.324486
-0.319407 0.909865 0.345741
-0.412444 1.017526 0.366995
-0.494003 1.125782 0.388367
-0.400451 1.234038 0.409740
-0.306898 1.342295 0.431112
-0.213346 1.450551 0.452484
-0.119793 1.558807 0.473856
-0.026241 1.667064 0.495228
0.067312 1.775320 0.483400
0.160864 1.883576 0.462028
0.254416 1.991833 0.440655
0.347969 2.100089 0.419283
0.442034 2.208939 0.397794
0.463901 2.317789 0.376305
0.369836 2.426639 0.354816
0.275771 2.535489 0.333326
0.181706 2.644339 0.311837
0.087641 2.753189 0.290348
-0.006425 2.862039 0.268858
-0.100490 2.970889 0.247369
-0.194555 3.079739 0.225880
-0.288620 3.188589 0.204391
-0.383195 3.298028 0.182785
-0.477770 3.407467 0.161179
-0.427655 3.487290 0.139573
-0.333080 3.377851 0.117968
-0.238505 3.268413 0.096362
-0.143930 3.158974 0.074756
-0.049355 3.049535 0.053150
0.045220 2.940096 0.031544
0.139795 2.830657 0.009939
0.234370 2.721218 -0.011667
0.329452 2.611193 -0.033389
0.424534 2.501167 -0.055110
0.480385 2.391142 -0.076832
0.385303 2.281116 -0.098554
0.290221 2.171091 -0.120275
0.195139 2.061066 -0.141997
0.100057 1.951040 -0.163718
0.004975 1.841013 -0.185440
-0.090108 1.730986 -0.207162
-0.185190 1.620960 -0.228883
-0.280776 1.510349 -0.250720
-0.376363 1.399738 -0.272557
-0.471949 1.289128 -0.294394
-0.432464 1.178517 -0.316230
-0.336878 1.067906 -0.338067
-0.241291 0.957296 -0.359904
-0.145705 0.846686 -0.381741
-0.050119 0.736076 -0.403577
0.045468 0.625465 -0.425414
0.141054 0.514855 -0.447251
0.237143 0.403664 -0.469202
0.333231 0.292473 -0.491154
0.429319 0.181282 -0.486895
0.474592 0.070092 -0.464943
0.378504 -0.041099 -0.442992
0.282416 -0.152290 -0.421040
0.186327 -0.263481 -0.399089
0.090239 -0.374672 -0.377137
0.105599 -0.333810 -0.375790
0.133341 -0.276054 -0.376733
0.161228 -0.217998 -0.377680
0.189114 -0.159941 -0.378627
0.217001 -0.101885 -0.379575
0.244888 -0.043829 -0.380522
0.272774 0.014228 -0.381470
0.300661 0.072284 -0.382417
0.328547 0.130340 -0.383364
0.356434 0.188396 -0.384312
0.384321 0.246453 -0.385259
0.412207 0.304509 -0.386207
0.440237 0.362864 -0.387159
0.468267 0.421219 -0.388111
0.496297 0.479573 -0.389063
0.475673 0.537928 -0.390015
0.447643 0.596283 -0.390968
0.419613 0.654638 -0.391920
0.391583 0.712992 -0.392872
0.363553 0.771347 -0.393824
0.335523 0.829702 -0.394776
0.307493 0.888056 -0.395729
0.279320 0.946708 -0.396685
0.251147 1.005360 -0.397642
0.222975 1.064012 -0.398599
0.194802 1.122664 -0.399556
0.166630 1.181316 -0.400513
0.138457 1.239968 -0.401470
0.110284 1.298620 -0.402427
0.082112 1.357273 -0.403384
0.053939 1.415925 -0.404341
0.025767 1.474577 -0.405298
-0.002548 1.533525 -0.406260
-0.030863 1.592473 -0.407221
-0.059177 1.651420 -0.408183
-0.087492 1.710368 -0.409145
-0.115806 1.769316 -0.410107
-0.144121 1.828264 -0.411068
-0.172435 1.887212 -0.412030
-0.200750 1.946159 -0.412992
-0.229065 2.005107 -0.413954
-0.257379 2.064054 -0.414915
-0.285835 2.123296 -0.415882
-0.314291 2.182538 -0.416848
-0.342747 2.241781 -0.417815
-0.371202 2.301023 -0.418781
-0.399658 2.360265 -0.419748
-0.428114 2.419507 -0.420714
-0.456570 2.478750 -0.421681
-0.485026 2.537992 -0.422647
-0.486518 2.597234 -0.423614
