-0.321708 -0.000609 -0.131789
-0.345868 -0.009215 -0.128803
-0.370027 -0.017821 -0.125818
-0.394187 -0.026427 -0.122832
-0.418347 -0.035033 -0.119846
-0.442506 -0.136290 -0.116861
-0.466666 -0.223809 -0.113875
-0.490825 -0.277599 -0.110889
-0.485015 -0.304344 -0.107904
-0.460856 -0.335075 -0.104918
-0.446053 -0.366610 -0.103440
-0.473764 -0.377174 -0.109019
-0.498525 -0.396463 -0.114597
-0.470814 -0.432139 -0.120176
-0.443104 -0.449375 -0.125754
-0.415393 -0.459915 -0.131333
-0.389463 -0.466913 -0.136857
-0.370656 -0.459740 -0.142162
-0.351849 -0.452567 -0.147467
-0.333043 -0.445394 -0.152772
-0.314236 -0.438221 -0.158077
-0.292520 -0.429939 -0.164203
-0.270804 -0.421657 -0.170329
-0.249088 -0.413374 -0.176455
-0.227371 -0.405092 -0.182581
-0.205655 -0.396810 -0.188707
-0.183939 -0.388527 -0.194832
-0.162223 -0.380245 -0.200958
-0.140507 -0.371963 -0.207084
-0.118790 -0.363680 -0.213210
-0.097074 -0.355398 -0.219336
-0.072795 -0.346138 -0.226185
-0.079126 -0.343404 -0.216081
-0.098575 -0.343467 -0.198711
-0.118024 -0.343531 -0.181341
-0.137474 -0.343594 -0.163971
-0.156923 -0.343657 -0.146601
-0.176373 -0.343720 -0.129232
-0.195822 -0.343783 -0.111862
-0.215272 -0.343846 -0.094492
-0.234721 -0.343910 -0.077122
-0.256027 -0.343979 -0.058094
-0.277333 -0.344048 -0.039067
-0.298639 -0.344117 -0.020039
-0.319945 -0.344186 -0.001011
-0.341251 -0.344255 0.018016
-0.362557 -0.344324 0.037044
-0.383863 -0.344394 0.056072
-0.405169 -0.344463 0.075100
-0.426475 -0.344532 0.094127
-0.447781 -0.344601 0.113155
-0.470794 -0.344676 0.133707
-0.493807 -0.344751 0.154259
-0.483180 -0.344825 0.174812
-0.460167 -0.344900 0.195364
-0.437154 -0.344975 0.215916
-0.414141 -0.345050 0.236469
-0.391128 -0.345125 0.257021
-0.368115 -0.345199 0.277573
-0.345102 -0.345274 0.298125
-0.322089 -0.345349 0.318678
-0.297487 -0.345429 0.340649
-0.272885 -0.345509 0.362620
-0.248283 -0.345589 0.384591
-0.223681 -0.345669 0.406562
-0.199080 -0.345748 0.428533
-0.174478 -0.345828 0.450505
-0.149876 -0.345908 0.472476
-0.125274 -0.345988 0.494447
-0.100672 -0.346068 0.483582
-0.076070 -0.346148 0.461611
-0.049976 -0.346232 0.438307
-0.023882 -0.346317 0.415003
0.002212 -0.346402 0.391699
0.028306 -0.346486 0.368395
0.054401 -0.346571 0.345091
0.080495 -0.346656 0.321787
0.106589 -0.346740 0.298483
0.132683 -0.346825 0.275179
0.132789 -0.361149 0.285698
0.106905 -0.389712 0.330040
0.079621 -0.419821 0.376781
0.085286 -0.422082 0.369723
0.099188 -0.417380 0.349215
0.113090 -0.412679 0.328707
0.126992 -0.407978 0.308199
0.140894 -0.403277 0.287691
0.154796 -0.398575 0.267184
0.168698 -0.393874 0.246676
0.182599 -0.389173 0.226168
0.196501 -0.384471 0.205660
0.211082 -0.379540 0.184151
0.225662 -0.374610 0.162642
0.240242 -0.369679 0.141133
0.254823 -0.364748 0.119624
0.269403 -0.359817 0.098115
0.283984 -0.354886 0.076607
0.298564 -0.349956 0.055098
0.313145 -0.345025 0.033589
0.327725 -0.340094 0.012080
0.342306 -0.335163 -0.009429
0.357534 -0.330013 -0.031894
0.372763 -0.324863 -0.054360
0.387992 -0.319713 -0.076825
0.403220 -0.314563 -0.099290
0.418449 -0.309413 -0.121755
0.433678 -0.304262 -0.144221
0.448906 -0.299112 -0.166686
0.463394 -0.296975 -0.186904
0.471207 -0.321956 -0.186901
0.479021 -0.346936 -0.186897
0.487153 -0.372936 -0.186893
0.495286 -0.398937 -0.186889
0.496582 -0.424937 -0.186885
0.488449 -0.450938 -0.186881
0.480317 -0.476938 -0.186877
0.472184 -0.497062 -0.186872
0.464052 -0.471061 -0.186868
0.455920 -0.445061 -0.186864
0.447787 -0.419060 -0.186860
0.439655 -0.393060 -0.186856
0.431215 -0.366078 -0.186852
0.422776 -0.339096 -0.186848
0.414336 -0.312114 -0.186844
0.405897 -0.285132 -0.186840
0.397458 -0.258151 -0.186836
0.389018 -0.231169 -0.186831
0.380579 -0.204187 -0.186827
0.372139 -0.177205 -0.186823
0.363700 -0.150223 -0.186819
0.355260 -0.123241 -0.186815
0.346525 -0.095312 -0.186810
0.337789 -0.067383 -0.186806
0.329053 -0.039454 -0.186802
0.320318 -0.011525 -0.186797
0.311582 0.016404 -0.186793
0.302846 0.015269 -0.186789
0.294111 -0.012660 -0.186784
0.285375 -0.040589 -0.186780
0.276640 -0.068518 -0.186776
0.267904 -0.096447 -0.186771
0.258882 -0.125292 -0.186767
0.249859 -0.154136 -0.186763
0.240837 -0.182981 -0.186758
0.231815 -0.211826 -0.186754
0.222793 -0.240671 -0.186749
0.213770 -0.269516 -0.186745
0.204748 -0.298361 -0.186740
0.195726 -0.327206 -0.186736
0.186704 -0.356050 -0.186731
0.177682 -0.384895 -0.186727
0.168382 -0.414628 -0.186722
0.159082 -0.444360 -0.186718
0.149782 -0.474093 -0.186713
0.140482 -0.496175 -0.186708
0.131182 -0.466442 -0.186704
0.121882 -0.436709 -0.186699
0.112582 -0.406977 -0.186694
0.103282 -0.377244 -0.186690
0.093982 -0.347512 -0.186685
0.084682 -0.317779 -0.186681
0.075113 -0.287184 -0.186676
0.065543 -0.256589 -0.186671
0.055974 -0.225995 -0.186667
0.046404 -0.195400 -0.186662
0.036835 -0.164806 -0.186657
0.027265 -0.134211 -0.186653
0.017696 -0.103616 -0.186648
0.008126 -0.073022 -0.186644
-0.001444 -0.042427 -0.186639
-0.011013 -0.011832 -0.186634
-0.020845 0.019601 -0.186630
-0.030677 0.051034 -0.186625
-0.040508 0.082467 -0.186620
-0.050340 0.113900 -0.186615
-0.060172 0.145333 -0.186611
-0.070004 0.176766 -0.186606
-0.079835 0.179736 -0.186601
-0.089667 0.148303 -0.186596
-0.099499 0.116870 -0.186591
-0.109331 0.085437 -0.186587
-0.119418 0.053188 -0.186582
-0.129505 0.020938 -0.186577
-0.139592 -0.011312 -0.186572
-0.149680 -0.043561 -0.186567
-0.159767 -0.075811 -0.186562
-0.169854 -0.108060 -0.186557
-0.179941 -0.140310 -0.186552
-0.190028 -0.172560 -0.186547
-0.200116 -0.204809 -0.186542
-0.210203 -0.237059 -0.186538
-0.220539 -0.270105 -0.186532
-0.230875 -0.303151 -0.186527
-0.241212 -0.336197 -0.186522
-0.251548 -0.369243 -0.186517
-0.261884 -0.402289 -0.186512
-0.272221 -0.435335 -0.186507
-0.282557 -0.468381 -0.186502
-0.292893 -0.498573 -0.186497
-0.303230 -0.465527 -0.186492
-0.313566 -0.432481 -0.186487
-0.324146 -0.398658 -0.186482
-0.334725 -0.364834 -0.186476
-0.345305 -0.331011 -0.186471
-0.355884 -0.297187 -0.186466
-0.366464 -0.263364 -0.186461
-0.377043 -0.229540 -0.186456
-0.387623 -0.195716 -0.186450
-0.398202 -0.161892 -0.186445
-0.408782 -0.128069 -0.186440
-0.419361 -0.094245 -0.186435
-0.430179 -0.059661 -0.186429
-0.440996 -0.025078 -0.186424
-0.451813 0.009506 -0.186419
-0.462631 0.044090 -0.186413
-0.473448 0.078674 -0.186408
-0.484265 0.113258 -0.186403
-0.495083 0.147842 -0.186397
-0.494100 0.182425 -0.186392
-0.483282 0.217009 -0.186386
-0.472465 0.251593 -0.186381
-0.461415 0.286921 -0.186376
-0.450366 0.322248 -0.186370
-0.439316 0.357576 -0.186365
-0.428266 0.392904 -0.186360
-0.417216 0.428231 -0.186354
-0.406166 0.463559 -0.186349
-0.395116 0.498887 -0.186344
-0.384067 0.462111 -0.186338
-0.373017 0.426783 -0.186333
-0.361967 0.391455 -0.186327
-0.350689 0.355399 -0.186322
-0.339411 0.319343 -0.186316
-0.328134 0.283287 -0.186311
-0.316856 0.247231 -0.186305
-0.305578 0.211175 -0.186300
-0.294300 0.175119 -0.186294
-0.283022 0.139063 -0.186289
-0.271745 0.103006 -0.186283
-0.260467 0.066950 -0.186278
-0.249189 0.030894 -0.186272
-0.237688 -0.005876 -0.186267
-0.226187 -0.042646 -0.186261
-0.214686 -0.079416 -0.186255
-0.203184 -0.116187 -0.186250
-0.191683 -0.152957 -0.186244
-0.180182 -0.189727 -0.186238
-0.168681 -0.226497 -0.186233
-0.157180 -0.263268 -0.186227
-0.145679 -0.300038 -0.186221
-0.134177 -0.336808 -0.186216
-0.122457 -0.374279 -0.186210
-0.110737 -0.411749 -0.186204
-0.099017 -0.449220 -0.186198
-0.087297 -0.486691 -0.186192
-0.075576 -0.475838 -0.186187
-0.063856 -0.438368 -0.186181
-0.052136 -0.400897 -0.186175
-0.040416 -0.363426 -0.186169
-0.028695 -0.325955 -0.186163
-0.016975 -0.288485 -0.186158
-0.005040 -0.250326 -0.186152
0.006895 -0.212168 -0.186146
0.018831 -0.174010 -0.186140
0.030766 -0.135852 -0.186134
0.042701 -0.097693 -0.186128
0.054637 -0.059535 -0.186123
0.066572 -0.021377 -0.186117
0.056720 -0.062954 -0.214841
0.046867 -0.104531 -0.243565
0.037015 -0.146108 -0.272289
0.026988 -0.188421 -0.301521
0.016962 -0.230734 -0.330753
0.006935 -0.273047 -0.359985
-0.003092 -0.315360 -0.389217
-0.013118 -0.357674 -0.418450
-0.023145 -0.399987 -0.447682
-0.033172 -0.442300 -0.476914
-0.043199 -0.484613 -0.493854
-0.053225 -0.473074 -0.464622
-0.063252 -0.430761 -0.435389
-0.073450 -0.387725 -0.405657
-0.083648 -0.344689 -0.375925
-0.093846 -0.301652 -0.346193
-0.104044 -0.258616 -0.316461
-0.114243 -0.215579 -0.286729
-0.124441 -0.172543 -0.256997
-0.134639 -0.129506 -0.227265
-0.144837 -0.086470 -0.197533
-0.155035 -0.043434 -0.167801
-0.165233 -0.000397 -0.138070
-0.175600 0.043351 -0.107846
-0.185966 0.087099 -0.077623
-0.196333 0.130847 -0.047399
-0.206700 0.174594 -0.017176
-0.217067 0.218342 0.013048
-0.227433 0.262090 0.043271
-0.237800 0.305838 0.073495
-0.248167 0.349586 0.103718
-0.258534 0.393333 0.133942
-0.268900 0.437081 0.164165
-0.279433 0.481529 0.194873
-0.289965 0.525977 0.225580
-0.300498 0.570424 0.256287
-0.311030 0.614872 0.286994
-0.321562 0.659320 0.317701
-0.332095 0.703768 0.348408
-0.342627 0.748215 0.379115
-0.353160 0.792663 0.409822
-0.363692 0.764424 0.440529
-0.374225 0.719976 0.471237
-0.384920 0.674839 0.497580
-0.395616 0.629702 0.466397
-0.406312 0.584565 0.435213
-0.417008 0.539429 0.404030
-0.427703 0.494292 0.372847
-0.438399 0.449155 0.341663
-0.449095 0.404018 0.310480
-0.459791 0.358880 0.279297
-0.470486 0.313743 0.248113
-0.481182 0.268606 0.216930
-0.492039 0.222790 0.185278
-0.497104 0.176975 0.153626
-0.486248 0.131159 0.121973
-0.475391 0.085343 0.090321
-0.464534 0.039527 0.058669
-0.453678 -0.006289 0.027017
-0.442821 -0.052104 -0.004635
-0.431964 -0.097920 -0.036287
-0.421108 -0.143736 -0.067939
-0.410251 -0.189552 -0.099592
-0.399236 -0.236037 -0.131706
-0.388220 -0.282521 -0.163820
-0.377205 -0.329006 -0.195934
-0.366190 -0.375491 -0.228049
-0.355175 -0.421976 -0.260163
-0.344159 -0.468460 -0.292277
-0.333144 -0.485055 -0.324392
-0.322129 -0.438570 -0.356506
-0.311114 -0.392085 -0.388620
-0.300098 -0.345601 -0.420735
-0.288927 -0.298457 -0.453305
-0.277756 -0.251313 -0.485874
-0.266584 -0.204168 -0.481556
-0.255413 -0.157024 -0.448986
-0.244241 -0.109880 -0.416416
-0.233070 -0.062736 -0.383847
-0.221899 -0.015592 -0.351277
-0.210727 0.031552 -0.318707
-0.199556 0.078696 -0.286137
-0.188384 0.125840 -0.253568
-0.177059 0.173635 -0.220549
-0.165734 0.221429 -0.187529
-0.154408 0.269223 -0.154510
-0.143083 0.317018 -0.121491
-0.131757 0.364812 -0.088472
-0.120432 0.412606 -0.055453
-0.109106 0.460401 -0.022434
-0.097780 0.508195 0.010585
-0.086455 0.555989 0.043604
-0.075129 0.603784 0.076623
-0.063652 0.652220 0.110085
-0.052174 0.700656 0.143548
-0.040697 0.749092 0.177010
-0.029219 0.797528 0.210472
-0.017741 0.845964 0.243935
-0.006264 0.894400 0.277397
0.005214 0.942836 0.310859
0.016691 0.991271 0.344322
0.028169 1.039707 0.377784
0.039646 1.000512 0.411246
0.051274 0.951443 0.445146
0.062902 0.902374 0.479046
0.074529 0.853305 0.487054
0.086157 0.804236 0.453154
0.097784 0.755167 0.419255
0.109412 0.706099 0.385355
0.121040 0.657030 0.351455
0.132667 0.607961 0.317555
0.144295 0.558892 0.283655
0.155923 0.509823 0.249755
0.167698 0.460129 0.215424
0.179474 0.410434 0.181092
0.191250 0.360740 0.146761
0.203026 0.311046 0.112429
0.214802 0.261352 0.078098
0.226577 0.211658 0.043766
0.238353 0.161964 0.009434
0.250129 0.112269 -0.024897
0.261905 0.062575 -0.059229
0.273681 0.012881 -0.093560
0.285603 -0.037431 -0.128319
0.297525 -0.087742 -0.163077
0.309447 -0.138054 -0.197835
0.321369 -0.188365 -0.232593
0.333291 -0.238677 -0.267351
0.345213 -0.288988 -0.302109
0.357135 -0.339300 -0.336867
0.369058 -0.389612 -0.371626
0.380980 -0.439924 -0.406384
0.392902 -0.490235 -0.441142
0.404968 -0.458843 -0.476321
0.417035 -0.407922 -0.488499
0.429102 -0.357000 -0.453319
0.441168 -0.306079 -0.418140
0.453235 -0.255158 -0.382960
0.465302 -0.204236 -0.347781
0.477368 -0.153315 -0.312601
0.489435 -0.102393 -0.277422
0.498498 -0.051472 -0.242242
0.486432 -0.000550 -0.207063
0.474222 0.050974 -0.171467
0.462013 0.102498 -0.135871
0.449803 0.154022 -0.100276
0.437594 0.205546 -0.064680
0.425384 0.257070 -0.029084
0.413175 0.308594 0.006512
0.400966 0.360118 0.042107
0.388756 0.411642 0.077703
0.376547 0.463166 0.113299
0.364337 0.514690 0.148895
0.351987 0.566810 0.184902
0.339637 0.618929 0.220909
0.327286 0.671049 0.256917
0.314936 0.723168 0.292924
0.302586 0.775288 0.328931
0.290235 0.827407 0.364938
0.277885 0.879527 0.400945
0.265534 0.931646 0.436952
0.253184 0.983766 0.472960
0.240833 1.035885 0.491033
0.228343 1.088593 0.454619
0.215853 1.141302 0.418205
0.203363 1.194010 0.381790
0.190873 1.217562 0.345376
0.178383 1.164854 0.308962
0.165893 1.112145 0.272548
0.153403 1.059437 0.236133
0.140913 1.006729 0.199719
0.128423 0.954020 0.163305
0.115933 0.901312 0.126891
0.103305 0.848021 0.090075
0.090677 0.794729 0.053258
0.078049 0.741438 0.016441
0.065421 0.688147 -0.020375
0.018126 0.746777 -0.006707
-0.037836 0.833387 0.019583
-0.093798 0.919997 0.045872
-0.149761 1.006608 0.072161
-0.205723 1.093218 0.098451
-0.261685 1.179828 0.124740
-0.318252 1.267374 0.151314
-0.374819 1.354920 0.177887
-0.431386 1.396322 0.204461
-0.487953 1.308776 0.231034
-0.455479 1.221230 0.257608
-0.398912 1.133684 0.284181
-0.342345 1.046138 0.310755
-0.285778 0.958591 0.337328
-0.229211 0.871044 0.363902
-0.172643 0.783498 0.390475
-0.115478 0.695025 0.417330
-0.058312 0.606552 0.444185
-0.001146 0.518079 0.471040
0.056020 0.429606 0.497895
0.113185 0.341133 0.475250
0.170351 0.252660 0.448395
0.227517 0.164187 0.421540
0.284683 0.075714 0.394686
0.341848 -0.012759 0.367831
0.399014 -0.101232 0.340976
0.456772 -0.190622 0.313843
0.485470 -0.280012 0.286709
0.427712 -0.369402 0.259576
0.369954 -0.458792 0.232443
0.312196 -0.451818 0.205310
0.254438 -0.362428 0.178177
0.196680 -0.273038 0.151044
0.138921 -0.183648 0.123911
0.081163 -0.094258 0.096778
0.023405 -0.004868 0.069645
-0.034939 0.085429 0.042236
-0.093284 0.175727 0.014827
-0.151629 0.266024 -0.012581
-0.209973 0.356322 -0.039990
-0.268318 0.446619 -0.067398
-0.326662 0.536917 -0.094807
-0.385007 0.627214 -0.122215
-0.443352 0.717512 -0.149624
-0.498304 0.807809 -0.177033
-0.439959 0.898107 -0.204441
-0.381034 0.989302 -0.232123
-0.322109 1.080498 -0.259804
-0.263184 1.171695 -0.287485
-0.204259 1.262891 -0.315166
-0.145334 1.354087 -0.342848
-0.086408 1.445284 -0.370529
-0.027483 1.536480 -0.398210
0.031442 1.604782 -0.425892
0.090367 1.513586 -0.453573
0.149292 1.422390 -0.481254
0.208792 1.330304 -0.490795
0.268292 1.238219 -0.462843
0.327792 1.146133 -0.434892
0.387292 1.054047 -0.406941
0.446792 0.961962 -0.378989
0.493708 0.869876 -0.351038
0.434208 0.777791 -0.323087
0.374708 0.685705 -0.295135
0.315208 0.593619 -0.267184
0.255707 0.501534 -0.239233
0.195638 0.408567 -0.211014
0.135569 0.315600 -0.182795
0.075499 0.222633 -0.154576
0.015430 0.129666 -0.126357
-0.044640 0.036699 -0.098138
-0.026010 0.121055 -0.169204
-0.007380 0.205410 -0.240269
0.011250 0.289765 -0.311335
0.029880 0.374120 -0.382400
0.048510 0.458476 -0.453465
0.067314 0.543623 -0.474802
0.086119 0.628771 -0.403069
0.104924 0.713918 -0.331336
0.123728 0.799066 -0.259604
0.142533 0.884214 -0.187871
0.161338 0.969361 -0.116138
0.180143 1.054509 -0.044406
0.198948 1.139656 0.027327
0.217753 1.224804 0.099060
0.236557 1.309952 0.170793
0.255536 1.395884 0.243187
0.274514 1.481816 0.315581
0.293492 1.490975 0.387975
0.312470 1.405043 0.460369
0.331448 1.319111 0.467237
0.350426 1.233179 0.394843
0.369404 1.147247 0.322449
0.388382 1.061315 0.250055
0.407360 0.975383 0.177661
0.426339 0.889451 0.105268
0.445488 0.802741 0.032218
0.464638 0.716031 -0.040831
0.483788 0.629321 -0.113880
0.497062 0.542611 -0.186929
0.477912 0.455901 -0.259978
0.458763 0.369192 -0.333027
0.439613 0.282482 -0.406076
0.420463 0.195772 -0.479125
0.401313 0.109062 -0.447826
0.382164 0.022352 -0.374777
0.362844 -0.065128 -0.301078
0.343524 -0.152609 -0.227380
0.324204 -0.240090 -0.153681
0.304884 -0.327570 -0.079983
0.285564 -0.415051 -0.006285
0.266244 -0.497469 0.067414
0.285854 -0.466358 0.115698
0.331419 -0.347750 0.147040
0.376983 -0.229141 0.178382
0.422547 -0.110533 0.209724
0.468509 0.009111 0.241340
0.485528 0.128755 0.272955
0.439566 0.248400 0.304571
0.393604 0.368044 0.336187
0.347641 0.487688 0.367803
0.301679 0.607332 0.399419
0.255717 0.726977 0.431034
0.209755 0.846621 0.462650
0.163792 0.966265 0.494266
0.117830 1.085910 0.474118
0.071473 1.206581 0.442231
0.025117 1.327251 0.410344
-0.021240 1.447922 0.378457
-0.067597 1.568593 0.346570
-0.113954 1.689264 0.314683
-0.160310 1.722162 0.282796
-0.206667 1.601491 0.250909
-0.253024 1.480820 0.219022
-0.299381 1.360149 0.187135
-0.345737 1.239478 0.155248
-0.392485 1.117788 0.123092
-0.439233 0.996098 0.090935
-0.485981 0.874409 0.058779
-0.467271 0.752719 0.026623
-0.420523 0.631030 -0.005533
-0.373775 0.509341 -0.037689
-0.327027 0.387651 -0.069845
-0.280279 0.265962 -0.102002
-0.233532 0.144272 -0.134158
-0.186784 0.022583 -0.166314
-0.139648 -0.100117 -0.198737
-0.092512 -0.222816 -0.231160
-0.045376 -0.345516 -0.263583
0.001760 -0.468215 -0.296006
0.048896 -0.409085 -0.328429
0.096032 -0.286386 -0.360852
0.143168 -0.163686 -0.393275
0.190304 -0.040987 -0.425699
0.237440 0.081712 -0.458122
0.284576 0.204412 -0.490545
0.332096 0.328113 -0.476767
0.379617 0.451814 -0.444080
0.427138 0.575515 -0.411392
0.474658 0.699216 -0.378704
0.477821 0.822917 -0.346016
0.430300 0.946618 -0.313328
0.382780 1.070320 -0.280641
0.335259 1.194021 -0.247953
0.287738 1.317722 -0.215265
0.240218 1.441423 -0.182577
0.192315 1.566117 -0.149627
0.144413 1.690811 -0.116677
0.096511 1.815505 -0.083726
0.048608 1.930589 -0.050776
0.000706 1.805894 -0.017826
-0.047197 1.681200 0.015124
-0.095099 1.556506 0.048075
-0.143001 1.431812 0.081025
-0.190904 1.307118 0.113975
-0.238806 1.182424 0.146926
-0.287087 1.056744 0.180136
-0.335368 0.931064 0.213347
-0.383649 0.805383 0.246558
-0.431930 0.679703 0.279769
-0.480211 0.554022 0.312980
-0.471508 0.428341 0.346190
-0.423227 0.302661 0.379401
-0.374946 0.176980 0.412612
-0.326665 0.051300 0.445823
-0.278384 -0.074380 0.479034
-0.229728 -0.201039 0.487497
-0.181071 -0.327697 0.454028
-0.132414 -0.454356 0.420559
-0.083757 -0.418986 0.387089
-0.035101 -0.292327 0.353620
0.013556 -0.165669 0.320151
0.062213 -0.039010 0.286682
0.110870 0.087648 0.253213
0.159527 0.214307 0.219743
0.208183 0.340965 0.186274
0.257213 0.468594 0.152549
0.306243 0.596223 0.118823
0.355272 0.723852 0.085097
0.404302 0.851481 0.051372
0.453331 0.979110 0.017646
0.497639 1.106739 -0.016080
0.448610 1.234368 -0.049805
0.399580 1.361997 -0.083531
0.350550 1.489626 -0.117257
0.301521 1.617255 -0.150982
0.252121 1.745848 -0.184962
0.202721 1.874440 -0.218943
0.153322 2.003032 -0.252923
0.103922 1.920945 -0.286903
0.054522 1.792353 -0.320883
0.005122 1.663761 -0.354864
-0.044277 1.535168 -0.388844
-0.093677 1.406576 -0.422824
-0.143077 1.277984 -0.456805
-0.192476 1.149392 -0.490785
-0.242244 1.019843 -0.474982
-0.292010 0.890295 -0.440750
-0.341777 0.760747 -0.406517
-0.391544 0.631198 -0.372284
-0.441311 0.501650 -0.338051
-0.491078 0.372102 -0.303819
-0.459155 0.242553 -0.269586
-0.409388 0.113005 -0.235353
-0.359621 -0.016544 -0.201120
-0.309854 -0.146092 -0.166887
-0.259723 -0.276590 -0.132404
-0.209591 -0.407087 -0.097920
-0.159460 -0.462415 -0.063436
-0.109328 -0.331918 -0.028953
-0.059196 -0.201420 0.005531
-0.033389 -0.156063 0.033093
-0.064337 -0.309367 0.044503
-0.095285 -0.462671 0.055914
-0.126233 -0.384025 0.067324
-0.157181 -0.230720 0.078735
-0.188352 -0.076310 0.090228
-0.219524 0.078101 0.101721
-0.250695 0.232512 0.113213
-0.281867 0.386923 0.124706
-0.313038 0.541334 0.136199
-0.344209 0.695745 0.147692
-0.375381 0.850156 0.159185
-0.406552 1.004568 0.170678
-0.437724 1.158978 0.182170
-0.468895 1.313389 0.193663
-0.499711 1.468899 0.205238
-0.468318 1.624408 0.216812
-0.436924 1.779918 0.228387
-0.405531 1.935428 0.239962
-0.374137 2.090938 0.251536
-0.342744 2.246449 0.263111
-0.311350 2.401960 0.274686
-0.279957 2.557471 0.286260
-0.248564 2.477181 0.297835
-0.217170 2.321670 0.309409
-0.185557 2.165070 0.321065
-0.153943 2.008469 0.332721
-0.122330 1.851867 0.344377
-0.090716 1.695266 0.356033
-0.059102 1.538664 0.367689
-0.027489 1.382062 0.379345
0.004125 1.225461 0.391001
0.035739 1.068859 0.402657
0.067352 0.912258 0.414313
0.098966 0.755657 0.425969
0.130798 0.597971 0.437706
0.162631 0.440286 0.449442
0.194463 0.282601 0.461179
0.226296 0.124916 0.472915
0.258128 -0.032769 0.484652
0.289961 -0.190454 0.496388
0.321793 -0.348139 0.491875
0.353625 -0.494176 0.480139
0.385458 -0.336491 0.468403
0.417290 -0.178806 0.456666
0.449340 -0.020045 0.444849
0.481390 0.138716 0.433033
0.486561 0.297478 0.421216
0.454511 0.456239 0.409400
0.422461 0.615000 0.397583
0.390411 0.773762 0.385766
0.358362 0.932523 0.373950
0.326312 1.091284 0.362133
0.294262 1.250046 0.350317
0.262213 1.408808 0.338500
0.229947 1.568639 0.326604
0.197682 1.728470 0.314708
0.165416 1.888301 0.302811
0.133151 2.048132 0.290915
0.100885 2.207963 0.279019
0.068619 2.367794 0.267123
0.036354 2.253193 0.255227
0.004088 2.093362 0.243330
-0.028177 1.933531 0.231434
-0.060443 1.773700 0.219538
-0.092923 1.612808 0.207563
-0.125402 1.451916 0.195587
-0.157882 1.291024 0.183612
-0.190362 1.130132 0.171637
-0.222842 0.969240 0.159661
-0.255322 0.808347 0.147686
-0.287802 0.647454 0.135711
-0.320282 0.486562 0.123735
-0.352762 0.325669 0.111760
-0.385242 0.164777 0.099785
-0.417935 0.002829 0.087731
-0.450628 -0.159118 0.075677
-0.483321 -0.321066 0.063623
-0.483986 -0.483014 0.051569
-0.451293 -0.355039 0.039516
-0.418600 -0.193091 0.027462
-0.385908 -0.031144 0.015408
-0.353215 0.130804 0.003354
-0.320522 0.292752 -0.008700
-0.287829 0.454699 -0.020753
-0.254925 0.617695 -0.032885
-0.222020 0.780691 -0.045017
-0.189116 0.943687 -0.057149
-0.156211 1.106683 -0.069281
-0.123307 1.269679 -0.081413
-0.090402 1.432675 -0.093544
-0.057498 1.595671 -0.105676
-0.024593 1.758667 -0.117808
0.008311 1.921664 -0.129940
0.041216 2.084659 -0.142072
0.074330 2.248696 -0.154281
0.107445 2.412732 -0.166491
0.140560 2.576769 -0.178700
0.173675 2.740806 -0.190909
0.206789 2.734992 -0.203119
0.239904 2.570956 -0.215328
0.273019 2.406919 -0.227538
0.306134 2.242882 -0.239747
0.339249 2.078845 -0.251956
0.372363 1.914809 -0.264166
0.405687 1.749736 -0.276452
0.439011 1.584663 -0.288739
0.472335 1.419590 -0.301025
0.494341 1.254518 -0.313311
0.461018 1.089445 -0.325597
0.427694 0.924373 -0.337884
0.394370 0.759301 -0.350170
0.361046 0.594229 -0.362456
0.327723 0.429156 -0.374743
0.294399 0.264084 -0.387029
0.260868 0.097984 -0.399392
0.227336 -0.068117 -0.411755
0.193805 -0.234218 -0.424118
0.160274 -0.400319 -0.436481
0.126742 -0.433581 -0.448843
0.093211 -0.267480 -0.461206
0.059680 -0.101379 -0.473569
0.026148 0.064722 -0.485932
-0.007383 0.230823 -0.498295
-0.040914 0.396923 -0.489342
-0.074652 0.564046 -0.476903
-0.108390 0.731169 -0.464464
-0.142127 0.898292 -0.452025
-0.175865 1.065416 -0.439586
-0.209603 1.232539 -0.427148
-0.243340 1.399662 -0.414709
-0.277078 1.566785 -0.402270
-0.310816 1.733908 -0.389831
-0.344554 1.901031 -0.377392
-0.378291 2.068153 -0.364953
-0.412234 2.236293 -0.352439
-0.446177 2.404433 -0.339924
-0.480120 2.572573 -0.327409
-0.485938 2.740713 -0.314895
-0.451995 2.908853 -0.302380
-0.418052 2.754459 -0.289866
-0.384109 2.586319 -0.277351
-0.350167 2.418180 -0.264836
-0.316224 2.250040 -0.252322
-0.282281 2.081900 -0.239807
-0.248134 1.912751 -0.227217
-0.213988 1.743603 -0.214628
-0.179841 1.574454 -0.202038
-0.145695 1.405306 -0.189448
-0.111548 1.236157 -0.176858
-0.077401 1.067009 -0.164268
-0.043255 0.897861 -0.151678
-0.009108 0.728712 -0.139088
0.025038 0.559564 -0.126499
0.059185 0.390415 -0.113909
0.093534 0.220262 -0.101244
0.127884 0.050110 -0.088580
0.162233 -0.120043 -0.075915
0.196582 -0.290195 -0.063251
0.230931 -0.460348 -0.050586
0.265281 -0.369500 -0.037922
0.299630 -0.199347 -0.025257
0.333979 -0.029195 -0.012593
0.368328 0.140958 0.000072
0.402678 0.311110 0.012736
0.437228 0.482261 0.025475
0.471779 0.653411 0.038214
0.493670 0.824562 0.050953
0.459119 0.995712 0.063691
0.424569 1.166862 0.076430
0.390018 1.338012 0.089169
0.355467 1.509162 0.101908
0.320916 1.680312 0.114647
0.286366 1.851462 0.127385
0.251815 2.022612 0.140124
0.217064 2.194755 0.152937
0.182313 2.366898 0.165749
0.147562 2.539041 0.178562
0.112811 2.711184 0.191375
0.078060 2.883327 0.204187
0.043309 3.055470 0.217000
0.008558 3.227613 0.229813
-0.026193 3.221637 0.242625
-0.060944 3.049495 0.255438
-0.095695 2.877352 0.268250
-0.130645 2.704221 0.281136
-0.165596 2.531091 0.294022
-0.200546 2.357961 0.306908
-0.235496 2.184831 0.319794
-0.270446 2.011701 0.332680
-0.305396 1.838573 0.345566
-0.340346 1.665444 0.358452
-0.375297 1.492315 0.371338
-0.410247 1.319186 0.384224
-0.445197 1.146057 0.397110
-0.480345 0.971947 0.410069
-0.484507 0.797837 0.423028
-0.449359 0.623727 0.435986
-0.414210 0.449617 0.448945
-0.379062 0.275507 0.461904
-0.343914 0.101397 0.474863
-0.308765 -0.072713 0.487822
-0.273617 -0.246824 0.499219
-0.238469 -0.420934 0.486260
-0.203321 -0.404956 0.473301
-0.167976 -0.229870 0.460269
-0.132630 -0.054785 0.447238
-0.097285 0.120301 0.434206
-0.061940 0.295386 0.421174
-0.026595 0.470472 0.408143
0.008750 0.645558 0.395111
0.044095 0.820643 0.382079
0.079440 0.995729 0.369048
0.114785 1.170814 0.356016
0.150130 1.345899 0.342984
0.185671 1.521955 0.329881
0.221212 1.698010 0.316777
0.256753 1.874065 0.303673
0.292294 2.050121 0.290569
0.327835 2.226176 0.277465
0.363376 2.402232 0.264362
0.398917 2.578287 0.251258
0.434458 2.754343 0.238154
0.470000 2.930398 0.225050
0.494459 3.106453 0.211946
0.458724 3.283474 0.198770
0.422988 3.460495 0.185595
0.387252 3.450972 0.172419
0.351517 3.273951 0.159243
0.315781 3.096930 0.146067
0.280045 2.919909 0.132892
0.244310 2.742887 0.119716
0.208574 2.565866 0.106540
0.172838 2.388845 0.093364
0.137103 2.211824 0.080189
0.101173 2.033845 0.066942
0.065244 1.855865 0.053695
0.029315 1.677886 0.040447
-0.006615 1.499907 0.027200
-0.042544 1.321927 0.013953
-0.078474 1.143948 0.000706
-0.114403 0.965968 -0.012541
-0.150332 0.787989 -0.025788
-0.186262 0.610009 -0.039035
-0.222191 0.432030 -0.052282
-0.258313 0.253096 -0.065600
-0.294435 0.074162 -0.078919
-0.330557 -0.104773 -0.092237
-0.366679 -0.283707 -0.105555
-0.402801 -0.462641 -0.118873
-0.438923 -0.358425 -0.132191
-0.475044 -0.179491 -0.145509
-0.488834 -0.000557 -0.158827
-0.452712 0.178377 -0.172145
-0.416590 0.357311 -0.185463
-0.380276 0.537194 -0.198852
-0.343963 0.717078 -0.212241
-0.307649 0.896961 -0.225630
-0.271336 1.076844 -0.239019
-0.235022 1.256727 -0.252407
-0.198708 1.436611 -0.265796
-0.162395 1.616494 -0.279185
-0.126081 1.796377 -0.292574
-0.089767 1.976260 -0.305962
-0.053454 2.156145 -0.319351
-0.016949 2.336973 -0.332810
0.019555 2.517802 -0.346269
0.056059 2.698630 -0.359728
0.092563 2.879459 -0.373187
0.129068 3.060287 -0.386646
0.165572 3.241116 -0.400105
0.202076 3.421945 -0.413564
0.238581 3.602773 -0.427023
0.275085 3.551631 -0.440482
0.311589 3.370802 -0.453941
0.348283 3.189034 -0.467470
0.384977 3.007267 -0.480999
0.421671 2.825499 -0.494528
0.458364 2.643731 -0.491943
0.495058 2.461963 -0.478414
0.468248 2.280195 -0.464884
0.431554 2.098427 -0.451355
0.394860 1.916659 -0.437826
0.358167 1.734893 -0.424297
0.321473 1.553126 -0.410768
0.284590 1.370425 -0.397170
0.247708 1.187723 -0.383571
0.210825 1.005022 -0.369973
0.173943 0.822321 -0.356374
0.137060 0.639619 -0.342776
0.100177 0.456918 -0.329177
0.063295 0.274217 -0.315579
0.026412 0.091515 -0.301980
-0.010470 -0.091186 -0.288382
-0.047353 -0.273888 -0.274783
-0.084423 -0.457519 -0.261116
-0.121494 -0.358850 -0.247448
-0.158564 -0.175218 -0.233780
-0.195634 0.008413 -0.220112
-0.232704 0.192044 -0.206445
-0.269774 0.375675 -0.192777
-0.306845 0.559307 -0.179109
-0.343915 0.742938 -0.165441
-0.380985 0.926569 -0.151773
-0.418055 1.110200 -0.138106
-0.455312 1.294756 -0.124369
-0.492569 1.479313 -0.110632
-0.470174 1.663869 -0.096896
-0.432916 1.848425 -0.083159
-0.395659 2.032982 -0.069423
-0.358402 2.217539 -0.055686
-0.321145 2.402097 -0.041949
-0.283888 2.586654 -0.028213
-0.246631 2.771211 -0.014476
-0.209374 2.955769 -0.000740
-0.171931 3.141247 0.013065
-0.134488 3.326724 0.026871
-0.097045 3.242223 0.040676
-0.059603 3.056745 0.054481
-0.022160 2.871268 0.068286
0.015283 2.685790 0.082091
0.053704 2.500575 0.087150
0.100927 2.317722 0.013491
0.148150 2.134869 -0.060168
