0.321589 -0.092955 -0.145222
0.315775 -0.092319 -0.120073
0.309961 -0.091684 -0.094924
0.304147 -0.091048 -0.069775
0.298334 -0.090413 -0.044627
0.292520 -0.136290 -0.019478
0.295216 -0.223809 -0.022525
0.299034 -0.277599 -0.020948
0.302853 -0.304344 -0.019371
0.306671 -0.335075 -0.017795
0.310489 -0.364531 -0.016218
0.308195 -0.381677 -0.017191
0.302245 -0.400062 -0.019525
0.305225 -0.432139 -0.016675
0.308204 -0.450475 -0.013826
0.311184 -0.464638 -0.010976
0.316503 -0.464898 -0.012155
0.323383 -0.455889 -0.016019
0.330263 -0.446881 -0.019884
0.337142 -0.437873 -0.023748
0.344022 -0.428864 -0.027613
0.351966 -0.418462 -0.032075
0.361048 -0.442559 -0.030405
0.370131 -0.466656 -0.028735
0.379214 -0.490752 -0.027065
0.388297 -0.485151 -0.025395
0.397380 -0.461054 -0.023725
0.406463 -0.436958 -0.022055
0.415546 -0.412861 -0.020384
0.424628 -0.388764 -0.018714
0.433711 -0.364668 -0.017044
0.443866 -0.337727 -0.015177
0.454021 -0.310786 -0.013310
0.464176 -0.293192 -0.011442
0.474331 -0.320133 -0.009575
0.484485 -0.347074 -0.007708
0.494640 -0.374015 -0.005840
0.495205 -0.400956 -0.003973
0.485050 -0.427897 -0.002106
0.474895 -0.454838 -0.000239
0.464740 -0.481779 0.001629
0.453616 -0.488708 0.003674
0.442492 -0.459196 0.005720
0.431367 -0.429684 0.007765
0.420243 -0.400171 0.009811
0.409119 -0.370659 0.011856
0.397994 -0.341147 0.013902
0.386870 -0.311634 0.015947
0.375746 -0.282122 0.017993
0.364622 -0.252610 0.020038
0.353497 -0.270834 0.022084
0.341482 -0.302711 0.024293
0.329466 -0.334588 0.026502
0.326569 -0.341879 0.016430
0.324685 -0.346438 0.004992
0.322800 -0.350998 -0.006445
0.320916 -0.355557 -0.017883
0.319031 -0.360117 -0.029321
0.317147 -0.364676 -0.040758
0.315262 -0.369236 -0.052196
0.313378 -0.373795 -0.063633
0.311364 -0.378670 -0.075860
0.309349 -0.383544 -0.088088
0.307335 -0.388419 -0.100315
0.305321 -0.393293 -0.112542
0.303306 -0.398168 -0.124769
0.301292 -0.403042 -0.136997
0.299278 -0.407917 -0.149224
0.297263 -0.412791 -0.161451
0.295249 -0.417665 -0.173678
0.293235 -0.422540 -0.185906
0.291098 -0.427710 -0.198875
0.288962 -0.432880 -0.211844
0.286825 -0.438050 -0.224813
0.284689 -0.443220 -0.237781
0.282552 -0.448390 -0.250750
0.280416 -0.453561 -0.263719
0.278279 -0.458731 -0.276689
0.276142 -0.463901 -0.289658
0.274006 -0.469071 -0.302627
0.271869 -0.474241 -0.315596
0.269617 -0.479691 -0.329266
0.267365 -0.485140 -0.342937
0.265113 -0.490590 -0.356608
0.262861 -0.496040 -0.370278
0.260609 -0.498511 -0.383949
0.258356 -0.493061 -0.397620
0.256104 -0.487611 -0.411290
0.253852 -0.482162 -0.424961
0.251600 -0.476712 -0.438631
0.249348 -0.471262 -0.452302
0.246986 -0.465547 -0.466640
0.244624 -0.459831 -0.480977
0.242261 -0.454115 -0.495315
0.239899 -0.448399 -0.490348
0.237537 -0.442684 -0.476010
0.235175 -0.436968 -0.461672
0.232813 -0.431252 -0.447335
0.230451 -0.425536 -0.432997
0.228089 -0.419820 -0.418660
0.225726 -0.414105 -0.404322
0.223259 -0.408135 -0.389347
0.220792 -0.402165 -0.374371
0.218325 -0.396195 -0.359396
0.215858 -0.390225 -0.344420
0.213391 -0.384255 -0.329445
0.210923 -0.378285 -0.314470
0.208456 -0.372315 -0.299494
0.205989 -0.366345 -0.284519
0.203522 -0.360375 -0.269544
0.201055 -0.354405 -0.254568
0.198487 -0.348191 -0.238982
0.195919 -0.341977 -0.223395
0.193351 -0.335763 -0.207808
0.190783 -0.329549 -0.192221
0.188215 -0.323336 -0.176634
0.185647 -0.317122 -0.161048
0.183079 -0.310908 -0.145461
0.180511 -0.304694 -0.129874
0.177943 -0.298481 -0.114287
0.175375 -0.292267 -0.098701
0.172711 -0.285818 -0.082526
0.170046 -0.279370 -0.066350
0.167381 -0.272922 -0.050175
0.164716 -0.266473 -0.034000
0.162052 -0.260025 -0.017825
0.159387 -0.253577 -0.001650
0.156722 -0.247129 0.014525
0.154057 -0.240680 0.030700
0.151392 -0.234232 0.046876
0.148728 -0.227784 0.063051
0.145969 -0.221109 0.079794
0.143211 -0.214435 0.096536
0.140453 -0.207760 0.113279
0.137694 -0.201086 0.130022
0.134936 -0.194411 0.146765
0.132178 -0.187737 0.163508
0.129419 -0.181062 0.180251
0.126661 -0.174388 0.196993
0.123903 -0.167713 0.213736
0.121144 -0.161039 0.230479
0.118295 -0.154145 0.247771
0.115447 -0.147252 0.265063
0.112598 -0.140358 0.282355
0.109749 -0.133465 0.299647
0.106900 -0.126572 0.316938
0.104051 -0.119678 0.334230
0.101203 -0.112785 0.351522
0.098354 -0.105891 0.368814
0.095505 -0.098998 0.386106
0.092656 -0.092104 0.403398
0.089720 -0.084999 0.421222
0.086783 -0.077893 0.439046
0.083847 -0.070788 0.456870
0.080910 -0.063682 0.474695
0.077974 -0.056577 0.492519
0.075037 -0.049471 0.489657
0.072101 -0.042366 0.471833
0.069164 -0.035260 0.454009
0.066228 -0.028154 0.436184
0.063291 -0.021049 0.418360
0.060270 -0.013737 0.400019
0.057248 -0.006426 0.381678
0.054226 0.000886 0.363337
0.051205 0.008197 0.344997
0.048183 0.015509 0.326656
0.045161 0.022821 0.308315
0.042140 0.030132 0.289974
0.039118 0.037444 0.271633
0.036097 0.044755 0.253292
0.033075 0.052067 0.234951
0.029971 0.059579 0.216107
0.026866 0.067091 0.197264
0.023762 0.074603 0.178421
0.020657 0.082115 0.159577
0.017553 0.089626 0.140734
0.014448 0.097138 0.121890
0.011344 0.104650 0.103047
0.008240 0.112162 0.084203
0.005135 0.119674 0.065360
0.002031 0.127186 0.046516
-0.001154 0.134893 0.027183
-0.004339 0.142600 0.007850
-0.007524 0.150307 -0.011483
-0.010709 0.158014 -0.030816
-0.013894 0.165721 -0.050149
-0.017080 0.173428 -0.069482
-0.020265 0.181135 -0.088815
-0.023450 0.188842 -0.108148
-0.026635 0.196549 -0.127481
-0.029820 0.204256 -0.146814
-0.033084 0.212154 -0.166624
-0.036347 0.220051 -0.186434
-0.039611 0.227949 -0.206245
-0.042875 0.235846 -0.226055
-0.046138 0.243744 -0.245865
-0.049402 0.251641 -0.265676
-0.052666 0.259538 -0.285486
-0.055930 0.267436 -0.305297
-0.059193 0.275333 -0.325107
-0.062457 0.283230 -0.344918
-0.065798 0.291314 -0.365194
-0.069138 0.299397 -0.385471
-0.072479 0.307480 -0.405748
-0.075819 0.315563 -0.426024
-0.079160 0.323647 -0.446301
-0.082500 0.331730 -0.466577
-0.085841 0.339813 -0.486854
-0.089181 0.347897 -0.492869
-0.092522 0.355980 -0.472593
-0.095862 0.364063 -0.452316
-0.099278 0.372328 -0.431584
-0.102694 0.380593 -0.410852
-0.106109 0.388857 -0.390119
-0.109525 0.397122 -0.369387
-0.112940 0.405387 -0.348655
-0.116356 0.413652 -0.327922
-0.119771 0.421917 -0.307190
-0.123187 0.430181 -0.286458
-0.126603 0.438446 -0.265726
-0.130018 0.433050 -0.244993
-0.133507 0.424127 -0.223815
-0.136996 0.415684 -0.202637
-0.140486 0.407242 -0.181458
-0.143975 0.398799 -0.160280
-0.147464 0.390356 -0.139102
-0.150953 0.381913 -0.117924
-0.154442 0.373471 -0.096745
-0.157931 0.365028 -0.075567
-0.161420 0.356585 -0.054389
-0.164909 0.348143 -0.033211
-0.168470 0.339526 -0.011596
-0.172031 0.330909 0.010019
-0.175592 0.322292 0.031634
-0.179153 0.313676 0.053249
-0.182714 0.305059 0.074864
-0.186275 0.296442 0.096479
-0.189836 0.287825 0.118094
-0.193397 0.279209 0.139709
-0.196958 0.270592 0.161324
-0.200519 0.261975 0.182938
-0.204150 0.253188 0.204981
-0.207782 0.244400 0.227024
-0.211413 0.235613 0.249067
-0.215045 0.226826 0.271110
-0.218676 0.218038 0.293153
-0.222308 0.209251 0.315196
-0.225940 0.200463 0.337239
-0.229571 0.191676 0.359282
-0.233203 0.182889 0.381325
-0.236834 0.174101 0.403368
-0.240535 0.165146 0.425831
-0.244236 0.156192 0.448294
-0.247936 0.147237 0.470757
-0.251637 0.138282 0.493220
-0.255338 0.129327 0.484317
-0.259038 0.120372 0.461854
-0.262739 0.111417 0.439391
-0.266439 0.102463 0.416928
-0.270140 0.093508 0.394466
-0.273840 0.084553 0.372003
-0.277609 0.075434 0.349128
-0.281377 0.066315 0.326252
-0.285146 0.057196 0.303377
-0.288914 0.048077 0.280502
-0.292683 0.038957 0.257627
-0.296451 0.029838 0.234752
-0.300220 0.020719 0.211877
-0.303988 0.011600 0.189002
-0.307757 0.002481 0.166127
-0.311525 -0.006638 0.143252
-0.315361 -0.015919 0.119972
-0.319196 -0.025199 0.096692
-0.323031 -0.034480 0.073412
-0.326866 -0.043760 0.050132
-0.330702 -0.053041 0.026852
-0.334537 -0.062321 0.003572
-0.338372 -0.071602 -0.019708
-0.342207 -0.080882 -0.042988
-0.346043 -0.090163 -0.066268
-0.349878 -0.099444 -0.089548
-0.353779 -0.108883 -0.113226
-0.357680 -0.118322 -0.136904
-0.361580 -0.127761 -0.160582
-0.365481 -0.137200 -0.184260
-0.369382 -0.146639 -0.207938
-0.373283 -0.156079 -0.231616
-0.377184 -0.165518 -0.255294
-0.381085 -0.174957 -0.278972
-0.384985 -0.184396 -0.302650
-0.388886 -0.193835 -0.326328
-0.392852 -0.203430 -0.350397
-0.396817 -0.213025 -0.374466
-0.400783 -0.222621 -0.398535
-0.404748 -0.232216 -0.422605
-0.408714 -0.241811 -0.446674
-0.412679 -0.251406 -0.470743
-0.416645 -0.261001 -0.494812
-0.420610 -0.270596 -0.481118
-0.424576 -0.280192 -0.457049
-0.428541 -0.289787 -0.432980
-0.432570 -0.299535 -0.408525
-0.436599 -0.309284 -0.384071
-0.440627 -0.319033 -0.359616
-0.444656 -0.328781 -0.335162
-0.448685 -0.338530 -0.310707
-0.452713 -0.348279 -0.286252
-0.456742 -0.358027 -0.261798
-0.460771 -0.367776 -0.237343
-0.464799 -0.377524 -0.212889
-0.468828 -0.387273 -0.188434
-0.472919 -0.397173 -0.163601
-0.477011 -0.407073 -0.138767
-0.481102 -0.416973 -0.113933
-0.485193 -0.426873 -0.089100
-0.489284 -0.436773 -0.064266
-0.493376 -0.446673 -0.039432
-0.497467 -0.456573 -0.014599
-0.498442 -0.466473 0.010235
-0.494351 -0.476373 0.035069
-0.490259 -0.486273 0.059902
-0.486106 -0.496322 0.085110
-0.481953 -0.493629 0.110317
-0.477800 -0.483580 0.135524
-0.473648 -0.473532 0.160731
-0.469495 -0.463483 0.185938
-0.465342 -0.453434 0.211145
-0.461189 -0.443385 0.236352
-0.457036 -0.433337 0.261559
-0.452883 -0.423288 0.286766
-0.448730 -0.413239 0.311973
-0.444516 -0.403044 0.337549
-0.446998 -0.400299 0.359348
-0.465103 -0.414939 0.372337
-0.483208 -0.429579 0.385326
-0.498688 -0.444219 0.398315
-0.480583 -0.458859 0.411304
-0.462479 -0.473499 0.424293
-0.444374 -0.488140 0.437282
-0.426269 -0.497220 0.450271
-0.408165 -0.482580 0.463260
-0.389803 -0.467732 0.476434
-0.371442 -0.452885 0.489607
-0.353080 -0.438037 0.497219
-0.334719 -0.423189 0.484046
-0.316357 -0.408341 0.470872
-0.297996 -0.393493 0.457699
-0.279634 -0.378646 0.444525
-0.261273 -0.363798 0.431352
-0.242911 -0.348950 0.418178
-0.224550 -0.334102 0.405005
-0.205935 -0.319050 0.391649
-0.187321 -0.303997 0.378294
-0.168706 -0.288944 0.364939
-0.150091 -0.273892 0.351584
-0.131477 -0.258839 0.338229
-0.112862 -0.243787 0.324874
-0.094247 -0.228734 0.311519
-0.075632 -0.213681 0.298164
-0.057018 -0.198629 0.284809
-0.038403 -0.183576 0.271454
-0.019539 -0.168321 0.257920
-0.000674 -0.153066 0.244385
0.018191 -0.137812 0.230851
0.037055 -0.122557 0.217317
0.055920 -0.107302 0.203782
0.074784 -0.092047 0.190248
0.093649 -0.076793 0.176713
0.112513 -0.061538 0.163179
0.131378 -0.046283 0.149644
0.150242 -0.031029 0.136110
0.169354 -0.015575 0.122399
0.188465 -0.000120 0.108687
0.207576 0.015334 0.094976
0.226687 0.030788 0.081265
0.245798 0.046242 0.067554
0.264909 0.061696 0.053842
0.284020 0.077150 0.040131
0.303132 0.092604 0.026420
0.322243 0.108059 0.012708
0.341354 0.123513 -0.001003
0.360708 0.139164 -0.014889
0.380063 0.154815 -0.028775
0.399417 0.170466 -0.042661
0.418772 0.186117 -0.056547
0.438126 0.201768 -0.070433
0.457481 0.217419 -0.084319
0.476835 0.233070 -0.098205
0.496190 0.248721 -0.112091
0.484456 0.264372 -0.125977
0.465101 0.280023 -0.139863
0.445506 0.295868 -0.153921
0.425911 0.311713 -0.167980
0.406316 0.327558 -0.182038
0.386721 0.343404 -0.196097
0.367126 0.359249 -0.210155
0.347531 0.375094 -0.224214
0.327936 0.390940 -0.238272
0.308341 0.406785 -0.252331
0.288746 0.422630 -0.266389
0.269151 0.438476 -0.280447
0.249318 0.454513 -0.294676
0.229486 0.470551 -0.308905
0.209653 0.486588 -0.323134
0.189821 0.502626 -0.337363
0.169988 0.518663 -0.351591
0.150156 0.534700 -0.365820
0.130323 0.550737 -0.380049
0.110491 0.566775 -0.394278
0.090658 0.582812 -0.408507
0.070825 0.598849 -0.422735
0.050758 0.615076 -0.437133
0.030691 0.631304 -0.451530
0.010623 0.647531 -0.465927
-0.009444 0.663758 -0.480324
-0.029511 0.679986 -0.494722
-0.049578 0.696213 -0.490881
-0.069646 0.712441 -0.476484
-0.089713 0.728668 -0.462087
-0.109780 0.744895 -0.447690
-0.129848 0.761123 -0.433292
-0.150147 0.777538 -0.418729
-0.170446 0.793953 -0.404165
-0.190745 0.810368 -0.389601
-0.211045 0.826783 -0.375037
-0.231344 0.843198 -0.360473
-0.251643 0.859613 -0.345910
-0.271943 0.876028 -0.331346
-0.292242 0.892444 -0.316782
-0.312541 0.908859 -0.302218
-0.332840 0.925274 -0.287654
-0.353369 0.941874 -0.272926
-0.373898 0.958475 -0.258198
-0.394426 0.975075 -0.243470
-0.414955 0.991676 -0.228741
-0.435484 1.008276 -0.214013
-0.456013 1.024876 -0.199285
-0.476541 1.041476 -0.184556
-0.497070 1.058076 -0.169828
-0.482401 1.074676 -0.155100
-0.461872 1.091275 -0.140371
-0.441117 1.108059 -0.125480
-0.420361 1.124842 -0.110589
-0.399606 1.141626 -0.095698
-0.378850 1.158409 -0.080807
-0.358095 1.175193 -0.065916
-0.337339 1.191976 -0.051025
-0.316584 1.208760 -0.036134
-0.295828 1.225543 -0.021243
-0.275073 1.242327 -0.006352
-0.264254 1.251879 0.003485
-0.293497 1.232298 -0.007008
-0.322739 1.212716 -0.017501
-0.351982 1.193135 -0.027994
-0.381225 1.173554 -0.038486
-0.410467 1.153972 -0.048979
-0.439710 1.134391 -0.059472
-0.468953 1.114810 -0.069965
-0.498195 1.095228 -0.080458
-0.472562 1.075647 -0.090950
-0.443319 1.056066 -0.101443
-0.413768 1.036277 -0.112047
-0.384216 1.016488 -0.122651
-0.354664 0.996700 -0.133255
-0.325112 0.976911 -0.143859
-0.295560 0.957122 -0.154462
-0.266008 0.937333 -0.165066
-0.236456 0.917545 -0.175670
-0.206903 0.897756 -0.186274
-0.177351 0.877967 -0.196878
-0.147799 0.858178 -0.207481
-0.117941 0.838185 -0.218195
-0.088082 0.818191 -0.228909
-0.058224 0.798197 -0.239622
-0.028366 0.778203 -0.250336
0.001493 0.758209 -0.261050
0.031351 0.738216 -0.271763
0.061209 0.718222 -0.282477
0.091068 0.698228 -0.293191
0.120926 0.678234 -0.303904
0.150784 0.658241 -0.314618
0.180946 0.638044 -0.325440
0.211107 0.617846 -0.336263
0.241269 0.597649 -0.347085
0.271430 0.577452 -0.357907
0.301591 0.557255 -0.368730
0.331753 0.537058 -0.379552
0.361914 0.516861 -0.390375
0.392076 0.496664 -0.401197
0.422237 0.476467 -0.412020
0.452399 0.456270 -0.422842
0.482860 0.435872 -0.433772
0.486678 0.415474 -0.444703
0.456217 0.395077 -0.455633
0.425755 0.374679 -0.466563
0.395294 0.354281 -0.477493
0.364832 0.333883 -0.488424
0.334370 0.313485 -0.499354
0.303909 0.293087 -0.489716
0.273447 0.272689 -0.478785
0.242986 0.252291 -0.467855
0.212227 0.231694 -0.456818
0.181468 0.211098 -0.445782
0.150709 0.190501 -0.434745
0.119951 0.169904 -0.423708
0.089192 0.149307 -0.412672
0.058433 0.128710 -0.401635
0.027674 0.108113 -0.390598
-0.003085 0.087516 -0.379562
-0.033843 0.066919 -0.368525
-0.064602 0.046323 -0.357488
-0.095655 0.025529 -0.346346
-0.126708 0.004735 -0.335203
-0.157761 -0.016059 -0.324061
-0.188815 -0.036853 -0.312918
-0.219868 -0.057647 -0.301776
-0.250921 -0.078441 -0.290633
-0.281974 -0.099235 -0.279491
-0.313027 -0.120029 -0.268348
-0.344080 -0.140823 -0.257206
-0.375133 -0.161617 -0.246063
-0.406478 -0.182606 -0.234816
-0.437823 -0.203596 -0.223569
-0.469167 -0.224585 -0.212322
-0.499488 -0.245574 -0.201075
-0.468144 -0.266563 -0.189828
-0.436799 -0.287552 -0.178581
-0.405454 -0.308541 -0.167334
-0.374110 -0.329531 -0.156086
-0.342765 -0.350520 -0.144839
-0.311421 -0.371509 -0.133592
-0.279787 -0.392692 -0.122242
-0.248153 -0.413874 -0.110891
-0.216520 -0.435057 -0.099540
-0.184886 -0.456239 -0.088189
-0.153252 -0.477422 -0.076839
-0.121619 -0.498605 -0.065488
-0.089985 -0.480213 -0.054137
-0.058351 -0.459030 -0.042786
-0.026718 -0.437848 -0.031436
0.004916 -0.416665 -0.020085
0.036836 -0.395291 -0.008632
0.068756 -0.373916 0.002822
0.100675 -0.352541 0.014275
0.132595 -0.331167 0.025729
0.164515 -0.309792 0.037182
0.196435 -0.288418 0.048636
0.228355 -0.267043 0.060089
0.260275 -0.245669 0.071542
0.292195 -0.224295 0.082996
0.324115 -0.202920 0.094449
0.356318 -0.181356 0.106004
0.388522 -0.159791 0.117560
0.420725 -0.138227 0.129115
0.452929 -0.116663 0.140670
0.485132 -0.095098 0.152226
0.482664 -0.073534 0.163781
0.450461 -0.051970 0.175336
0.418257 -0.030405 0.186891
0.386054 -0.008841 0.198447
0.353850 0.012724 0.210002
0.321366 0.034476 0.221658
0.288881 0.056229 0.233314
0.256396 0.077982 0.244970
0.223911 0.099734 0.256626
0.191426 0.121487 0.268283
0.158941 0.143240 0.279939
0.126457 0.164993 0.291595
0.093972 0.186745 0.303252
0.061487 0.208498 0.314908
0.029002 0.230251 0.326564
-0.003762 0.252190 0.338320
-0.036526 0.274130 0.350076
-0.069289 0.296069 0.361832
-0.102053 0.318009 0.373589
-0.134817 0.339948 0.385345
-0.167581 0.361888 0.397101
-0.200344 0.383828 0.408857
-0.233108 0.405767 0.420613
-0.265872 0.427707 0.432369
-0.298636 0.449646 0.444125
-0.331676 0.471771 0.455981
-0.364716 0.493896 0.467836
-0.397757 0.516020 0.479691
-0.430797 0.538145 0.491547
-0.463837 0.560270 0.496598
-0.496878 0.582394 0.484742
-0.470082 0.604519 0.472887
-0.437042 0.626643 0.461032
-0.404001 0.648768 0.449176
-0.370961 0.670893 0.437321
-0.337646 0.693201 0.425367
-0.304332 0.715509 0.413414
-0.271017 0.737817 0.401460
-0.237703 0.760126 0.389506
-0.204388 0.782434 0.377552
-0.171074 0.804742 0.365599
-0.137760 0.827050 0.353645
-0.104445 0.849359 0.341691
-0.071131 0.871667 0.329738
-0.037816 0.893975 0.317784
-0.004230 0.916465 0.305732
0.029356 0.938955 0.293681
0.062943 0.961445 0.281630
0.096529 0.983935 0.269578
0.130115 1.006425 0.257527
0.163702 1.028915 0.245475
0.197288 1.051405 0.233424
0.230874 1.073895 0.221372
0.264461 1.096385 0.209321
0.298047 1.118875 0.197269
0.331903 1.141547 0.185121
0.365759 1.164218 0.172973
0.399615 1.186889 0.160825
0.433471 1.209560 0.148677
0.467327 1.232231 0.136528
0.498817 1.254903 0.124380
0.464961 1.277574 0.112232
0.431105 1.300245 0.100084
0.397249 1.322916 0.087936
0.363393 1.345588 0.075788
0.329269 1.368438 0.063543
0.295145 1.391288 0.051299
0.261022 1.414138 0.039055
0.226898 1.436988 0.026811
0.192774 1.459838 0.014566
0.158650 1.482688 0.002322
0.124526 1.505538 -0.009922
0.090403 1.528388 -0.022166
0.056279 1.551238 -0.034411
0.022155 1.574088 -0.046655
-0.012234 1.597116 -0.058994
-0.046624 1.620143 -0.071334
-0.081013 1.643171 -0.083673
-0.115402 1.666199 -0.096013
-0.149792 1.689226 -0.108352
-0.184181 1.712254 -0.120692
-0.218571 1.735282 -0.133031
-0.252960 1.758309 -0.145371
-0.287349 1.781337 -0.157710
-0.321739 1.804365 -0.170050
-0.356392 1.827569 -0.182484
-0.391045 1.850773 -0.194918
-0.425698 1.873977 -0.207352
-0.460351 1.897181 -0.219786
-0.495004 1.920385 -0.232221
-0.470343 1.939007 -0.244655
-0.435691 1.915803 -0.257089
-0.401038 1.892599 -0.269523
-0.366385 1.869395 -0.281957
-0.331732 1.846191 -0.294391
-0.296817 1.822811 -0.306919
-0.261903 1.799432 -0.319447
-0.226989 1.776053 -0.331975
-0.192074 1.752673 -0.344503
-0.157160 1.729294 -0.357031
-0.122245 1.705915 -0.369559
-0.087331 1.682535 -0.382087
-0.052416 1.659156 -0.394615
-0.017502 1.635777 -0.407143
0.017412 1.612397 -0.419671
0.052586 1.588844 -0.432292
0.087760 1.565291 -0.444913
0.122934 1.541737 -0.457534
0.158108 1.518184 -0.470155
0.193282 1.494630 -0.482776
0.228456 1.471077 -0.495397
0.263630 1.447524 -0.491982
0.298804 1.423970 -0.479361
0.333978 1.400417 -0.466740
0.369152 1.376864 -0.454119
0.404584 1.353137 -0.441405
0.440015 1.329411 -0.428692
0.475447 1.305685 -0.415978
0.489121 1.281959 -0.403264
0.453689 1.258232 -0.390551
0.418258 1.234506 -0.377837
0.382826 1.210780 -0.365123
0.347394 1.187054 -0.352410
0.311963 1.163328 -0.339696
0.276531 1.139601 -0.326982
0.240844 1.115705 -0.314177
0.205156 1.091808 -0.301371
0.169469 1.067911 -0.288566
0.133781 1.044015 -0.275760
0.098093 1.020118 -0.262955
0.062406 0.996221 -0.250149
0.026718 0.972324 -0.237344
-0.008969 0.948426 -0.224539
-0.044657 0.924529 -0.211734
-0.080344 0.900632 -0.198928
-0.116286 0.876565 -0.186032
-0.146474 0.883520 -0.198545
-0.175224 0.898230 -0.217410
-0.203974 0.912941 -0.236275
-0.232724 0.927651 -0.255140
-0.261474 0.942361 -0.274005
-0.290224 0.957072 -0.292870
-0.318974 0.971782 -0.311736
-0.347724 0.986493 -0.330601
-0.376474 1.001203 -0.349466
-0.405426 1.016017 -0.368463
-0.434378 1.030831 -0.387461
-0.463329 1.045645 -0.406458
-0.492281 1.060460 -0.425456
-0.478767 1.075274 -0.444453
-0.449815 1.090088 -0.463451
-0.448153 1.090518 -0.469108
-0.464683 1.081359 -0.465871
-0.481213 1.072201 -0.462634
-0.497743 1.063042 -0.459397
-0.485612 1.053818 -0.456138
-0.468968 1.044595 -0.452879
-0.452323 1.035372 -0.449620
-0.435678 1.026149 -0.446361
-0.419034 1.016926 -0.443101
-0.402389 1.007702 -0.439842
-0.385745 0.998479 -0.436583
-0.369100 0.989257 -0.433324
-0.352455 0.980034 -0.430065
-0.335811 0.970811 -0.426805
-0.402999 0.990743 -0.481314
-0.491173 1.017980 -0.449730
-0.420653 1.045217 -0.380775
-0.332478 1.072454 -0.311819
-0.244304 1.099691 -0.242863
-0.156130 1.126928 -0.173907
-0.067956 1.154165 -0.104952
0.020219 1.181402 -0.035996
0.108393 1.208639 0.032960
0.196567 1.235875 0.101916
0.285335 1.263296 0.171336
0.374103 1.290717 0.240756
0.462871 1.318137 0.310177
0.448361 1.345558 0.379597
0.359593 1.372978 0.449017
0.270825 1.400399 0.481562
0.182057 1.427819 0.412142
0.093289 1.455240 0.342722
0.004521 1.482660 0.273301
-0.084247 1.510081 0.203881
-0.173605 1.537682 0.133999
-0.262963 1.565284 0.064118
-0.352320 1.592886 -0.005763
-0.441678 1.620488 -0.075645
-0.468964 1.648089 -0.145526
-0.379606 1.675691 -0.215408
-0.290248 1.703293 -0.285289
-0.200891 1.730894 -0.355171
-0.111533 1.758496 -0.425052
-0.022175 1.786098 -0.494934
0.067769 1.813881 -0.434727
0.157713 1.841664 -0.364387
0.247656 1.869447 -0.294047
0.337600 1.897230 -0.223708
0.427544 1.925012 -0.153368
0.482513 1.952795 -0.083028
0.392569 1.980578 -0.012688
0.302625 2.008361 0.057651
0.212681 2.036144 0.127991
0.122738 2.063927 0.198331
0.032212 2.091891 0.269126
-0.058314 2.119855 0.339921
-0.148840 2.147820 0.410716
-0.239366 2.175784 0.481511
-0.329892 2.203748 0.447694
-0.420418 2.231712 0.376898
-0.489056 2.259676 0.306103
-0.398530 2.287640 0.235308
-0.308004 2.315604 0.164513
-0.217478 2.343568 0.093718
-0.126373 2.371709 0.022471
-0.035269 2.399849 -0.048776
0.055835 2.427990 -0.120024
0.146940 2.456131 -0.191271
0.238044 2.484271 -0.262519
0.329149 2.512412 -0.333766
0.420253 2.540552 -0.405014
0.488642 2.568693 -0.476261
0.397538 2.596833 -0.452491
0.306433 2.624974 -0.381244
0.214754 2.653293 -0.309547
0.123075 2.681612 -0.237850
0.031396 2.709932 -0.166153
-0.060283 2.738251 -0.094456
-0.151963 2.766571 -0.022759
-0.243642 2.794890 0.048938
-0.335321 2.823209 0.120635
-0.427000 2.851529 0.192332
-0.481321 2.879848 0.264028
-0.389642 2.908167 0.335725
-0.297391 2.936663 0.407869
-0.205141 2.965159 0.480013
-0.112891 2.923646 0.447844
-0.020640 2.895150 0.375700
0.071610 2.866654 0.303556
0.163861 2.838159 0.231413
0.256111 2.809663 0.159269
0.348361 2.781167 0.087125
0.440612 2.752671 0.014982
0.467138 2.724175 -0.057162
0.374320 2.695506 -0.129750
0.281501 2.666836 -0.202337
0.188683 2.638166 -0.274925
0.095865 2.609496 -0.347512
0.003047 2.580826 -0.420100
-0.089771 2.552156 -0.492688
-0.182589 2.523487 -0.434724
-0.275407 2.494817 -0.362137
-0.368225 2.466147 -0.289549
-0.461044 2.437477 -0.216961
-0.445574 2.408631 -0.143932
-0.352192 2.379785 -0.070904
-0.258809 2.350938 0.002125
-0.165427 2.322092 0.075154
-0.072045 2.293246 0.148183
0.021338 2.264400 0.221212
0.114720 2.235553 0.294241
0.208102 2.206707 0.367269
0.301485 2.177861 0.440298
0.394867 2.149014 0.486673
0.488810 2.119997 0.413206
0.417247 2.090979 0.339738
0.323304 2.061961 0.266271
0.229360 2.032943 0.192803
0.135417 2.003925 0.119336
0.041474 1.974906 0.045868
-0.052469 1.945887 -0.027599
-0.146412 1.916868 -0.101067
-0.240356 1.887848 -0.174534
-0.334299 1.858829 -0.248002
-0.428800 1.829639 -0.321905
-0.476700 1.800448 -0.395809
-0.382199 1.771257 -0.469712
-0.287698 1.742066 -0.456384
-0.193197 1.712875 -0.382481
-0.098697 1.683685 -0.308577
-0.004196 1.654494 -0.234674
0.090305 1.625303 -0.160770
0.184806 1.596112 -0.086867
0.279307 1.566922 -0.012963
0.374362 1.537559 0.061374
0.469417 1.508197 0.135711
0.435528 1.478834 0.210048
0.340473 1.449472 0.284384
0.245418 1.420109 0.358721
0.150363 1.390747 0.433058
0.055308 1.361385 0.492605
-0.039747 1.332022 0.418268
-0.134802 1.302660 0.343931
-0.229857 1.273297 0.269595
-0.325464 1.243765 0.194827
-0.421070 1.214234 0.120059
-0.483324 1.184702 0.045291
-0.387718 1.155170 -0.029477
-0.292112 1.125639 -0.104245
-0.196506 1.096107 -0.179013
-0.100900 1.066575 -0.253781
-0.005294 1.037043 -0.328548
0.090313 1.007512 -0.403316
0.185919 0.977980 -0.478084
0.282073 0.948278 -0.446720
0.378226 0.918576 -0.371523
0.474380 0.888875 -0.296327
0.429466 0.859173 -0.221131
0.333312 0.829472 -0.145934
0.237158 0.799770 -0.070738
0.141004 0.770068 0.004458
0.044850 0.740367 0.079655
-0.051304 0.710665 0.154851
-0.147458 0.680964 0.230047
-0.244157 0.651094 0.305670
-0.340855 0.621224 0.381292
-0.437554 0.591355 0.456915
-0.465747 0.561485 0.467463
-0.369049 0.531615 0.391840
-0.272350 0.501746 0.316218
-0.175651 0.471876 0.240595
-0.078952 0.442006 0.164973
0.017746 0.412137 0.089351
0.114445 0.382267 0.013728
0.211686 0.352230 -0.062318
0.308926 0.322193 -0.138364
0.406167 0.292155 -0.214410
0.496593 0.262118 -0.290456
0.399352 0.232081 -0.366502
0.302112 0.202044 -0.442548
0.204871 0.172007 -0.481406
0.107631 0.141970 -0.405360
0.010390 0.111933 -0.329314
-0.086850 0.081896 -0.253268
-0.184629 0.051693 -0.176801
-0.282409 0.021489 -0.100333
-0.380188 -0.008714 -0.023866
-0.477967 -0.038918 0.052601
-0.424253 -0.069121 0.129069
-0.326474 -0.099325 0.205536
-0.228695 -0.129528 0.282003
-0.130916 -0.159732 0.358471
-0.033136 -0.189935 0.434938
0.064643 -0.220139 0.488594
0.162958 -0.250508 0.411708
0.261273 -0.280876 0.334822
0.359588 -0.311245 0.257935
0.457903 -0.341614 0.181049
0.443783 -0.371983 0.104162
0.345468 -0.402352 0.027276
0.247153 -0.432721 -0.049610
0.148838 -0.463090 -0.126497
0.050523 -0.493458 -0.203383
-0.047792 -0.476173 -0.280270
-0.146640 -0.445639 -0.357573
-0.245488 -0.415105 -0.434876
-0.344336 -0.384572 -0.487821
-0.443184 -0.354038 -0.410518
-0.457969 -0.323504 -0.333215
-0.359121 -0.292971 -0.255912
-0.260273 -0.262437 -0.178609
-0.161425 -0.231903 -0.101306
-0.062577 -0.201370 -0.024003
0.036271 -0.170836 0.053300
0.135648 -0.140139 0.131018
0.235026 -0.109442 0.208735
0.334404 -0.078744 0.286453
0.433782 -0.048047 0.364171
0.466840 -0.017350 0.441888
0.367462 0.013347 0.480394
0.268084 0.044045 0.402677
0.168706 0.074742 0.324959
0.069328 0.105439 0.247241
-0.030050 0.136137 0.169524
-0.129955 0.166997 0.091394
-0.229860 0.197857 0.013264
-0.329765 0.228717 -0.064866
-0.429670 0.259577 -0.142996
-0.470425 0.290437 -0.221126
-0.370520 0.321297 -0.299256
-0.270614 0.352157 -0.377385
-0.170709 0.383017 -0.455515
-0.114716 0.467371 -0.474408
-0.087999 0.587387 -0.453810
-0.061140 0.708034 -0.433104
-0.034282 0.828680 -0.412398
-0.007424 0.949326 -0.391692
0.019434 1.069973 -0.370986
0.046292 1.190620 -0.350280
0.073151 1.311267 -0.329574
0.100009 1.431914 -0.308868
0.126867 1.552561 -0.288162
0.153725 1.673208 -0.267456
0.180583 1.793855 -0.246750
0.207581 1.915128 -0.225936
0.234578 2.036401 -0.205123
0.261576 2.157675 -0.184309
0.288574 2.278949 -0.163495
0.315571 2.400223 -0.142682
0.342569 2.521497 -0.121868
0.369567 2.642771 -0.101054
0.396564 2.764045 -0.080241
0.423562 2.885319 -0.059427
0.450559 3.006593 -0.038614
0.477696 3.128489 -0.017693
0.495168 3.250385 0.003227
0.468031 3.372282 0.024148
0.440895 3.494178 0.045069
0.413758 3.515498 0.065989
0.386622 3.393602 0.086910
0.359485 3.271706 0.107830
0.332349 3.149809 0.128751
0.305212 3.027913 0.149672
0.278076 2.906017 0.170592
0.250801 2.783501 0.191619
0.223526 2.660985 0.212646
0.196252 2.538468 0.233673
0.168977 2.415952 0.254700
0.141703 2.293436 0.275727
0.114428 2.170920 0.296754
0.101758 2.120431 0.306225
0.123167 2.238008 0.288731
0.144575 2.355584 0.271238
0.165984 2.473160 0.253744
0.187501 2.591330 0.236162
0.209017 2.709499 0.218580
0.230533 2.827669 0.200999
0.252050 2.945839 0.183417
0.273566 3.064009 0.165835
0.295082 3.182178 0.148253
0.316599 3.300348 0.130671
0.338115 3.418518 0.113089
0.359632 3.369687 0.095507
0.381148 3.251517 0.077925
0.402772 3.132758 0.060256
0.424395 3.013999 0.042586
0.446019 2.895241 0.024917
0.467643 2.776482 0.007247
0.489266 2.657723 -0.010423
0.489110 2.538965 -0.028092
0.467486 2.420206 -0.045762
0.445863 2.301447 -0.063431
0.424239 2.182689 -0.081101
