0.466112 -0.134805 0.300057
0.453547 -0.117909 0.315000
0.440982 -0.101012 0.329944
0.428418 -0.084116 0.344887
0.415853 -0.067219 0.359831
0.404987 -0.136290 0.366350
0.398085 -0.223809 0.353215
0.388824 -0.277599 0.347648
0.397203 -0.304344 0.359288
0.403549 -0.335075 0.349899
0.407864 -0.364531 0.319480
0.413148 -0.378104 0.282225
0.418432 -0.396463 0.244970
0.412999 -0.432139 0.223970
0.391490 -0.449682 0.227352
0.404322 -0.455713 0.226325
0.425738 -0.467721 0.224195
0.447155 -0.479730 0.222066
0.464304 -0.487857 0.221353
0.464382 -0.480458 0.226306
0.455938 -0.472991 0.235731
0.441970 -0.464336 0.248828
0.428002 -0.455680 0.261924
0.414034 -0.447025 0.275021
0.400067 -0.438370 0.288118
0.386099 -0.429715 0.301214
0.372131 -0.421060 0.314311
0.358163 -0.412404 0.327407
0.352385 -0.421300 0.308635
0.348654 -0.434583 0.281895
0.344922 -0.447865 0.255154
0.340751 -0.462716 0.225258
0.336579 -0.477567 0.195361
0.328190 -0.484450 0.171139
0.313474 -0.479381 0.155427
0.298759 -0.474312 0.139715
0.284043 -0.469243 0.124003
0.269328 -0.464174 0.108292
0.254612 -0.459105 0.092580
0.239897 -0.454035 0.076868
0.225181 -0.448966 0.061156
0.209061 -0.443413 0.043945
0.192941 -0.437860 0.026733
0.176821 -0.432307 0.009522
0.160702 -0.426754 -0.007689
0.144582 -0.421201 -0.024901
0.128462 -0.415648 -0.042112
0.112342 -0.410095 -0.059324
0.096222 -0.404542 -0.076535
0.080102 -0.398989 -0.093746
0.063982 -0.393436 -0.110958
0.046570 -0.387438 -0.129548
0.029159 -0.381440 -0.148139
0.011747 -0.375442 -0.166729
-0.005664 -0.369444 -0.185319
-0.023076 -0.363446 -0.203910
-0.040487 -0.357448 -0.222500
-0.057899 -0.351450 -0.241091
-0.075310 -0.345452 -0.259681
-0.092722 -0.339454 -0.278271
-0.110134 -0.333456 -0.296862
-0.128747 -0.327044 -0.316736
-0.147361 -0.320632 -0.336610
-0.165975 -0.314220 -0.356484
-0.184589 -0.307808 -0.376358
-0.203202 -0.301396 -0.396232
-0.221816 -0.294984 -0.416106
-0.240430 -0.288572 -0.435980
-0.259044 -0.282160 -0.455854
-0.277657 -0.275748 -0.475728
-0.296271 -0.269336 -0.495602
-0.316014 -0.262535 -0.483319
-0.335757 -0.255734 -0.462239
-0.355500 -0.248933 -0.441160
-0.294046 -0.236056 -0.454188
-0.273750 -0.235714 -0.463774
-0.314911 -0.249425 -0.461389
-0.356072 -0.263136 -0.459004
-0.397232 -0.276847 -0.456619
-0.376965 -0.255778 -0.466790
-0.341341 -0.226015 -0.480099
-0.303790 -0.194642 -0.494129
-0.266238 -0.163268 -0.491842
-0.228687 -0.131895 -0.477812
-0.191136 -0.121112 -0.463783
-0.153585 -0.152485 -0.449753
-0.116033 -0.183858 -0.435724
-0.078482 -0.215232 -0.421695
-0.040931 -0.246605 -0.407665
-0.003380 -0.277978 -0.393636
0.034172 -0.309351 -0.379606
0.073556 -0.342256 -0.364892
0.112940 -0.375160 -0.350178
0.152324 -0.408065 -0.335463
0.191708 -0.440969 -0.320749
0.231092 -0.473874 -0.306035
0.270476 -0.493222 -0.291320
0.309860 -0.460317 -0.276606
0.349245 -0.427413 -0.261892
0.388629 -0.394509 -0.247178
0.428013 -0.361604 -0.232463
0.469148 -0.327236 -0.217095
0.489717 -0.292869 -0.201726
0.448582 -0.258501 -0.186357
0.407446 -0.224133 -0.170989
0.366311 -0.189765 -0.155620
0.325176 -0.155398 -0.140252
0.284041 -0.121030 -0.124883
0.242905 -0.086662 -0.109514
0.201770 -0.052294 -0.094146
0.160634 -0.017927 -0.078777
0.117819 -0.048450 -0.062781
0.075004 -0.084221 -0.046785
0.032189 -0.119992 -0.030789
-0.010626 -0.155763 -0.014793
-0.053441 -0.191534 0.001203
-0.096256 -0.227305 0.017199
-0.139071 -0.263077 0.033195
-0.181886 -0.298848 0.049191
-0.224701 -0.334619 0.065188
-0.267516 -0.370390 0.081184
-0.311947 -0.407511 0.097784
-0.356379 -0.444633 0.114383
-0.400810 -0.481754 0.130983
-0.445242 -0.481124 0.147583
-0.489673 -0.444003 0.164183
-0.465896 -0.406881 0.180783
-0.421464 -0.369760 0.197383
-0.377033 -0.332638 0.213983
-0.332602 -0.295517 0.230583
-0.288170 -0.258395 0.247183
-0.242179 -0.219971 0.264365
-0.196189 -0.181547 0.281548
-0.150198 -0.143123 0.298730
-0.104207 -0.104698 0.315913
-0.058216 -0.066274 0.333095
-0.012226 -0.027850 0.350278
0.033765 0.010575 0.367460
0.079756 0.014488 0.384643
0.125747 -0.023937 0.401825
0.171737 -0.062361 0.419008
0.219236 -0.102045 0.436754
0.266736 -0.141730 0.454500
0.314234 -0.181414 0.472246
0.361733 -0.221099 0.489992
0.409232 -0.260783 0.492262
0.456731 -0.300468 0.474516
0.495770 -0.340152 0.456770
0.448271 -0.379837 0.439023
0.400772 -0.419521 0.421277
0.353273 -0.459206 0.403531
0.304312 -0.499889 0.385239
0.255351 -0.458983 0.366947
0.206391 -0.418077 0.348654
0.157430 -0.377171 0.330362
0.108469 -0.336266 0.312069
0.059508 -0.295360 0.293777
0.010547 -0.254454 0.275485
-0.038414 -0.213548 0.257192
-0.087375 -0.172642 0.238900
-0.136336 -0.131737 0.220608
-0.186716 -0.089645 0.201785
-0.237096 -0.047553 0.182963
-0.287477 -0.005462 0.164140
-0.337857 0.036630 0.145318
-0.388237 0.078722 0.126495
-0.438617 0.120813 0.107673
-0.488998 0.162905 0.088850
-0.460622 0.176412 0.070027
-0.410242 0.134320 0.051205
-0.359862 0.092228 0.032382
-0.308101 0.048983 0.013044
-0.256340 0.005738 -0.006294
-0.204579 -0.037507 -0.025633
-0.152818 -0.080752 -0.044971
-0.101057 -0.123997 -0.064309
-0.049296 -0.167242 -0.083648
0.002465 -0.210487 -0.102986
0.054225 -0.253732 -0.122324
0.105986 -0.296977 -0.141663
0.157747 -0.340222 -0.161001
0.210853 -0.384591 -0.180842
0.263958 -0.428959 -0.200682
0.317064 -0.473328 -0.220523
0.370170 -0.482304 -0.240364
0.423275 -0.437935 -0.260205
0.476381 -0.393567 -0.280045
0.470513 -0.349198 -0.299886
0.417408 -0.304830 -0.319726
0.364302 -0.260461 -0.339567
0.311197 -0.216093 -0.359408
0.256780 -0.170628 -0.379738
0.202363 -0.125164 -0.400069
0.147946 -0.079700 -0.420399
0.093529 -0.034236 -0.440730
0.039112 0.011228 -0.461060
-0.015305 0.056693 -0.481391
-0.069722 0.102157 -0.498279
-0.124139 0.147621 -0.477948
-0.178556 0.193085 -0.457617
-0.232973 0.238549 -0.437287
-0.288671 0.285084 -0.416478
-0.344368 0.331618 -0.395669
-0.400066 0.363862 -0.374859
-0.449286 0.359639 -0.358207
-0.466864 0.328923 -0.361393
-0.383014 0.253610 -0.364579
-0.299164 0.178298 -0.367766
-0.215315 0.102985 -0.370952
-0.131465 0.027673 -0.374138
-0.047615 -0.047640 -0.377324
0.038119 -0.124645 -0.380582
0.123853 -0.201650 -0.383839
0.209588 -0.278655 -0.387097
0.295322 -0.355660 -0.390355
0.381056 -0.432665 -0.393613
0.466790 -0.490330 -0.396870
0.447476 -0.413325 -0.400128
0.361742 -0.336320 -0.403386
0.276008 -0.259315 -0.406643
0.190273 -0.182310 -0.409901
0.121180 -0.115865 -0.412630
0.218455 -0.159367 -0.409970
0.315730 -0.202869 -0.407310
0.413005 -0.246371 -0.404650
0.489719 -0.289874 -0.401991
0.392444 -0.333376 -0.399331
0.295169 -0.376878 -0.396671
0.197894 -0.420380 -0.394011
0.100619 -0.463882 -0.391351
0.003344 -0.492616 -0.388691
-0.095936 -0.448217 -0.385977
-0.195217 -0.403817 -0.383262
-0.294498 -0.359418 -0.380547
-0.393779 -0.315019 -0.377833
-0.334275 -0.341822 -0.379553
-0.235076 -0.386426 -0.382383
-0.135877 -0.431030 -0.385212
-0.036677 -0.475634 -0.388041
0.062522 -0.479762 -0.390871
0.161721 -0.435158 -0.393700
0.262885 -0.389671 -0.396586
0.364049 -0.344183 -0.399471
0.465212 -0.298696 -0.402357
0.433624 -0.253209 -0.405242
0.332460 -0.207722 -0.408128
0.231297 -0.162234 -0.411013
0.130133 -0.116747 -0.413898
0.028969 -0.071260 -0.416784
-0.072195 -0.025772 -0.419669
-0.173359 0.019715 -0.422555
-0.276450 0.066069 -0.425495
-0.379541 0.112422 -0.428435
-0.482632 0.158776 -0.431376
-0.414277 0.205130 -0.434316
-0.311186 0.251484 -0.437256
-0.208095 0.297838 -0.440197
-0.105005 0.344192 -0.443137
-0.001914 0.390546 -0.446077
0.101177 0.436900 -0.449018
0.204268 0.483253 -0.451958
0.202734 0.490912 -0.463618
0.094682 0.459024 -0.483944
-0.013370 0.427137 -0.495731
-0.121422 0.395249 -0.475405
-0.229474 0.363362 -0.455079
-0.337526 0.331474 -0.434753
-0.445578 0.299586 -0.414427
-0.446370 0.267699 -0.394102
-0.338319 0.235811 -0.373776
-0.230267 0.203924 -0.353450
-0.120302 0.171472 -0.332764
-0.010338 0.139020 -0.312079
0.099627 0.106568 -0.291393
0.209591 0.074116 -0.270707
0.319555 0.041664 -0.250021
0.232128 0.026633 -0.282762
0.122767 0.013537 -0.321439
0.013407 0.000441 -0.360115
-0.095953 -0.012654 -0.398792
-0.205313 -0.025750 -0.437469
-0.316543 -0.039070 -0.476807
-0.427773 -0.052389 -0.483854
-0.460997 -0.065709 -0.444516
-0.349768 -0.079029 -0.405178
-0.238538 -0.092348 -0.365840
-0.127308 -0.105668 -0.326502
-0.016078 -0.118987 -0.287164
0.095152 -0.132307 -0.247825
0.206381 -0.145626 -0.208487
0.317611 -0.158946 -0.169149
0.430680 -0.172486 -0.129161
0.456252 -0.186025 -0.089172
0.343183 -0.199565 -0.049184
0.230115 -0.213105 -0.009195
0.117046 -0.226645 0.030793
0.003978 -0.240185 0.070782
-0.109091 -0.253724 0.110770
-0.222159 -0.267264 0.150759
-0.335228 -0.280804 0.190747
-0.448296 -0.294344 0.230736
-0.436826 -0.308100 0.271364
-0.321949 -0.321857 0.311992
-0.207071 -0.335613 0.352620
-0.092193 -0.349370 0.393249
0.022684 -0.363126 0.433877
0.137562 -0.376882 0.474505
0.252440 -0.390639 0.484866
0.367317 -0.404395 0.444238
0.482195 -0.418152 0.403610
0.402928 -0.431908 0.362981
0.286269 -0.445878 0.321723
0.169610 -0.459848 0.280465
0.052951 -0.473818 0.239206
-0.063707 -0.487788 0.197948
-0.180366 -0.498243 0.156690
-0.297025 -0.484273 0.115432
-0.413684 -0.470303 0.074174
-0.469657 -0.456333 0.032915
-0.352999 -0.442363 -0.008343
-0.236340 -0.428393 -0.049601
-0.117927 -0.414214 -0.091480
0.000486 -0.400034 -0.133358
0.118900 -0.385854 -0.175237
0.237313 -0.371675 -0.217116
0.355726 -0.357495 -0.258994
0.474139 -0.343315 -0.300873
0.407447 -0.329136 -0.342752
0.289034 -0.314956 -0.384631
0.170621 -0.300777 -0.426510
0.052208 -0.286597 -0.468389
-0.067934 -0.272210 -0.489121
-0.188076 -0.257823 -0.446631
-0.308218 -0.243437 -0.404141
-0.428360 -0.229050 -0.361651
-0.451499 -0.214663 -0.319161
-0.331357 -0.200276 -0.276671
-0.211215 -0.185889 -0.234181
-0.091073 -0.171503 -0.191691
0.029069 -0.157116 -0.149201
0.149211 -0.142729 -0.106711
0.271057 -0.128138 -0.063618
0.392903 -0.113547 -0.020525
0.485251 -0.098957 0.022568
0.363404 -0.084366 0.065661
0.241558 -0.069775 0.108753
0.119712 -0.055184 0.151846
-0.002134 -0.040593 0.194939
-0.123980 -0.026002 0.238032
-0.245827 -0.011411 0.281125
-0.367673 0.003180 0.324218
-0.491199 0.017972 0.367905
-0.385274 0.032764 0.411592
-0.261747 0.047556 0.455279
-0.138220 0.062348 0.498967
-0.014693 0.077140 0.457346
0.108834 0.091932 0.413659
0.232361 0.106725 0.369972
0.355887 0.121517 0.326284
0.479414 0.136309 0.282597
0.397059 0.151101 0.238910
0.271874 0.166092 0.194636
0.146689 0.181082 0.150363
0.021504 0.196073 0.106089
-0.103681 0.211064 0.061815
-0.228866 0.226055 0.017542
-0.354051 0.241045 -0.026732
-0.479236 0.256036 -0.071006
-0.395579 0.271027 -0.115279
-0.270394 0.286017 -0.159553
-0.145209 0.301008 -0.203827
-0.018388 0.316194 -0.248679
0.108434 0.331381 -0.293532
0.235255 0.346568 -0.338384
0.362076 0.361754 -0.383237
0.488898 0.376941 -0.428089
0.384281 0.392128 -0.472942
0.257459 0.407314 -0.482206
0.130638 0.422501 -0.437353
0.003816 0.437688 -0.392501
-0.123005 0.452874 -0.347648
-0.251442 0.468254 -0.302224
-0.379879 0.483635 -0.256801
-0.491684 0.499015 -0.211377
-0.363247 0.514395 -0.165953
-0.234810 0.529775 -0.120529
-0.106373 0.545156 -0.075105
0.022065 0.560536 -0.029682
0.150502 0.575916 0.015742
0.278939 0.591297 0.061166
0.407376 0.606677 0.106590
0.462592 0.622248 0.152578
0.332559 0.637819 0.198566
0.202526 0.653391 0.244554
0.072494 0.668962 0.290543
-0.057539 0.684533 0.336531
-0.187572 0.700104 0.382519
-0.317604 0.715675 0.428507
-0.447637 0.731246 0.474496
-0.422331 0.746817 0.479516
-0.292298 0.762388 0.433528
-0.160689 0.778148 0.386982
-0.029080 0.793909 0.340437
0.102529 0.809669 0.293891
0.051041 0.800635 0.310933
-0.078917 0.780976 0.355225
-0.208874 0.761316 0.399518
-0.338832 0.741657 0.443811
-0.468789 0.721997 0.488104
-0.401253 0.702338 0.467603
-0.271296 0.682679 0.423311
-0.139800 0.662787 0.378494
-0.008304 0.642895 0.333677
0.123191 0.623003 0.288860
0.254687 0.603111 0.244043
0.386183 0.583219 0.199226
0.482322 0.563327 0.154409
0.350826 0.543436 0.109592
0.219331 0.523544 0.064775
0.087835 0.503652 0.019958
-0.043661 0.483760 -0.024859
-0.176676 0.463638 -0.070194
-0.309692 0.443516 -0.115529
-0.442708 0.423394 -0.160864
-0.424276 0.403272 -0.206199
-0.291260 0.383150 -0.251535
-0.158245 0.363028 -0.296870
-0.025229 0.342906 -0.342205
0.107787 0.322784 -0.387540
0.240803 0.302662 -0.432875
0.373819 0.282540 -0.478209
0.491662 0.262191 -0.475943
0.357144 0.241842 -0.430096
0.222625 0.221492 -0.384249
0.088106 0.201143 -0.338401
-0.046413 0.180794 -0.292554
-0.180932 0.160445 -0.246707
-0.315451 0.140095 -0.200859
-0.449969 0.119746 -0.155012
-0.415512 0.099396 -0.109165
-0.280993 0.079047 -0.063317
-0.144988 0.058473 -0.016963
-0.008983 0.037899 0.029391
0.127023 0.017324 0.075744
0.263028 -0.003250 0.122098
0.399033 -0.023824 0.168452
0.464961 -0.044398 0.214806
0.328956 -0.064973 0.261160
0.192951 -0.085547 0.307514
0.056945 -0.106121 0.353868
-0.079060 -0.126695 0.400222
-0.216536 -0.147492 0.447077
-0.354011 -0.168289 0.493932
-0.491487 -0.189085 0.459212
-0.371037 -0.209882 0.412357
-0.233562 -0.230679 0.365502
-0.096086 -0.251475 0.318647
0.041390 -0.272272 0.271792
0.178866 -0.293069 0.224936
0.316341 -0.313865 0.178081
0.335818 -0.322699 0.228194
0.276003 -0.323565 0.344167
0.216188 -0.324432 0.460139
0.156373 -0.325299 0.423888
0.096558 -0.326166 0.307916
0.036743 -0.327033 0.191943
-0.023072 -0.327900 0.075971
-0.082887 -0.328767 -0.040002
-0.142702 -0.329634 -0.155974
-0.202517 -0.330501 -0.271947
-0.262333 -0.331368 -0.387919
-0.322767 -0.332244 -0.494906
-0.383202 -0.333120 -0.377732
-0.443637 -0.333996 -0.260558
-0.495928 -0.334872 -0.143383
-0.435493 -0.335747 -0.026209
-0.375058 -0.336623 0.090966
-0.314623 -0.337499 0.208140
-0.254188 -0.338375 0.325314
-0.193753 -0.339251 0.442489
-0.133318 -0.340127 0.440337
-0.072269 -0.341011 0.321973
-0.011221 -0.341896 0.203609
0.049828 -0.342781 0.085245
0.110876 -0.343665 -0.033119
0.171925 -0.344550 -0.151483
0.232973 -0.345434 -0.269847
0.294022 -0.346319 -0.388211
0.355070 -0.347203 -0.493425
0.416119 -0.348088 -0.375060
0.477168 -0.348972 -0.256696
0.461176 -0.349866 -0.137155
0.399521 -0.350759 -0.017613
0.337865 -0.351653 0.101929
0.276209 -0.352546 0.221471
0.214553 -0.353440 0.341013
0.152897 -0.354333 0.460554
0.091240 -0.355227 0.419904
0.029584 -0.356120 0.300362
-0.032072 -0.357013 0.180820
-0.093728 -0.357907 0.061278
-0.155985 -0.358809 -0.059430
-0.218243 -0.359711 -0.180138
-0.280500 -0.360613 -0.300846
-0.342758 -0.361515 -0.421554
-0.405015 -0.362418 -0.457738
-0.467273 -0.363320 -0.337030
-0.470469 -0.364222 -0.216322
-0.408212 -0.365124 -0.095614
-0.345954 -0.366026 0.025094
-0.283696 -0.366928 0.145802
-0.220843 -0.367839 0.267665
-0.157990 -0.368750 0.389529
-0.095136 -0.369660 0.488608
-0.032283 -0.370571 0.366745
0.030571 -0.371482 0.244882
0.093424 -0.372393 0.123019
0.156277 -0.373303 0.001155
0.219131 -0.374214 -0.120708
0.281984 -0.375125 -0.242571
0.344837 -0.376036 -0.364434
0.408281 -0.376955 -0.487442
0.471724 -0.377875 -0.389551
0.464832 -0.378794 -0.266543
0.401389 -0.379713 -0.143536
0.337945 -0.380633 -0.020528
0.274502 -0.381552 0.102479
0.211058 -0.382472 0.225487
0.147615 -0.383391 0.348494
0.084171 -0.384310 0.471502
0.020728 -0.385230 0.405490
-0.043301 -0.386157 0.281349
-0.107329 -0.387085 0.157208
-0.171357 -0.388013 0.033067
-0.235385 -0.388941 -0.091074
-0.299413 -0.389868 -0.215215
-0.363442 -0.390796 -0.339357
-0.427470 -0.391724 -0.463498
-0.491498 -0.392652 -0.412361
-0.444474 -0.393579 -0.288219
-0.380446 -0.394507 -0.164078
-0.315838 -0.395444 -0.038814
-0.251230 -0.396380 0.086451
-0.186623 -0.397316 0.211716
-0.122015 -0.398253 0.336980
-0.057407 -0.399189 0.462245
0.007200 -0.400126 0.412491
0.071808 -0.401062 0.287226
0.136416 -0.401998 0.161961
0.201024 -0.402935 0.036697
0.265631 -0.403871 -0.088568
0.330813 -0.404816 -0.214946
0.395995 -0.405760 -0.341324
0.461178 -0.406704 -0.467702
0.473640 -0.407649 -0.405919
0.408458 -0.408593 -0.279541
0.343276 -0.409538 -0.153163
0.278094 -0.410482 -0.026785
0.212912 -0.411427 0.099593
0.147730 -0.412371 0.225971
0.082548 -0.413315 0.352350
0.016796 -0.414268 0.479831
-0.048955 -0.415221 0.392687
-0.114706 -0.416174 0.265205
-0.180457 -0.417127 0.137723
-0.246209 -0.418079 0.010241
-0.311960 -0.419032 -0.117241
-0.377711 -0.419985 -0.244723
-0.443463 -0.420938 -0.372205
-0.490786 -0.421890 -0.499686
-0.425034 -0.422843 -0.372832
-0.358719 -0.423804 -0.244256
-0.292403 -0.424765 -0.115679
-0.226087 -0.425727 0.012897
-0.159771 -0.426688 0.141473
-0.093456 -0.427649 0.270049
-0.090771 -0.464491 0.265476
-0.130506 -0.474746 0.172138
-0.170241 -0.413984 0.078800
-0.209976 -0.353221 -0.014539
-0.249712 -0.292458 -0.107877
-0.289782 -0.231183 -0.202003
-0.329853 -0.169907 -0.296130
-0.369924 -0.108632 -0.390256
-0.409995 -0.047356 -0.484382
-0.450065 0.013919 -0.421492
-0.490136 0.075195 -0.327366
-0.469793 0.136470 -0.233240
-0.429723 0.197746 -0.139113
-0.389652 0.259021 -0.044987
-0.349581 0.320297 0.049139
-0.309178 0.382081 0.144046
-0.268775 0.443865 0.238953
-0.228371 0.505649 0.333861
-0.187968 0.567433 0.428768
-0.147565 0.629216 0.476325
-0.107162 0.691000 0.381418
-0.066759 0.752784 0.286510
-0.026356 0.814568 0.191603
0.014048 0.876352 0.096696
0.054451 0.938135 0.001788
0.095184 1.000423 -0.093894
0.135917 1.062711 -0.189576
0.176650 1.125000 -0.285258
0.217383 1.187288 -0.380940
0.258116 1.249576 -0.476622
0.298848 1.311864 -0.427696
0.339581 1.374152 -0.332014
0.380314 1.436440 -0.236332
0.421047 1.498728 -0.140650
0.461780 1.561016 -0.044968
0.497160 1.623805 0.051483
0.456100 1.686593 0.147933
0.415039 1.749382 0.244384
0.373979 1.812171 0.340834
0.332919 1.874959 0.437285
0.365240 1.835388 0.380534
0.415905 1.770227 0.285483
0.466571 1.705066 0.190432
0.482763 1.639905 0.095380
0.432097 1.574744 0.000329
0.381031 1.509068 -0.095474
0.329965 1.443393 -0.191276
0.278899 1.377717 -0.287079
0.227832 1.312041 -0.382881
0.176766 1.246365 -0.478684
0.125700 1.180689 -0.425513
0.074633 1.115013 -0.329711
0.023567 1.049337 -0.233908
-0.027499 0.983661 -0.138106
-0.078565 0.917985 -0.042303
-0.130029 0.851798 0.054245
-0.181493 0.785611 0.150794
-0.232956 0.719424 0.247342
-0.284420 0.653238 0.343890
-0.335884 0.587051 0.440438
-0.387347 0.520864 0.463014
-0.438811 0.454677 0.366465
-0.490274 0.388490 0.269917
-0.458262 0.322303 0.173369
-0.406799 0.256116 0.076821
-0.354941 0.189421 -0.020467
-0.303082 0.122727 -0.117755
-0.251224 0.056033 -0.215043
-0.199366 -0.010661 -0.312331
-0.147508 -0.077356 -0.409620
-0.095650 -0.144050 -0.493092
-0.043792 -0.210744 -0.395804
0.008066 -0.277438 -0.298516
0.059924 -0.344133 -0.201228
0.111782 -0.410827 -0.103940
0.164031 -0.478025 -0.005917
0.216281 -0.454778 0.092105
0.268530 -0.387580 0.190127
0.320779 -0.320382 0.288150
0.373029 -0.253184 0.386172
0.425278 -0.185987 0.484194
0.477528 -0.118789 0.417784
0.470223 -0.051592 0.319761
0.417973 0.015606 0.221739
0.365724 0.082804 0.123717
0.313086 0.150501 0.024966
0.260448 0.218198 -0.073786
0.207811 0.285895 -0.172537
0.155173 0.353592 -0.271288
0.102535 0.421290 -0.370039
0.049897 0.488987 -0.468790
-0.002741 0.556684 -0.432459
-0.055379 0.624381 -0.333707
-0.108017 0.692078 -0.234956
-0.160655 0.759775 -0.136205
-0.213678 0.827968 -0.036730
-0.266702 0.896162 0.062744
-0.319725 0.964355 0.162219
-0.372749 1.032548 0.261693
-0.425772 1.100742 0.361168
-0.478795 1.168935 0.460642
-0.468181 1.237129 0.439883
-0.415158 1.305323 0.340409
-0.362134 1.373516 0.240934
-0.309111 1.441710 0.141459
-0.255705 1.510396 0.041267
-0.202298 1.579082 -0.058926
-0.148892 1.647768 -0.159119
-0.095486 1.716454 -0.259312
-0.042079 1.785140 -0.359505
0.011327 1.853826 -0.459697
0.064734 1.922512 -0.440110
0.118140 1.991198 -0.339917
0.171546 2.059884 -0.239724
0.224953 2.128570 -0.139531
0.278739 2.197745 -0.038626
0.332526 2.266920 0.062280
0.386312 2.336094 0.163186
0.440099 2.405269 0.264092
0.493886 2.474444 0.364998
0.452328 2.543619 0.465904
0.398541 2.530966 0.433190
0.344754 2.461791 0.332284
0.290968 2.392616 0.231378
0.237181 2.323442 0.130472
0.183017 2.253783 0.028858
0.128853 2.184124 -0.072756
0.074689 2.114465 -0.174370
0.020525 2.044806 -0.275984
-0.033639 1.975147 -0.377598
-0.087802 1.905487 -0.479212
-0.141966 1.835827 -0.419174
-0.196130 1.766167 -0.317560
-0.250294 1.696507 -0.215946
-0.304458 1.626848 -0.114332
-0.358997 1.556706 -0.012015
-0.413536 1.486564 0.090302
-0.468075 1.416423 0.192620
-0.477386 1.346281 0.294937
-0.422848 1.276140 0.397254
-0.368309 1.205998 0.499572
-0.313770 1.135857 0.398111
-0.259231 1.065715 0.295794
-0.204692 0.995573 0.193476
-0.150153 0.925431 0.091159
-0.095242 0.854811 -0.011857
-0.040331 0.784190 -0.114873
0.014580 0.713569 -0.217888
0.069491 0.642948 -0.320904
0.124402 0.572327 -0.423920
0.179313 0.501707 -0.473065
0.234224 0.431086 -0.370049
0.289135 0.360465 -0.267034
0.344046 0.289844 -0.164018
0.398957 0.219224 -0.061002
0.454238 0.148127 0.042707
0.490481 0.077031 0.146417
0.435200 0.005935 0.250126
0.379919 -0.065162 0.353835
0.324638 -0.136258 0.457545
0.269357 -0.207354 0.438746
0.214076 -0.278451 0.335036
0.158795 -0.349547 0.231327
0.103514 -0.420643 0.127618
0.048233 -0.491740 0.023908
-0.007415 -0.436691 -0.080490
-0.063063 -0.365123 -0.184889
-0.118711 -0.293554 -0.289288
-0.174359 -0.221985 -0.393686
-0.230007 -0.150416 -0.498084
-0.285656 -0.078847 -0.397517
-0.341304 -0.007279 -0.293119
-0.396952 0.064290 -0.188720
-0.452600 0.135859 -0.084322
-0.491752 0.207427 0.020077
-0.435739 0.279466 0.125160
-0.379726 0.351504 0.230243
-0.323713 0.423542 0.335327
-0.267699 0.495580 0.440410
-0.211686 0.567618 0.454507
-0.155673 0.639656 0.349424
-0.099660 0.711695 0.244340
-0.043647 0.783733 0.139257
0.012366 0.855771 0.034174
0.068379 0.927809 -0.070909
0.124755 1.000313 -0.176672
0.181130 1.072818 -0.282436
0.237506 1.145322 -0.388199
0.293881 1.217826 -0.493962
0.350257 1.290331 -0.400274
0.406633 1.362835 -0.294511
0.463008 1.435339 -0.188747
0.480616 1.507843 -0.082984
0.424241 1.580348 0.022779
0.367865 1.652852 0.128543
0.311129 1.725820 0.234982
0.254393 1.798788 0.341421
0.197658 1.871756 0.447860
0.140922 1.944724 0.445701
0.084186 2.017692 0.339262
0.027450 2.090660 0.232823
-0.029286 2.163628 0.126384
-0.086022 2.236596 0.019945
-0.142758 2.309564 -0.086494
-0.199493 2.382532 -0.192933
-0.256587 2.455960 -0.300044
-0.313681 2.529388 -0.407155
-0.370775 2.602816 -0.485735
-0.427869 2.676244 -0.378624
-0.484962 2.749673 -0.271513
-0.457944 2.823101 -0.164402
-0.400850 2.896529 -0.057292
-0.343756 2.969957 0.049819
-0.286662 2.982307 0.156930
-0.229569 2.908879 0.264040
-0.172119 2.834993 0.371818
-0.114670 2.761107 0.479596
-0.057220 2.687221 0.412625
0.000230 2.613335 0.304847
0.057679 2.539449 0.197069
0.115129 2.465563 0.089291
0.172578 2.391677 -0.018487
0.230028 2.317791 -0.126265
0.287477 2.243905 -0.234043
0.344927 2.170019 -0.341821
0.402730 2.095678 -0.450262
0.460533 2.021337 -0.441297
0.481664 1.946996 -0.332855
0.423861 1.872656 -0.224414
0.366058 1.798316 -0.115973
0.308255 1.723976 -0.007531
0.250451 1.649636 0.100910
0.192648 1.575296 0.209351
0.134845 1.500956 0.317793
0.077042 1.426616 0.426234
0.018888 1.351824 0.464665
-0.039267 1.277032 0.355565
-0.097421 1.202240 0.246464
-0.155576 1.127448 0.137364
-0.213730 1.052656 0.028263
-0.271885 0.977864 -0.080837
-0.330039 0.903072 -0.189938
-0.388194 0.828280 -0.299038
-0.446348 0.753489 -0.408139
-0.495497 0.678697 -0.482760
-0.436994 0.603455 -0.373005
-0.378490 0.528214 -0.263249
-0.319986 0.452973 -0.153493
-0.261482 0.377731 -0.043737
-0.202979 0.302490 0.066018
-0.144475 0.227249 0.175774
-0.085971 0.152007 0.285530
-0.027467 0.076766 0.395286
0.031036 0.001525 0.494959
0.089540 -0.073717 0.385203
0.148391 -0.149404 0.274796
0.207242 -0.225092 0.164388
0.266093 -0.300780 0.053981
0.324944 -0.376468 -0.056426
0.383795 -0.452155 -0.166833
0.442646 -0.472157 -0.277240
0.498503 -0.396469 -0.387647
0.439652 -0.320781 -0.498055
0.380801 -0.245093 -0.391538
0.321950 -0.169406 -0.281131
0.262754 -0.093274 -0.170076
0.203558 -0.017142 -0.059022
0.144362 0.058990 0.052033
0.085166 0.135121 0.163088
0.025970 0.211253 0.274143
-0.033226 0.287385 0.385197
-0.092423 0.363517 0.496252
-0.151619 0.439649 0.392693
-0.210815 0.515780 0.281638
-0.270011 0.591912 0.170584
-0.329550 0.668485 0.058885
-0.389090 0.745058 -0.052813
-0.448629 0.821631 -0.164512
-0.491832 0.898204 -0.276210
-0.432292 0.974777 -0.387909
-0.372753 1.051350 -0.499607
-0.313213 1.127923 -0.388694
-0.253674 1.204495 -0.276996
-0.194135 1.281068 -0.165297
-0.134595 1.357641 -0.053599
-0.074715 1.434653 0.058740
-0.014834 1.511664 0.171079
0.045046 1.588676 0.283417
0.104927 1.665688 0.395756
0.164807 1.742699 0.491905
0.224688 1.819711 0.379567
0.284568 1.896722 0.267228
0.344449 1.973734 0.154889
0.404330 2.050745 0.042551
0.464210 2.127757 -0.069788
0.475570 2.205205 -0.182763
0.415350 2.282653 -0.295738
0.355130 2.360101 -0.408713
0.294911 2.437549 -0.478311
0.234691 2.514997 -0.365336
0.174471 2.592444 -0.252361
0.114251 2.669892 -0.139386
0.054032 2.747340 -0.026411
-0.006188 2.824788 0.086564
-0.066408 2.902236 0.199540
-0.126965 2.980118 0.313148
-0.187522 3.058000 0.426756
-0.248079 3.135881 0.459637
-0.308636 3.213763 0.346029
-0.369194 3.291645 0.232421
-0.429751 3.369527 0.118813
-0.490308 3.412603 0.005205
-0.449135 3.334721 -0.108404
-0.388578 3.256839 -0.222012
-0.328021 3.178957 -0.335620
-0.267128 3.100644 -0.449857
-0.206235 3.022331 -0.435906
-0.145343 2.944017 -0.321668
-0.084450 2.865704 -0.207431
-0.023557 2.787391 -0.093194
0.037335 2.709077 0.021044
0.098228 2.630764 0.135281
0.159121 2.552451 0.249519
0.220013 2.474137 0.363756
0.280906 2.395824 0.477993
0.342132 2.317081 0.407143
0.403358 2.238339 0.292280
0.464585 2.159596 0.177416
0.474189 2.080854 0.062553
0.412963 2.002111 -0.052311
0.351737 1.923369 -0.167174
0.290511 1.844626 -0.282037
0.229284 1.765884 -0.396901
0.168058 1.687141 -0.488236
0.106832 1.608399 -0.373372
0.045274 1.529230 -0.257886
-0.016285 1.450060 -0.142400
-0.077843 1.370891 -0.026914
-0.139401 1.291722 0.088572
-0.200959 1.212553 0.204058
-0.262517 1.133383 0.319544
-0.324076 1.054214 0.435030
-0.385634 0.975045 0.449484
-0.447192 0.895875 0.333998
-0.491250 0.816706 0.218512
-0.429361 0.737112 0.102407
-0.367473 0.657518 -0.013699
-0.305585 0.577923 -0.129804
-0.243696 0.498329 -0.245909
-0.181808 0.418735 -0.362014
-0.119920 0.339141 -0.478119
-0.058032 0.259547 -0.405776
0.003857 0.179953 -0.289671
0.065745 0.100359 -0.173565
0.127633 0.020765 -0.057460
0.189850 -0.059251 0.059261
0.252066 -0.139267 0.175982
0.314283 -0.219284 0.292703
0.376499 -0.299300 0.409424
0.438716 -0.379316 0.473855
0.499068 -0.459332 0.357134
0.436851 -0.460651 0.240412
0.374635 -0.380635 0.123691
0.312418 -0.300619 0.006970
0.250202 -0.220603 -0.109751
0.187658 -0.140166 -0.227085
0.125115 -0.059730 -0.344419
0.062572 0.020706 -0.461752
0.000029 0.101143 -0.420914
-0.062514 0.181579 -0.303580
-0.125057 0.262015 -0.186246
-0.187601 0.342452 -0.068912
-0.250144 0.422888 0.048422
-0.312687 0.503325 0.165755
-0.375230 0.583761 0.283089
-0.438098 0.664616 0.401033
-0.499034 0.745470 0.481024
-0.436166 0.826324 0.363081
-0.373298 0.907178 0.245138
-0.310430 0.988033 0.127194
-0.247562 1.068887 0.009251
-0.184694 1.149740 -0.108693
-0.121826 1.230594 -0.226636
-0.058958 1.311448 -0.344579
0.003910 1.392301 -0.462523
0.067101 1.473571 -0.418928
0.130293 1.554841 -0.300378
0.193484 1.636111 -0.181828
0.256675 1.717380 -0.063278
0.319867 1.798650 0.055271
0.383058 1.879920 0.173821
0.446249 1.961190 0.292371
0.490559 2.042459 0.410921
0.427368 2.123729 0.470529
0.364176 2.204999 0.351980
0.300664 2.286683 0.232827
0.237151 2.368368 0.113674
0.173638 2.450052 -0.005480
0.110125 2.531737 -0.124633
0.046612 2.613422 -0.243786
-0.016901 2.695106 -0.362939
-0.080414 2.776791 -0.482092
-0.143927 2.858475 -0.398755
-0.207440 2.940160 -0.279602
-0.270953 3.021845 -0.160449
-0.334786 3.103939 -0.040696
-0.398619 3.186034 0.079057
-0.462452 3.268129 0.198811
-0.473715 3.350223 0.318564
-0.409882 3.432318 0.438318
-0.346049 3.514413 0.441929
-0.282216 3.436555 0.322176
-0.218383 3.354460 0.202422
-0.154551 3.272366 0.082669
-0.090718 3.190271 -0.037085
-0.026567 3.107766 -0.157435
0.037585 3.025262 -0.277786
0.101736 2.942757 -0.398137
0.165887 2.860252 -0.481513
0.230038 2.777747 -0.361162
0.294190 2.695243 -0.240811
0.358341 2.612738 -0.120461
0.422492 2.530233 -0.000110
0.486644 2.447728 0.120240
