0.312592 0.159842 0.308095
0.292681 0.143458 0.309439
0.272770 0.127075 0.310784
0.252859 0.110692 0.312128
0.232948 0.012711 0.313473
0.213037 -0.136290 0.314817
0.193126 -0.223809 0.316161
0.177017 -0.283214 0.314755
0.195123 -0.304344 0.288592
0.213230 -0.335075 0.262430
0.231336 -0.364531 0.236267
0.253512 -0.384815 0.204225
0.275687 -0.404880 0.172182
0.297863 -0.432139 0.140140
0.317563 -0.449204 0.115212
0.314983 -0.472648 0.154323
0.312403 -0.494806 0.193433
0.309824 -0.483037 0.232543
0.308576 -0.480924 0.250634
0.308217 -0.492175 0.254712
0.307858 -0.496574 0.258789
0.307444 -0.483583 0.263498
0.307029 -0.470592 0.268206
0.305124 -0.470652 0.266934
0.305072 -0.452541 0.263941
0.305612 -0.429027 0.262307
0.306152 -0.405513 0.260674
0.306692 -0.381999 0.259040
0.307232 -0.358485 0.257407
0.307772 -0.334971 0.255774
0.295457 -0.353383 0.271177
0.278095 -0.385688 0.293161
0.260733 -0.417992 0.315145
0.243371 -0.450296 0.337129
0.226009 -0.482600 0.359113
0.208648 -0.485095 0.381097
0.191286 -0.452791 0.403081
0.173924 -0.420487 0.425065
0.156562 -0.388183 0.447049
0.139200 -0.355879 0.469033
0.121839 -0.323574 0.491017
0.102820 -0.288187 0.484900
0.083801 -0.309804 0.460818
0.064782 -0.345192 0.436736
0.045763 -0.380579 0.412653
0.026744 -0.415967 0.388571
0.007725 -0.451355 0.364489
-0.011293 -0.486742 0.340406
-0.030312 -0.477870 0.316324
-0.049331 -0.442483 0.292242
-0.068350 -0.407095 0.268159
-0.088893 -0.368872 0.242147
-0.109436 -0.330649 0.216135
-0.129978 -0.292426 0.190123
-0.150521 -0.254203 0.164112
-0.171064 -0.215980 0.138100
-0.191607 -0.220343 0.112088
-0.212149 -0.258566 0.086076
-0.232692 -0.296789 0.060064
-0.253235 -0.335012 0.034052
-0.273778 -0.373235 0.008040
-0.295739 -0.414097 -0.019768
-0.317700 -0.454959 -0.047576
-0.339661 -0.495821 -0.075384
-0.361622 -0.463317 -0.103191
-0.383583 -0.422455 -0.130999
-0.405544 -0.381593 -0.158807
-0.427505 -0.340731 -0.186615
-0.449466 -0.299869 -0.214423
-0.448804 -0.315956 -0.233651
-0.425519 -0.388991 -0.244297
-0.400822 -0.466457 -0.255590
-0.376124 -0.456078 -0.266882
-0.351427 -0.378612 -0.278175
-0.385224 -0.372723 -0.239311
-0.425522 -0.374786 -0.194874
-0.465819 -0.376850 -0.150437
-0.493884 -0.378913 -0.106000
-0.453587 -0.380977 -0.061563
-0.413290 -0.383040 -0.017126
-0.372992 -0.385104 0.027310
-0.330515 -0.387279 0.074151
-0.304306 -0.389021 0.099709
-0.343166 -0.389031 0.040136
-0.382026 -0.389040 -0.019437
-0.420886 -0.389050 -0.079011
-0.459747 -0.389059 -0.138584
-0.498607 -0.389069 -0.198157
-0.462533 -0.389078 -0.257730
-0.423673 -0.389088 -0.317303
-0.384813 -0.389098 -0.376876
-0.344056 -0.389108 -0.439357
-0.303299 -0.389118 -0.498162
-0.262543 -0.389128 -0.435682
-0.221786 -0.389138 -0.373201
-0.188574 -0.389153 -0.319592
-0.223267 -0.389208 -0.345833
-0.257960 -0.389264 -0.372074
-0.292653 -0.389319 -0.398316
-0.327346 -0.389374 -0.424557
-0.362038 -0.389430 -0.450798
-0.398274 -0.389488 -0.478207
-0.434509 -0.389546 -0.494385
-0.470745 -0.389603 -0.466977
-0.493020 -0.389661 -0.439569
-0.456784 -0.389719 -0.412160
-0.420549 -0.389777 -0.384752
-0.384313 -0.389835 -0.357344
-0.348078 -0.389892 -0.329935
-0.311842 -0.389950 -0.302527
-0.275607 -0.390008 -0.275119
-0.267989 -0.390566 -0.269594
-0.305515 -0.391869 -0.298574
-0.343041 -0.393172 -0.327555
-0.380568 -0.394475 -0.356535
-0.418094 -0.395779 -0.385515
-0.455621 -0.397082 -0.414495
-0.493147 -0.398385 -0.443475
-0.469326 -0.399688 -0.472455
-0.431800 -0.400992 -0.498565
-0.394273 -0.402295 -0.469585
-0.355330 -0.403647 -0.439511
-0.316387 -0.405000 -0.409437
-0.277443 -0.406352 -0.379363
-0.238500 -0.407705 -0.349290
-0.199557 -0.409057 -0.319216
-0.160613 -0.410409 -0.289142
-0.121670 -0.411762 -0.259068
-0.082727 -0.413114 -0.228994
-0.043784 -0.414467 -0.198920
-0.004840 -0.415819 -0.168846
0.035470 -0.417219 -0.137717
0.075780 -0.418619 -0.106587
0.116090 -0.420019 -0.075458
0.156400 -0.421420 -0.044328
0.196710 -0.422820 -0.013199
0.237020 -0.424220 0.017930
0.248983 -0.423148 0.060101
0.218425 -0.418368 0.118832
0.187866 -0.413589 0.177564
0.157308 -0.408809 0.236295
0.125748 -0.403872 0.296953
0.094188 -0.398936 0.357610
0.094132 -0.398398 0.357798
0.125581 -0.402258 0.297516
0.157029 -0.406118 0.237235
0.188478 -0.409979 0.176953
0.219927 -0.413839 0.116671
0.251375 -0.417699 0.056389
0.282824 -0.421560 -0.003892
0.314272 -0.425420 -0.064174
0.346689 -0.429399 -0.126311
0.379106 -0.433378 -0.188448
0.411522 -0.437357 -0.250585
0.443939 -0.441336 -0.312722
0.476355 -0.445314 -0.374859
0.491228 -0.449293 -0.436996
0.458812 -0.453272 -0.499133
0.426395 -0.457251 -0.438730
0.393978 -0.461230 -0.376593
0.361562 -0.465209 -0.314456
0.328206 -0.469303 -0.250518
0.293916 -0.465383 -0.215569
0.258226 -0.449442 -0.224103
0.222536 -0.433501 -0.232638
0.186846 -0.417560 -0.241172
0.151156 -0.401618 -0.249707
0.115465 -0.385677 -0.258241
0.079775 -0.369736 -0.266776
0.044085 -0.353794 -0.275310
0.008395 -0.337853 -0.283845
-0.028273 -0.321475 -0.292613
-0.064941 -0.305097 -0.301382
-0.101609 -0.288719 -0.310150
-0.138277 -0.272341 -0.318918
-0.174945 -0.255962 -0.327687
-0.211613 -0.239584 -0.336455
-0.248281 -0.223206 -0.345224
-0.284949 -0.206828 -0.353992
-0.321617 -0.190450 -0.362761
-0.358285 -0.174072 -0.371529
-0.395905 -0.157269 -0.380525
-0.433526 -0.140465 -0.389521
-0.471147 -0.123662 -0.398517
-0.491233 -0.106858 -0.407514
-0.453612 -0.090055 -0.416510
-0.415991 -0.073251 -0.425506
-0.378371 -0.056448 -0.434502
-0.340750 -0.039644 -0.443498
-0.303129 -0.022841 -0.452494
-0.265509 -0.006037 -0.461490
-0.226959 0.011181 -0.470709
-0.188410 0.028399 -0.479927
-0.149860 0.045618 -0.489146
-0.111310 0.062836 -0.498364
-0.072761 0.080055 -0.492417
-0.034211 0.097273 -0.483199
0.004339 0.114492 -0.473980
0.042888 0.131710 -0.464762
0.081438 0.148929 -0.455544
0.119988 0.166147 -0.446325
0.159444 0.183771 -0.436890
0.198901 0.201394 -0.427454
0.238358 0.219018 -0.418019
0.277815 0.236641 -0.408583
0.317271 0.254265 -0.399148
0.356728 0.271889 -0.389713
0.396185 0.289512 -0.380277
0.435642 0.307136 -0.370842
0.475099 0.324759 -0.361406
0.485445 0.342383 -0.351971
0.445101 0.360403 -0.342324
0.404757 0.378422 -0.332676
0.364413 0.396442 -0.323029
0.324070 0.414462 -0.313382
0.283726 0.432481 -0.303734
0.243382 0.450501 -0.294087
0.203039 0.453899 -0.284440
0.162695 0.435879 -0.274792
0.122352 0.417860 -0.265145
0.082008 0.399840 -0.255498
0.040797 0.381433 -0.245643
-0.000415 0.363025 -0.235788
0.007958 0.385773 -0.228323
0.065913 0.449676 -0.223246
0.123869 0.442035 -0.218170
0.181824 0.378132 -0.213094
0.239780 0.314229 -0.208018
0.297735 0.250325 -0.202941
0.355690 0.186422 -0.197865
0.413646 0.122519 -0.192789
0.472796 0.057298 -0.187608
0.468053 -0.007924 -0.182427
0.408903 -0.073145 -0.177246
0.349752 -0.138366 -0.172065
0.290602 -0.203587 -0.166884
0.231451 -0.268808 -0.161703
0.172301 -0.334029 -0.156522
0.113150 -0.399251 -0.151341
0.054000 -0.464472 -0.146160
-0.005151 -0.470307 -0.140979
-0.065473 -0.403794 -0.135696
-0.125795 -0.337281 -0.130412
-0.186117 -0.270769 -0.125129
-0.246439 -0.204256 -0.119845
-0.306761 -0.137743 -0.114561
-0.367083 -0.071230 -0.109278
-0.427405 -0.004717 -0.103994
-0.487727 0.061795 -0.098711
-0.451951 0.128308 -0.093427
-0.391629 0.194821 -0.088144
-0.330158 0.262601 -0.082759
-0.268687 0.330380 -0.077375
-0.207216 0.398160 -0.071991
-0.145745 0.465940 -0.066607
-0.084274 0.533720 -0.061222
-0.022802 0.601500 -0.055838
0.038669 0.555546 -0.050454
0.100140 0.487766 -0.045070
0.161611 0.419986 -0.039685
0.223082 0.352207 -0.034301
0.285681 0.283183 -0.028818
0.348280 0.214159 -0.023335
0.410879 0.145136 -0.017852
0.473478 0.076112 -0.012369
0.463922 0.007089 -0.006886
0.401323 -0.061935 -0.001403
0.338724 -0.130958 0.004080
0.276125 -0.199982 0.009563
0.213526 -0.269006 0.015046
0.150927 -0.338029 0.020529
0.087220 -0.408274 0.026109
0.023513 -0.478520 0.031689
-0.040195 -0.451235 0.037269
-0.103902 -0.380990 0.042849
-0.167609 -0.310744 0.048429
-0.231316 -0.240499 0.054010
-0.295023 -0.170254 0.059590
-0.358730 -0.100009 0.065170
-0.422438 -0.029763 0.070750
-0.486145 0.040482 0.076330
-0.449059 0.111928 0.082005
-0.384263 0.183374 0.087681
-0.319467 0.254820 0.093356
-0.254670 0.326267 0.099032
-0.189874 0.397713 0.104707
-0.258298 0.326648 0.076938
-0.326723 0.255583 0.049169
-0.395147 0.184518 0.021399
-0.463571 0.113453 -0.006370
-0.468004 0.042388 -0.034139
-0.398449 -0.029851 -0.062368
-0.328893 -0.102091 -0.090596
-0.259338 -0.174331 -0.118825
-0.189783 -0.246570 -0.147053
-0.120227 -0.318810 -0.175281
-0.050672 -0.391050 -0.203509
0.018883 -0.463289 -0.231738
0.088438 -0.464471 -0.259966
0.157994 -0.392232 -0.288195
0.227549 -0.319992 -0.316423
0.298217 -0.246596 -0.345103
0.368885 -0.173201 -0.373783
0.439554 -0.099805 -0.402463
0.489778 -0.026410 -0.431143
0.419110 0.046986 -0.459823
0.348442 0.120382 -0.488503
0.277774 0.193777 -0.482817
0.207106 0.267173 -0.454137
0.136437 0.340568 -0.425457
0.065769 0.413964 -0.396777
-0.005995 0.488497 -0.367653
-0.077759 0.563031 -0.338528
-0.149523 0.637565 -0.309403
-0.221287 0.712099 -0.280279
-0.293051 0.786633 -0.251154
-0.364815 0.806488 -0.222029
-0.436579 0.731954 -0.192905
-0.491657 0.657420 -0.163780
-0.419893 0.582887 -0.134655
-0.348129 0.508353 -0.105530
-0.275286 0.432698 -0.075968
-0.202443 0.357044 -0.046405
-0.129600 0.281390 -0.016842
-0.056757 0.205735 0.012720
0.016086 0.130081 0.042283
0.088930 0.054426 0.071846
0.161773 -0.021228 0.101409
0.234616 -0.096883 0.130971
0.307459 -0.172537 0.160534
0.380302 -0.248191 0.190097
0.454209 -0.324950 0.220091
0.471885 -0.401709 0.250085
0.397978 -0.478468 0.280079
0.324072 -0.444773 0.310074
0.250165 -0.368014 0.340068
0.176259 -0.291255 0.370062
0.102352 -0.214496 0.400056
0.028446 -0.137737 0.430051
-0.045461 -0.060979 0.460045
-0.119368 0.015780 0.490039
-0.194323 0.093628 0.479541
-0.269278 0.171476 0.449121
-0.344232 0.249324 0.418701
-0.419187 0.327172 0.388281
-0.494142 0.405019 0.357862
-0.430903 0.482867 0.327442
-0.355948 0.560715 0.297022
-0.338999 0.558494 0.273019
-0.409059 0.436171 0.258640
-0.479119 0.313847 0.244262
-0.449854 0.189836 0.229685
-0.378827 0.065824 0.215108
-0.307801 -0.058187 0.200532
-0.236774 -0.182198 0.185955
-0.165747 -0.306209 0.171378
-0.094721 -0.430220 0.156801
-0.023694 -0.445769 0.142225
0.047332 -0.321758 0.127648
0.118359 -0.197747 0.113071
0.189385 -0.073735 0.098494
0.261365 0.051940 0.083722
0.333345 0.177616 0.068949
0.405325 0.303292 0.054177
0.477305 0.428968 0.039405
0.450715 0.554644 0.024632
0.378735 0.680319 0.009860
0.306755 0.805995 -0.004913
0.234775 0.931671 -0.019685
0.162795 1.021019 -0.034457
0.090815 0.895343 -0.049230
0.017894 0.768025 -0.064195
-0.008785 0.767527 -0.059293
0.010778 0.893849 -0.034524
0.030341 1.020172 -0.009754
0.049904 1.123884 0.015016
0.069467 0.997561 0.039786
0.089030 0.871239 0.064555
0.108594 0.744916 0.089325
0.128157 0.618594 0.114095
0.147720 0.492271 0.138865
0.167532 0.364340 0.163950
0.187344 0.236408 0.189035
0.207157 0.108477 0.214121
0.226969 -0.019455 0.239206
0.246781 -0.147386 0.264291
0.266594 -0.275318 0.289377
0.286406 -0.403249 0.314462
0.306218 -0.468819 0.339547
0.326030 -0.340887 0.364632
0.345843 -0.212956 0.389717
0.365901 -0.083435 0.415114
0.385960 0.046086 0.440511
0.406018 0.175607 0.465908
0.426076 0.305128 0.491305
0.446135 0.434648 0.483298
0.466193 0.564169 0.457901
0.486252 0.693690 0.432504
0.493690 0.823211 0.407107
0.473631 0.952732 0.381710
0.453573 0.922997 0.356313
0.433271 0.791906 0.330608
0.412970 0.660815 0.304904
0.392668 0.529724 0.279199
0.372366 0.398633 0.253494
0.352065 0.267542 0.227789
0.331763 0.136451 0.202084
0.311461 0.005360 0.176380
0.291160 -0.125730 0.150675
0.270858 -0.256821 0.124970
0.250556 -0.387912 0.099265
0.230015 -0.479445 0.073256
0.209473 -0.346803 0.047247
0.188931 -0.214161 0.021238
0.168389 -0.081518 -0.004771
0.147847 0.051124 -0.030780
0.127305 0.183766 -0.056789
0.106764 0.316408 -0.082798
0.086222 0.449051 -0.108807
0.065680 0.581693 -0.134816
0.045138 0.714336 -0.160825
0.024359 0.848512 -0.187135
0.003579 0.982688 -0.213444
-0.017200 1.116864 -0.239754
-0.037979 1.024439 -0.266064
-0.058759 0.890263 -0.292373
-0.079538 0.756087 -0.318683
-0.100317 0.621911 -0.344993
-0.121097 0.487735 -0.371303
-0.141876 0.353559 -0.397612
-0.147271 0.272486 -0.352154
-0.142355 0.226300 -0.257796
-0.137439 0.180113 -0.163437
-0.132523 0.133926 -0.069079
-0.127607 0.087739 0.025279
-0.122691 0.041553 0.119638
-0.117775 -0.004634 0.213996
-0.112859 -0.050821 0.308354
-0.107943 -0.097008 0.402713
-0.103027 -0.143195 0.497071
-0.098110 -0.189381 0.408571
-0.093140 -0.236079 0.313170
-0.088170 -0.282776 0.217769
-0.083199 -0.329473 0.122368
-0.078229 -0.376170 0.026967
-0.073258 -0.422868 -0.068434
-0.068288 -0.469565 -0.163835
-0.063317 -0.483738 -0.259236
-0.058347 -0.437041 -0.354638
-0.053377 -0.390343 -0.450039
-0.048406 -0.343646 -0.454560
-0.043382 -0.296444 -0.358128
-0.038358 -0.249242 -0.261696
-0.033334 -0.202040 -0.165263
-0.028309 -0.154838 -0.068831
-0.023285 -0.107636 0.027601
-0.018261 -0.060434 0.124034
-0.013237 -0.013232 0.220466
-0.008213 0.033970 0.316899
-0.003188 0.081172 0.413331
0.001836 0.128374 0.490237
0.006913 0.176076 0.392784
0.011990 0.223777 0.295331
0.017068 0.271479 0.197878
0.022145 0.319180 0.100425
0.027222 0.366882 0.002972
0.032300 0.414584 -0.094481
0.037377 0.462285 -0.191933
0.042454 0.509987 -0.289386
0.047532 0.557688 -0.386839
0.052609 0.605390 -0.484292
0.057739 0.653586 -0.417245
0.062869 0.701782 -0.318782
0.067999 0.749977 -0.220319
0.073129 0.798173 -0.121857
0.078259 0.846369 -0.023394
0.083389 0.894564 0.075069
0.088519 0.942760 0.173532
0.093649 0.990956 0.271994
0.098779 1.039152 0.370457
0.103909 1.087348 0.468920
0.109091 1.136033 0.431618
0.114273 1.184718 0.332155
0.119455 1.233404 0.232693
0.124637 1.282089 0.133230
0.129819 1.330774 0.033768
0.135001 1.379459 -0.065695
0.140183 1.428144 -0.165157
0.145365 1.431045 -0.264619
0.150547 1.382360 -0.364082
0.155729 1.333675 -0.463545
0.160962 1.284506 -0.436003
0.166196 1.235337 -0.335551
0.171430 1.186168 -0.235099
0.176663 1.136999 -0.134647
0.181897 1.087830 -0.034195
0.187130 1.038661 0.066257
0.192364 0.989492 0.166709
0.197598 0.940322 0.267161
0.202831 0.891152 0.367613
0.208065 0.841983 0.468065
0.213349 0.792333 0.430502
0.218634 0.742684 0.329070
0.223919 0.693034 0.227638
0.229204 0.643385 0.126206
0.234488 0.593735 0.024774
0.239773 0.544086 -0.076659
0.245058 0.494436 -0.178091
0.250342 0.444787 -0.279523
0.255627 0.395138 -0.380955
0.260911 0.345489 -0.482387
0.266247 0.295364 -0.415210
0.271582 0.245240 -0.312807
0.276917 0.195115 -0.210404
0.282252 0.144991 -0.108001
0.287587 0.094867 -0.005598
0.292923 0.044742 0.096805
0.298258 -0.005382 0.199207
0.303593 -0.055507 0.301610
0.308928 -0.105631 0.404013
0.314264 -0.155756 0.493584
0.319649 -0.206351 0.390220
0.325034 -0.256946 0.286855
0.330419 -0.307541 0.183491
0.335805 -0.358136 0.080127
0.341190 -0.408731 -0.023238
0.346575 -0.459326 -0.126602
0.351960 -0.490079 -0.229967
0.357346 -0.439484 -0.333331
0.362731 -0.388888 -0.436695
0.368116 -0.338293 -0.459940
0.373551 -0.287232 -0.355623
0.378986 -0.236170 -0.251306
0.384421 -0.185109 -0.146989
0.389857 -0.134048 -0.042672
0.395292 -0.082986 0.061645
0.400727 -0.031925 0.165962
0.406162 0.019137 0.270279
0.411597 0.070198 0.374596
0.417032 0.121260 0.478913
0.422467 0.172321 0.416770
0.427951 0.223844 0.311509
0.433435 0.275368 0.206247
0.438919 0.326891 0.100986
0.444404 0.378415 -0.004275
0.449888 0.429938 -0.109536
0.455372 0.481462 -0.214797
0.460856 0.532985 -0.320059
0.466341 0.584509 -0.425320
0.471825 0.636032 -0.469419
0.477309 0.687556 -0.364158
0.482842 0.739537 -0.257961
0.488375 0.791519 -0.151764
0.493907 0.843501 -0.045567
0.499440 0.895483 0.060629
0.495027 0.947465 0.166826
0.489494 0.999446 0.273023
0.483961 1.051428 0.379220
0.478429 1.103409 0.485416
0.472896 1.155390 0.408387
0.467363 1.207371 0.302190
0.461782 1.259807 0.195066
0.456201 1.312242 0.087942
0.450620 1.364678 -0.019183
0.445039 1.417113 -0.126307
0.439458 1.469548 -0.233431
0.433876 1.521984 -0.340556
0.428295 1.574419 -0.447680
0.422714 1.626855 -0.445195
0.417133 1.679290 -0.338071
0.411552 1.731725 -0.230946
0.405923 1.784611 -0.122903
0.400294 1.726895 -0.014859
0.394665 1.674009 0.093185
0.389036 1.621123 0.201229
0.383407 1.568237 0.309273
0.377778 1.515351 0.417317
0.372149 1.462465 0.474639
0.366520 1.409579 0.366596
0.360891 1.356693 0.258552
0.355262 1.303807 0.150508
0.349585 1.250476 0.041552
0.343908 1.197144 -0.067403
0.338231 1.143812 -0.176359
0.332555 1.090480 -0.285315
0.326878 1.037148 -0.394270
0.321201 0.983816 -0.496774
0.315524 0.930484 -0.387819
0.309848 0.877153 -0.278863
0.304171 0.823821 -0.169908
0.298494 0.770489 -0.060952
0.330476 0.752924 -0.049537
0.387596 0.759500 -0.103752
0.444715 0.766075 -0.157967
0.498166 0.772651 -0.212182
0.441046 0.779227 -0.266397
0.383927 0.785802 -0.320612
0.326807 0.792378 -0.374827
0.269688 0.798953 -0.429042
0.212568 0.805529 -0.483257
0.155449 0.812105 -0.462528
0.097863 0.818734 -0.407871
0.040277 0.825363 -0.353213
-0.017309 0.831992 -0.298556
-0.074895 0.838621 -0.243898
-0.132480 0.845251 -0.189241
-0.190066 0.851880 -0.134583
-0.247652 0.858509 -0.079926
-0.305238 0.865138 -0.025268
-0.362824 0.871768 0.029390
-0.420410 0.878397 0.084047
-0.478458 0.885080 0.139144
-0.463494 0.891763 0.194240
-0.405445 0.898445 0.249337
-0.347397 0.905128 0.304434
-0.289349 0.911811 0.359531
-0.231300 0.918494 0.414627
-0.173252 0.925177 0.469724
-0.115203 0.931860 0.475179
-0.057155 0.938543 0.420083
0.000893 0.945226 0.364986
0.059400 0.951961 0.309454
0.117908 0.958696 0.253921
0.176415 0.965432 0.198389
0.234922 0.972167 0.142857
0.293430 0.978902 0.087325
0.351937 0.985638 0.031793
0.410444 0.992373 -0.023739
0.468952 0.999108 -0.079271
0.472541 1.005844 -0.134804
0.414034 1.012579 -0.190336
0.355071 1.019367 -0.246300
0.391195 1.040536 -0.164794
0.427319 1.061705 -0.083288
0.463443 1.082874 -0.001782
0.499567 1.104043 0.079725
0.464309 1.125213 0.161231
0.428185 1.146382 0.242737
0.392061 1.167551 0.324243
0.355937 1.188720 0.405749
0.319813 1.209889 0.487255
0.283412 1.231221 0.430614
0.247011 1.252552 0.348483
0.210611 1.273883 0.266353
0.174210 1.295215 0.184222
0.137809 1.316546 0.102091
0.101408 1.337877 0.019960
0.065007 1.359208 -0.062170
0.028606 1.380540 -0.144301
-0.007795 1.401871 -0.226432
-0.044196 1.423202 -0.308563
-0.080871 1.444695 -0.391313
-0.117547 1.466187 -0.474064
-0.154222 1.487679 -0.443186
-0.190898 1.509171 -0.360435
-0.227574 1.530664 -0.277684
-0.264249 1.552156 -0.194934
-0.300925 1.573648 -0.112183
-0.337601 1.595140 -0.029432
-0.374276 1.616633 0.053318
-0.410952 1.638125 0.136069
-0.447900 1.659777 0.219435
-0.484848 1.681429 0.302800
-0.478203 1.703081 0.386166
-0.441255 1.724733 0.469532
-0.404307 1.746385 0.447102
-0.367358 1.768037 0.363737
-0.330410 1.789689 0.280371
-0.293462 1.811341 0.197005
-0.256513 1.832993 0.113639
-0.219565 1.854645 0.030273
-0.182346 1.876455 -0.053703
-0.145127 1.898266 -0.137680
-0.107908 1.920076 -0.221657
-0.070689 1.941887 -0.305633
-0.033470 1.963697 -0.389610
0.003749 1.985508 -0.473587
0.040968 2.007318 -0.442437
0.078187 2.029129 -0.358460
0.115406 2.050940 -0.274483
0.152625 2.072750 -0.190507
0.190113 2.094718 -0.105924
0.227600 2.116686 -0.021341
0.265088 2.138654 0.063242
0.302576 2.160622 0.147825
0.340063 2.182590 0.232408
0.377551 2.204557 0.316991
0.415039 2.226525 0.401574
0.452527 2.248493 0.486157
0.490014 2.270461 0.429260
0.472498 2.292429 0.344677
0.434743 2.314554 0.259492
0.396989 2.336679 0.174307
0.359234 2.358805 0.089122
0.321480 2.380930 0.003937
0.283725 2.403055 -0.081247
0.245971 2.425180 -0.166432
0.208216 2.447306 -0.251617
0.170462 2.469431 -0.336802
0.132708 2.491556 -0.421987
0.094953 2.513681 -0.492828
0.056934 2.535962 -0.407045
0.018914 2.558242 -0.321262
-0.019105 2.578142 -0.235480
-0.057125 2.537426 -0.149697
-0.095144 2.515146 -0.063914
-0.133164 2.492866 0.021868
-0.171183 2.470586 0.107651
-0.209203 2.430886 0.193434
-0.272412 2.363925 0.202463
-0.346416 2.345037 0.178597
-0.420933 2.331860 0.154567
-0.495450 2.329428 0.130536
-0.430033 2.326996 0.106505
-0.355516 2.324564 0.082475
-0.281000 2.322132 0.058444
-0.206483 2.319700 0.034413
-0.131966 2.317268 0.010382
-0.057450 2.314837 -0.013648
0.017067 2.312405 -0.037679
0.091584 2.304182 -0.061710
0.166609 2.301235 -0.085904
0.241635 2.298786 -0.110099
0.316660 2.296338 -0.134294
0.391685 2.293889 -0.158489
0.466711 2.291440 -0.182683
0.458264 2.288992 -0.206878
0.383239 2.286543 -0.231073
0.308214 2.284095 -0.255268
0.233188 2.281646 -0.279462
0.158163 2.279198 -0.303657
0.082632 2.276732 -0.328015
0.007102 2.274267 -0.352372
-0.068429 2.271802 -0.376730
-0.143959 2.269337 -0.401088
-0.219490 2.266871 -0.425446
-0.295021 2.264406 -0.449803
-0.370551 2.261941 -0.474161
-0.446082 2.259476 -0.498519
-0.478387 2.257010 -0.477123
-0.402857 2.254545 -0.452766
-0.326824 2.252063 -0.428246
-0.250791 2.249581 -0.403727
-0.174759 2.247099 -0.379207
-0.098726 2.244617 -0.354687
-0.022694 2.242136 -0.330168
0.053338 2.239654 -0.305648
0.129371 2.237172 -0.281129
0.205403 2.234690 -0.256609
0.281436 2.232208 -0.232090
0.357468 2.229726 -0.207570
0.434000 2.227227 -0.182890
0.489469 2.224729 -0.158209
0.412938 2.222230 -0.133529
0.336407 2.219731 -0.108849
0.259876 2.217233 -0.084168
0.183345 2.214734 -0.059488
0.106814 2.212235 -0.034808
0.030283 2.209737 -0.010127
-0.046249 2.207238 0.014553
-0.122780 2.204740 0.039233
-0.199806 2.202224 0.064073
-0.276832 2.199709 0.088913
-0.353859 2.197194 0.113753
-0.430885 2.194678 0.138594
-0.492088 2.192163 0.163434
-0.415062 2.189648 0.188274
-0.338035 2.187132 0.213114
-0.261009 2.184617 0.237954
-0.183983 2.182102 0.262794
-0.106956 2.179586 0.287634
-0.029438 2.177057 0.312633
0.048081 2.174527 0.337631
0.125600 2.171998 0.362630
0.203118 2.169468 0.387629
0.280637 2.166938 0.412628
0.358155 2.164409 0.437627
0.435674 2.161879 0.462625
0.486808 2.159349 0.487624
0.409289 2.156820 0.487377
0.331771 2.154290 0.462378
0.253763 2.151744 0.437222
0.175755 2.149198 0.412065
0.097748 2.146651 0.386909
0.019740 2.144105 0.361753
-0.058268 2.141559 0.336596
-0.136275 2.139012 0.311440
-0.214283 2.136466 0.286283
-0.292291 2.133920 0.261127
-0.370298 2.131373 0.235970
-0.448306 2.128827 0.210814
-0.473200 2.126264 0.185501
-0.394707 2.123701 0.160188
-0.316213 2.121138 0.134874
-0.237720 2.118575 0.109561
-0.159226 2.116012 0.084248
-0.080732 2.113449 0.058935
-0.002238 2.110886 0.033621
0.076255 2.108323 0.008308
0.154749 2.105760 -0.017005
0.233243 2.103197 -0.042318
0.312219 2.100620 -0.067787
0.391196 2.098042 -0.093256
0.470173 2.095465 -0.118725
0.450850 2.092888 -0.144194
0.371874 2.090311 -0.169664
0.292897 2.087733 -0.195133
0.213920 2.085156 -0.220602
0.134943 2.082579 -0.246071
0.055967 2.080001 -0.271540
-0.023010 2.077424 -0.297009
-0.102467 2.074830 -0.322633
-0.181924 2.072236 -0.348256
-0.261381 2.069642 -0.373880
-0.340838 2.067048 -0.399504
-0.420295 2.064454 -0.425128
-0.499751 2.061860 -0.450751
-0.420792 2.059266 -0.476375
-0.341335 2.056672 -0.498001
-0.261878 2.054078 -0.472377
-0.182421 2.051484 -0.446754
-0.102487 2.048873 -0.420976
-0.022553 2.046263 -0.395198
0.057381 2.043652 -0.369420
0.137315 2.041041 -0.343642
0.217249 2.038431 -0.317865
0.297183 2.035820 -0.292087
0.377117 2.033209 -0.266309
0.457051 2.030599 -0.240531
0.463014 2.027988 -0.214753
0.383080 2.025377 -0.188976
0.302672 2.022752 -0.163045
0.222264 2.020127 -0.137114
0.141855 2.017502 -0.111183
0.061447 2.014877 -0.085253
-0.018962 2.012252 -0.059322
-0.099370 2.009627 -0.033391
-0.179779 2.007002 -0.007461
-0.260187 2.004377 0.018470
-0.340596 2.001752 0.044401
-0.421004 1.999127 0.070332
-0.498116 1.996487 0.096414
-0.417235 1.993846 0.122497
-0.336355 1.991206 0.148580
-0.255475 1.988565 0.174663
-0.174595 1.985925 0.200746
-0.093715 1.983284 0.226829
-0.012835 1.980644 0.252912
0.068045 1.978004 0.278994
0.148925 1.975363 0.305077
0.229806 1.972723 0.331160
0.311155 1.970067 0.357394
0.392504 1.967411 0.383628
0.473853 1.964755 0.409862
0.444798 1.962099 0.436096
0.363449 1.959443 0.462330
0.282100 1.956787 0.488564
0.200751 1.954131 0.485202
0.119402 1.951475 0.458968
0.038053 1.948819 0.432734
-0.043296 1.946163 0.406500
-0.125111 1.943491 0.380115
-0.206926 1.940820 0.353731
-0.288741 1.938148 0.327347
-0.370556 1.935477 0.300962
-0.452371 1.932805 0.274578
-0.465814 1.930134 0.248194
-0.383998 1.927462 0.221809
-0.302183 1.924791 0.195425
-0.220368 1.922119 0.169040
-0.138553 1.919448 0.142656
-0.056274 1.916762 0.116122
0.026004 1.914076 0.089588
0.108283 1.911391 0.063054
0.190562 1.908705 0.036521
0.272840 1.906019 0.009987
0.355119 1.903333 -0.016547
0.437398 1.900647 -0.043081
0.480323 1.897962 -0.069615
0.398044 1.895276 -0.096149
0.315765 1.892590 -0.122683
0.233026 1.889889 -0.149365
0.150286 1.887187 -0.176047
0.067546 1.884486 -0.202730
-0.015193 1.881785 -0.229412
-0.097933 1.879084 -0.256095
-0.180672 1.876382 -0.282777
-0.263412 1.873681 -0.309460
-0.346152 1.870980 -0.336143
-0.428891 1.868279 -0.362825
-0.488369 1.865577 -0.389508
-0.405171 1.862860 -0.416338
-0.321973 1.860144 -0.443169
-0.238775 1.857427 -0.469999
-0.155577 1.854710 -0.496830
-0.072379 1.851993 -0.476340
0.010819 1.849277 -0.449509
0.094017 1.846560 -0.422679
0.177215 1.843843 -0.395849
0.260413 1.841126 -0.369018
0.343611 1.838409 -0.342188
0.427265 1.835678 -0.315210
0.489081 1.832947 -0.288233
0.405427 1.830216 -0.261256
0.321773 1.827485 -0.234278
0.238119 1.824754 -0.207301
0.154465 1.822023 -0.180324
0.070811 1.819292 -0.153346
-0.012843 1.816561 -0.126369
-0.096497 1.813830 -0.099391
-0.180151 1.811099 -0.072414
-0.264258 1.808353 -0.045291
-0.348365 1.805608 -0.018167
-0.432472 1.802862 0.008957
-0.483420 1.800117 0.036080
-0.399313 1.797372 0.063204
-0.315206 1.794626 0.090327
-0.231099 1.791881 0.117451
-0.146991 1.789135 0.144574
-0.062884 1.786390 0.171698
0.021223 1.783645 0.198821
0.105782 1.780884 0.226090
0.190340 1.778123 0.253359
0.274898 1.775362 0.280629
0.359457 1.772601 0.307898
0.444015 1.769840 0.335167
0.471426 1.767079 0.362436
0.386868 1.764318 0.389705
0.302310 1.761558 0.416974
0.217751 1.758797 0.444243
0.133193 1.756036 0.471512
0.048186 1.753261 0.498926
-0.036821 1.750485 0.473660
-0.121828 1.747710 0.446247
-0.206835 1.744935 0.418833
-0.291842 1.742160 0.391419
-0.376849 1.739385 0.364006
-0.461856 1.736609 0.336592
-0.453137 1.733834 0.309178
-0.368130 1.731059 0.281765
-0.283123 1.728284 0.254351
-0.197670 1.725494 0.226793
-0.112217 1.722705 0.199236
-0.026764 1.719915 0.171678
0.058689 1.717126 0.144120
0.144142 1.714336 0.116563
0.229595 1.711547 0.089005
0.315048 1.708757 0.061448
0.400502 1.705968 0.033890
0.485955 1.703178 0.006332
0.428592 1.700389 -0.021225
0.342695 1.697585 -0.048926
0.256798 1.694781 -0.076627
0.170901 1.691978 -0.104327
0.085004 1.689174 -0.132028
-0.000893 1.686370 -0.159729
-0.086790 1.683566 -0.187429
-0.172688 1.680762 -0.215130
-0.258585 1.677958 -0.242831
-0.344482 1.675155 -0.270531
-0.430379 1.672351 -0.298232
-0.483282 1.669532 -0.326075
-0.396943 1.666712 -0.353918
-0.310605 1.663893 -0.381761
-0.224266 1.661074 -0.409605
-0.137927 1.658254 -0.437448
-0.051588 1.655435 -0.465291
0.034750 1.652616 -0.493134
0.121089 1.649796 -0.479023
0.207428 1.646977 -0.451180
0.293766 1.644158 -0.423337
0.380544 1.641324 -0.395352
0.467323 1.638491 -0.367367
0.445899 1.635657 -0.339382
0.359121 1.632823 -0.311397
0.272343 1.629990 -0.283412
0.185565 1.627156 -0.255427
0.098787 1.624323 -0.227442
0.012009 1.621489 -0.199457
-0.074769 1.618655 -0.171472
-0.161547 1.615822 -0.143488
-0.248763 1.612974 -0.115362
-0.335978 1.610126 -0.087236
-0.423193 1.607278 -0.059110
-0.489591 1.604430 -0.030984
-0.402376 1.601582 -0.002858
-0.315161 1.598734 0.025267
-0.227946 1.595886 0.053393
-0.140730 1.593039 0.081519
-0.053515 1.590191 0.109645
0.033700 1.587343 0.137771
0.121350 1.584482 0.166037
0.209001 1.581621 0.194303
0.296651 1.578760 0.222569
0.384301 1.575899 0.250836
0.471951 1.573038 0.279102
0.440399 1.570177 0.307368
0.352749 1.567316 0.335634
0.265098 1.564455 0.363900
0.177448 1.561594 0.392166
