-0.310339 0.066410 0.410747
-0.315134 0.072201 0.435447
-0.319929 0.077993 0.460148
-0.324724 0.083785 0.484849
-0.329519 0.012711 0.490450
-0.334314 -0.136290 0.465750
-0.333852 -0.223809 0.453332
-0.362880 -0.277599 0.457487
-0.391907 -0.304344 0.461642
-0.420934 -0.335075 0.465796
-0.449961 -0.364531 0.469951
-0.485512 -0.372817 0.475040
-0.478937 -0.396463 0.480129
-0.443386 -0.432139 0.485217
-0.426646 -0.448952 0.482743
-0.414609 -0.454105 0.478377
-0.402572 -0.458835 0.474012
-0.390535 -0.463566 0.469647
-0.378498 -0.468296 0.465281
-0.366460 -0.473027 0.460916
-0.354423 -0.477758 0.456550
-0.366319 -0.484892 0.450168
-0.389270 -0.492743 0.443210
-0.412221 -0.499406 0.436252
-0.435171 -0.491555 0.429295
-0.458122 -0.483703 0.422337
-0.481073 -0.475852 0.415379
-0.495976 -0.468001 0.408422
-0.473026 -0.460150 0.401464
-0.450075 -0.452299 0.394506
-0.427124 -0.444448 0.387549
-0.401464 -0.435670 0.379770
-0.375804 -0.426892 0.371991
-0.350145 -0.418115 0.364212
-0.324485 -0.409337 0.356433
-0.298825 -0.400559 0.348654
-0.273165 -0.391782 0.340875
-0.247505 -0.383004 0.333096
-0.221846 -0.374226 0.325317
-0.196186 -0.365449 0.317538
-0.170526 -0.356671 0.309759
-0.142418 -0.347056 0.301237
-0.114309 -0.337440 0.292716
-0.086200 -0.327825 0.284195
-0.058091 -0.318209 0.275673
-0.029983 -0.308594 0.267152
-0.001874 -0.298979 0.258631
0.026235 -0.289363 0.250109
0.054343 -0.279748 0.241588
0.082452 -0.270132 0.233066
0.110561 -0.260517 0.224545
0.120591 -0.256071 0.220889
0.083181 -0.256461 0.230180
0.045772 -0.262427 0.239470
0.008363 -0.268394 0.248761
-0.029047 -0.274360 0.258052
-0.066456 -0.280326 0.267342
-0.068697 -0.292894 0.265278
-0.055865 -0.308291 0.258348
-0.043034 -0.323688 0.251418
-0.030202 -0.339084 0.244487
-0.016485 -0.355544 0.237079
-0.002767 -0.372004 0.229670
0.010950 -0.388464 0.222261
0.024668 -0.404924 0.214853
0.042507 -0.415970 0.222864
0.063812 -0.398156 0.195599
0.067039 -0.344918 0.140728
0.071936 -0.342863 0.158780
0.077946 -0.374929 0.225446
0.083956 -0.406995 0.292113
0.090330 -0.441006 0.362823
0.096705 -0.475017 0.433534
0.103079 -0.490972 0.495756
0.109454 -0.456961 0.425045
0.115829 -0.422950 0.354335
0.122203 -0.388939 0.283624
0.128578 -0.354928 0.212914
0.134952 -0.320917 0.142204
0.141327 -0.286906 0.071493
0.147701 -0.252895 0.000783
0.154421 -0.217045 -0.073752
0.163453 -0.189307 -0.133945
0.193300 -0.234589 -0.065057
0.223147 -0.279870 0.003831
0.252994 -0.325152 0.072719
0.282840 -0.370434 0.141607
0.312687 -0.415715 0.210495
0.342534 -0.460997 0.279383
0.372380 -0.493721 0.348271
0.402227 -0.448440 0.417159
0.433531 -0.400948 0.489410
0.464834 -0.353456 0.438340
0.496138 -0.305964 0.366089
0.472559 -0.258473 0.293839
0.441256 -0.210981 0.221589
0.409952 -0.163489 0.149338
0.378649 -0.115997 0.077088
0.347345 -0.068505 0.004837
0.316042 -0.021013 -0.067413
0.284738 -0.053159 -0.139664
0.276032 -0.087337 -0.159537
0.303310 -0.098374 -0.096026
0.330588 -0.109412 -0.032515
0.357866 -0.120450 0.030996
0.385144 -0.131488 0.094507
0.412422 -0.142525 0.158018
0.439700 -0.153563 0.221529
0.466979 -0.164601 0.285040
0.494257 -0.175638 0.348551
0.478465 -0.186676 0.412062
0.450073 -0.198165 0.478166
0.421681 -0.209653 0.455730
0.393289 -0.221142 0.389625
0.364897 -0.232630 0.323521
0.336505 -0.244119 0.257417
0.291185 -0.303496 0.287386
0.243983 -0.368194 0.328030
0.196782 -0.432892 0.368674
0.149581 -0.497590 0.409319
0.102380 -0.437711 0.449963
0.053397 -0.370571 0.492141
0.004414 -0.303431 0.465681
-0.044568 -0.236290 0.423502
-0.093551 -0.169149 0.381324
-0.142534 -0.102009 0.339146
-0.191517 -0.034868 0.296967
-0.234155 0.016581 0.264340
-0.219690 -0.052516 0.317670
-0.205225 -0.125083 0.371000
-0.190759 -0.197650 0.424330
-0.175786 -0.272764 0.479532
-0.160813 -0.347878 0.465267
-0.154547 -0.401227 0.433612
-0.183111 -0.367514 0.496145
-0.211674 -0.333800 0.441321
-0.240238 -0.300087 0.378788
-0.268802 -0.266374 0.316255
-0.297365 -0.232661 0.253721
-0.325929 -0.198947 0.191188
-0.354493 -0.165234 0.128655
-0.383993 -0.130415 0.064071
-0.413494 -0.095596 -0.000513
-0.442994 -0.060777 -0.065098
-0.472495 -0.025958 -0.129682
-0.498005 0.008861 -0.194266
-0.468504 0.043680 -0.258850
-0.439004 0.078499 -0.323434
-0.409504 0.080009 -0.388018
-0.380003 0.045190 -0.452602
-0.350503 0.010371 -0.482814
-0.320095 -0.025519 -0.416242
-0.289686 -0.061410 -0.349670
-0.259278 -0.097301 -0.283098
-0.228870 -0.133191 -0.216527
-0.198462 -0.169082 -0.149955
-0.168054 -0.204972 -0.083383
-0.137645 -0.240863 -0.016811
-0.107237 -0.276754 0.049761
-0.076829 -0.312644 0.116333
-0.046421 -0.348535 0.182904
-0.015131 -0.385466 0.251406
0.016159 -0.422397 0.319908
0.047449 -0.459328 0.388410
0.078739 -0.496259 0.456912
0.110029 -0.466810 0.474586
0.141319 -0.429879 0.406085
0.172608 -0.392948 0.337583
0.203898 -0.356017 0.269081
0.235188 -0.319086 0.200579
0.266478 -0.282155 0.132077
0.298625 -0.244211 0.061698
0.330772 -0.206268 -0.008681
0.362920 -0.168325 -0.079059
0.395067 -0.130382 -0.149438
0.427214 -0.092439 -0.219817
0.459361 -0.054496 -0.290196
0.491508 -0.016553 -0.360575
0.476345 0.021390 -0.430954
0.444197 0.059334 -0.498666
0.412050 0.097277 -0.428287
0.379068 0.136206 -0.356080
0.346085 0.175134 -0.283873
0.313103 0.214063 -0.211666
0.280120 0.234733 -0.139459
0.247138 0.195805 -0.067251
0.214155 0.156876 0.004956
0.181173 0.117947 0.077163
0.148190 0.079018 0.149370
0.115208 0.040089 0.221578
0.082226 0.001160 0.293785
0.048429 -0.038730 0.367775
0.014632 -0.078620 0.441766
-0.019165 -0.118510 0.484243
-0.052962 -0.158400 0.410253
-0.086759 -0.198291 0.336262
-0.120556 -0.238181 0.262272
-0.154353 -0.278071 0.188281
-0.188149 -0.317961 0.114291
-0.221946 -0.357851 0.040301
-0.255743 -0.397741 -0.033690
-0.290335 -0.438570 -0.109421
-0.324928 -0.479399 -0.185153
-0.359520 -0.479772 -0.260884
-0.394112 -0.438943 -0.336616
-0.428704 -0.398114 -0.412348
-0.463296 -0.357285 -0.488079
-0.497888 -0.316456 -0.436189
-0.467520 -0.275628 -0.360458
-0.432927 -0.234799 -0.284726
-0.398335 -0.193970 -0.208994
-0.362966 -0.152223 -0.131561
-0.327596 -0.110477 -0.054127
-0.343181 -0.127855 -0.026618
-0.392735 -0.184651 -0.032393
-0.442289 -0.241446 -0.038167
-0.491844 -0.298242 -0.043942
-0.458602 -0.355037 -0.049716
-0.474203 -0.344260 -0.057649
-0.466758 -0.288434 -0.067020
-0.407719 -0.232608 -0.076392
-0.347410 -0.175581 -0.085965
-0.287101 -0.118554 -0.095538
-0.226792 -0.061527 -0.105111
-0.166483 -0.004500 -0.114684
-0.106175 0.052526 -0.124257
-0.045866 0.109553 -0.133831
0.014443 0.166580 -0.143404
0.074752 0.223607 -0.152977
0.135060 0.280634 -0.162550
0.195369 0.337661 -0.172123
0.256921 0.395863 -0.181893
0.318474 0.454066 -0.191664
0.380026 0.512269 -0.201435
0.441578 0.489165 -0.211205
0.496870 0.430962 -0.220976
0.435317 0.372759 -0.230746
0.373765 0.314557 -0.240517
0.312213 0.256354 -0.250287
0.250661 0.198151 -0.260058
0.189108 0.139948 -0.269828
0.126337 0.080593 -0.279792
0.063566 0.021238 -0.289756
0.000794 -0.038118 -0.299720
-0.061977 -0.097473 -0.309684
-0.124748 -0.156829 -0.319649
-0.187519 -0.216184 -0.329613
-0.250291 -0.275540 -0.339577
-0.313062 -0.334895 -0.349541
-0.375834 -0.394251 -0.359505
-0.438605 -0.453606 -0.369469
-0.497428 -0.485908 -0.379623
-0.433461 -0.425421 -0.389776
-0.369494 -0.364935 -0.399930
-0.305527 -0.304449 -0.410084
-0.241559 -0.243963 -0.420237
-0.177592 -0.183477 -0.430391
-0.113625 -0.122991 -0.440545
-0.102384 -0.108483 -0.460980
-0.170231 -0.162942 -0.496838
-0.238078 -0.217401 -0.467304
-0.307170 -0.272859 -0.430787
-0.376263 -0.328317 -0.394271
-0.445355 -0.383775 -0.357755
-0.485553 -0.439234 -0.321239
-0.416461 -0.494692 -0.284723
-0.347368 -0.449850 -0.248206
-0.278276 -0.394392 -0.211690
-0.209184 -0.338933 -0.175174
-0.140092 -0.283475 -0.138658
-0.071000 -0.228017 -0.102142
-0.000685 -0.171577 -0.064979
0.069631 -0.115137 -0.027817
0.139946 -0.058697 0.009346
0.210261 -0.002257 0.046509
0.280576 0.054183 0.083671
0.350891 0.110623 0.120834
0.421206 0.167064 0.157996
0.491521 0.223504 0.195159
0.438164 0.279944 0.232321
0.367849 0.336384 0.269484
0.296332 0.393788 0.307282
0.224815 0.451193 0.345080
0.153297 0.508598 0.382878
0.081780 0.566003 0.420676
0.010263 0.623408 0.458474
-0.061254 0.680812 0.496272
-0.132771 0.738217 0.465930
-0.204289 0.769561 0.428132
-0.275806 0.712157 0.390334
-0.347323 0.654752 0.352536
-0.420023 0.596399 0.314114
-0.492722 0.538045 0.275691
-0.434578 0.479691 0.237268
-0.361879 0.421337 0.198846
-0.289180 0.362984 0.160423
-0.216480 0.304630 0.122000
-0.143781 0.246276 0.083578
-0.071081 0.187922 0.045155
0.001618 0.129568 0.006732
0.074317 0.071215 -0.031690
0.148180 0.011927 -0.070728
0.222043 -0.047360 -0.109765
0.295905 -0.106648 -0.148803
0.369768 -0.165935 -0.187840
0.443631 -0.225223 -0.226878
0.482507 -0.284511 -0.265915
0.408644 -0.343798 -0.304953
0.334781 -0.403086 -0.343990
0.260919 -0.462373 -0.383027
0.187056 -0.478339 -0.422065
0.112048 -0.418133 -0.461708
0.037040 -0.357926 -0.498650
-0.037967 -0.297719 -0.459007
-0.112975 -0.237513 -0.419364
-0.187983 -0.177306 -0.379721
-0.262991 -0.117099 -0.340079
-0.337999 -0.056892 -0.300436
-0.413007 0.003314 -0.260793
-0.488015 0.063521 -0.221150
-0.436977 0.123728 -0.181508
-0.498987 0.096702 -0.211580
-0.434952 0.069676 -0.241653
-0.370917 0.042650 -0.271725
-0.306881 0.015624 -0.301798
-0.242846 -0.011402 -0.331871
-0.178811 -0.038428 -0.361943
-0.114775 -0.065453 -0.392016
-0.050740 -0.092479 -0.422089
0.013295 -0.119505 -0.452161
0.077331 -0.146531 -0.482234
0.142301 -0.173952 -0.487255
0.207271 -0.201372 -0.456743
0.272241 -0.228793 -0.426231
0.337212 -0.256213 -0.395720
0.402182 -0.283634 -0.365208
0.467152 -0.311054 -0.334696
0.467878 -0.338475 -0.304185
0.402907 -0.365895 -0.273673
0.337937 -0.393316 -0.243162
0.272967 -0.420737 -0.212650
0.207075 -0.448546 -0.181705
0.141183 -0.476355 -0.150761
0.075291 -0.495835 -0.119816
0.009399 -0.468026 -0.088872
-0.056493 -0.440216 -0.057927
-0.122384 -0.412407 -0.026983
-0.188276 -0.384597 0.003961
-0.254168 -0.356788 0.034906
-0.320060 -0.328979 0.065850
-0.385952 -0.301169 0.096795
-0.452752 -0.272976 0.128166
-0.480447 -0.244783 0.159537
-0.413646 -0.216590 0.190909
-0.346846 -0.188397 0.222280
-0.280045 -0.160204 0.253651
-0.213244 -0.132011 0.285023
-0.146443 -0.103818 0.316394
-0.079643 -0.075625 0.347766
-0.012842 -0.047432 0.379137
0.053959 -0.019239 0.410508
0.121656 0.009332 0.442301
0.189354 0.037904 0.474093
0.257051 0.066475 0.494114
0.324749 0.095047 0.462322
0.392446 0.123618 0.430529
0.460144 0.152190 0.398737
0.472159 0.180761 0.366944
0.404462 0.209333 0.335151
0.336764 0.237904 0.303359
0.269067 0.266476 0.271566
0.200484 0.295421 0.239358
0.131902 0.324366 0.207151
0.063319 0.353311 0.174943
-0.005263 0.382255 0.142735
-0.073846 0.411200 0.110527
-0.142428 0.440145 0.078319
-0.211010 0.469090 0.046111
-0.279593 0.498035 0.013903
-0.348175 0.526980 -0.018306
-0.416757 0.555925 -0.050514
-0.486214 0.585239 -0.083132
-0.444330 0.614553 -0.115750
-0.374874 0.643866 -0.148369
-0.305418 0.673180 -0.180987
-0.235962 0.702493 -0.213605
-0.166506 0.731807 -0.246224
-0.097050 0.761120 -0.278842
-0.027594 0.790434 -0.311460
0.041862 0.819748 -0.344079
0.111318 0.849061 -0.376697
0.181637 0.878739 -0.409721
0.251956 0.908417 -0.442744
0.322275 0.938094 -0.475768
0.392594 0.967772 -0.491208
0.462913 0.997450 -0.458185
0.466768 0.990978 -0.425161
0.396449 0.961300 -0.392137
0.326131 0.931623 -0.359114
0.255812 0.901945 -0.326090
0.185493 0.872267 -0.293067
0.114321 0.842229 -0.259643
0.043150 0.812191 -0.226219
-0.028021 0.782154 -0.192795
-0.099193 0.752116 -0.159371
-0.170364 0.722078 -0.125947
-0.241535 0.692040 -0.092523
-0.312707 0.662003 -0.059099
-0.383878 0.631965 -0.025676
-0.455049 0.601927 0.007748
-0.473780 0.571889 0.041172
-0.401766 0.541496 0.074992
-0.329752 0.511103 0.108811
-0.257739 0.480710 0.142630
-0.185725 0.450317 0.176450
-0.113711 0.419924 0.210269
-0.041698 0.389531 0.244088
0.030316 0.359138 0.277908
0.102330 0.328745 0.311727
0.174343 0.298352 0.345547
0.246357 0.267959 0.379366
0.319203 0.237215 0.413576
0.392049 0.206470 0.447787
0.464895 0.175726 0.481997
0.462259 0.144981 0.483792
0.389413 0.114237 0.449582
0.316566 0.083492 0.415372
0.243720 0.052748 0.381161
0.170874 0.022003 0.346951
0.098028 -0.008741 0.312741
0.025182 -0.039486 0.278530
-0.048487 -0.070577 0.243933
-0.122157 -0.101669 0.209336
-0.195826 -0.132761 0.174739
-0.269495 -0.163853 0.140143
-0.343165 -0.194945 0.105546
-0.416834 -0.226037 0.070949
-0.490503 -0.257129 0.036352
-0.435828 -0.288220 0.001755
-0.362158 -0.319312 -0.032842
-0.288489 -0.350404 -0.067439
-0.214006 -0.381840 -0.102419
-0.139523 -0.413275 -0.137398
-0.065039 -0.444711 -0.172377
0.009444 -0.476146 -0.207356
0.083928 -0.492418 -0.242336
0.158411 -0.460983 -0.277315
0.232894 -0.429547 -0.312294
0.307378 -0.398112 -0.347274
0.381861 -0.366676 -0.382253
0.456345 -0.335241 -0.417232
0.468367 -0.303466 -0.452590
0.393078 -0.271690 -0.487947
0.317789 -0.239915 -0.476695
0.242501 -0.208140 -0.441338
0.167212 -0.176365 -0.405981
0.091923 -0.144589 -0.370623
0.016635 -0.112814 -0.335266
-0.058654 -0.081039 -0.299908
-0.133942 -0.049264 -0.264551
-0.209231 -0.017488 -0.229193
-0.285316 0.014623 -0.193462
-0.361402 0.046735 -0.157730
-0.437487 0.078846 -0.121998
-0.486428 0.110958 -0.086267
-0.410342 0.143070 -0.050535
-0.334257 0.175181 -0.014803
-0.258172 0.207293 0.020928
-0.182086 0.239404 0.056660
-0.106001 0.271516 0.092391
-0.029916 0.303628 0.128123
0.046958 0.336072 0.164225
0.123832 0.368516 0.200327
0.200706 0.400960 0.236429
0.277580 0.433405 0.272531
0.354454 0.465849 0.308633
0.431328 0.498293 0.344734
0.491799 0.530738 0.380836
0.414925 0.563182 0.416938
0.338051 0.595627 0.453040
0.261177 0.628072 0.489142
0.183523 0.660845 0.474389
0.105868 0.693619 0.437921
0.028214 0.726393 0.401452
-0.049440 0.759166 0.364984
-0.127095 0.791940 0.328515
-0.204749 0.824713 0.292047
-0.282403 0.857487 0.255578
-0.360058 0.890261 0.219110
-0.437712 0.923034 0.182641
-0.484634 0.955808 0.146173
-0.406207 0.988907 0.109342
-0.327780 1.022007 0.072511
-0.249353 1.055107 0.035679
-0.170926 1.088206 -0.001152
-0.092499 1.121306 -0.037983
-0.014072 1.154406 -0.074815
0.064355 1.187505 -0.111646
0.142782 1.220605 -0.148477
0.221209 1.253705 -0.185309
0.299636 1.286804 -0.222140
0.378828 1.320227 -0.259331
0.458021 1.353650 -0.296521
0.462787 1.387072 -0.333712
0.383595 1.420495 -0.370902
0.304403 1.453918 -0.408093
0.225211 1.487341 -0.445284
0.146018 1.520763 -0.482474
0.066826 1.554186 -0.480335
-0.012366 1.587609 -0.443145
-0.091558 1.599523 -0.405954
-0.171508 1.565781 -0.368407
-0.251458 1.532039 -0.330861
-0.331408 1.498297 -0.293315
-0.411358 1.464555 -0.255768
-0.491308 1.430812 -0.218222
-0.428742 1.397070 -0.180675
-0.348791 1.363328 -0.143129
-0.268841 1.329586 -0.105582
-0.188891 1.295844 -0.068036
-0.108941 1.262102 -0.030489
-0.028241 1.228042 0.007410
0.052460 1.193983 0.045309
0.133161 1.159924 0.083208
0.213861 1.125864 0.121107
0.294562 1.091805 0.159006
0.375263 1.057746 0.196905
0.455964 1.023687 0.234804
0.463336 0.989627 0.272703
0.382635 0.955568 0.310602
0.301934 0.921509 0.348501
0.220490 0.887135 0.386750
0.139045 0.852762 0.424998
0.057600 0.818388 0.463246
-0.023844 0.784015 0.498505
-0.105289 0.749642 0.460257
-0.186733 0.715268 0.422009
-0.268178 0.680895 0.383761
-0.349622 0.646521 0.345512
-0.431066 0.612148 0.307264
-0.487489 0.577775 0.269016
-0.405308 0.543090 0.230421
-0.323126 0.508406 0.191826
-0.240944 0.473721 0.153232
-0.158763 0.439036 0.114637
-0.076581 0.404352 0.076043
0.005600 0.369667 0.037448
0.087782 0.334983 -0.001146
0.169964 0.300298 -0.039741
0.252145 0.265614 -0.078335
0.334327 0.230929 -0.116930
0.417239 0.195937 -0.155868
0.499849 0.160944 -0.194805
0.416937 0.125951 -0.233743
0.334025 0.090958 -0.272680
0.251112 0.055966 -0.311618
0.168200 0.020973 -0.350556
0.085288 -0.014020 -0.389493
0.002376 -0.049013 -0.428431
-0.080536 -0.084005 -0.467369
-0.163448 -0.118998 -0.493694
-0.247084 -0.154296 -0.454416
-0.330721 -0.189595 -0.415139
-0.414357 -0.224893 -0.375861
-0.497993 -0.260191 -0.336583
-0.418370 -0.295490 -0.297305
-0.334734 -0.330788 -0.258028
-0.251098 -0.366087 -0.218750
-0.167462 -0.401385 -0.179472
-0.083825 -0.436684 -0.140195
-0.000189 -0.471982 -0.100917
0.084165 -0.492417 -0.061302
0.168519 -0.456815 -0.021688
0.252873 -0.421214 0.017927
0.337228 -0.385613 0.057542
0.421582 -0.350011 0.097157
0.494064 -0.314410 0.136772
0.409710 -0.278809 0.176387
0.325355 -0.243208 0.216002
0.241001 -0.207606 0.255616
0.156647 -0.172005 0.295231
0.071581 -0.136103 0.335180
-0.013485 -0.100201 0.375129
-0.098551 -0.064299 0.415079
-0.183617 -0.028398 0.455028
-0.268683 0.007504 0.494977
-0.353749 0.043406 0.465074
-0.438815 0.079308 0.425125
-0.476119 0.115210 0.385176
-0.391053 0.151111 0.345227
-0.305987 0.187013 0.305278
-0.220215 0.223213 0.264997
-0.134443 0.259413 0.224716
-0.048671 0.295613 0.184435
0.037101 0.331812 0.144155
0.122873 0.368012 0.103874
0.208645 0.404212 0.063593
0.294417 0.440411 0.023313
0.380189 0.476611 -0.016968
0.465961 0.512811 -0.057249
0.448267 0.549010 -0.097529
0.361795 0.585506 -0.138139
0.275323 0.622001 -0.178748
0.188851 0.658496 -0.219358
0.102379 0.694992 -0.259967
0.015907 0.731487 -0.300577
-0.070565 0.767982 -0.341186
-0.157037 0.804478 -0.381796
-0.243510 0.840973 -0.422406
-0.329982 0.877468 -0.463015
-0.416454 0.913964 -0.496375
-0.496380 0.950752 -0.455440
-0.409213 0.987541 -0.414504
-0.322046 1.024329 -0.373569
-0.234879 1.061117 -0.332633
-0.147713 1.097905 -0.291698
-0.060546 1.134693 -0.250762
0.026621 1.171481 -0.209826
0.113788 1.208269 -0.168891
0.200954 1.245057 -0.127955
0.288121 1.281845 -0.087019
0.375977 1.318924 -0.045760
0.463832 1.356003 -0.004501
0.448312 1.393082 0.036759
0.360456 1.430160 0.078018
0.272600 1.467239 0.119277
0.184745 1.504318 0.160537
0.096889 1.541397 0.201796
0.009033 1.578476 0.243055
-0.078823 1.615555 0.284314
-0.166679 1.652634 0.325574
-0.255218 1.690001 0.367154
-0.343757 1.727368 0.408735
-0.432297 1.764736 0.450315
-0.479164 1.802103 0.491895
-0.390624 1.839470 0.466524
-0.302085 1.876838 0.424944
-0.213545 1.910969 0.383363
-0.125006 1.873602 0.341783
-0.036467 1.836234 0.300202
0.052073 1.798867 0.258622
0.141291 1.761212 0.216723
0.230509 1.723558 0.174824
0.274625 1.716393 0.124300
0.213501 1.780372 0.053651
0.152378 1.844350 -0.016998
0.091254 1.908328 -0.087646
0.030131 1.963747 -0.158295
-0.030992 1.899768 -0.228944
-0.092116 1.835790 -0.299592
-0.153239 1.771812 -0.370241
-0.214824 1.707350 -0.441423
-0.276409 1.642889 -0.487395
-0.337993 1.578428 -0.416213
-0.399578 1.513967 -0.345031
-0.461163 1.449505 -0.273849
-0.477252 1.385044 -0.202667
-0.415668 1.320583 -0.131485
-0.354083 1.256122 -0.060303
-0.292498 1.191661 0.010879
-0.230914 1.127199 0.082061
-0.168871 1.062259 0.153772
-0.106828 0.997318 0.225483
-0.044786 0.932378 0.297194
0.017257 0.867437 0.368905
0.079300 0.802497 0.440617
0.141342 0.737557 0.487672
0.203385 0.672616 0.415961
0.265427 0.607676 0.344250
0.327470 0.542735 0.272539
0.389512 0.477795 0.200827
0.452010 0.412378 0.128591
0.485493 0.346962 0.056354
0.422996 0.281545 -0.015882
0.360499 0.216129 -0.088119
0.298001 0.150713 -0.160355
0.235504 0.085296 -0.232592
0.173007 0.019880 -0.304828
0.110510 -0.045537 -0.377065
0.048013 -0.110953 -0.449302
-0.014484 -0.176370 -0.478462
-0.077433 -0.242258 -0.405704
-0.140381 -0.308147 -0.332945
-0.203330 -0.374036 -0.260187
-0.266278 -0.439925 -0.187429
-0.329227 -0.494187 -0.114671
-0.392175 -0.428298 -0.041913
-0.455124 -0.362409 0.030845
-0.481928 -0.296520 0.103603
-0.418980 -0.230632 0.176361
-0.356031 -0.164743 0.249119
-0.292635 -0.098385 0.322395
-0.229238 -0.032027 0.395671
-0.165842 0.034330 0.468947
-0.102445 0.100688 0.457777
-0.039049 0.167046 0.384501
0.024347 0.233404 0.311226
0.087744 0.299761 0.237950
0.151140 0.366119 0.164674
0.214537 0.432477 0.091398
0.277933 0.498835 0.018122
0.341774 0.565658 -0.055668
0.405616 0.632482 -0.129459
0.469457 0.699305 -0.203249
0.466702 0.766128 -0.277039
0.402860 0.832952 -0.350829
0.339019 0.899775 -0.424619
0.275177 0.966598 -0.498410
0.211336 1.033422 -0.427800
0.147495 1.100246 -0.354010
0.083653 1.167070 -0.280220
0.019370 1.234355 -0.205919
-0.044913 1.301641 -0.131618
-0.109196 1.368926 -0.057317
-0.173479 1.436211 0.016984
-0.237762 1.503497 0.091284
-0.302045 1.570782 0.165585
-0.366328 1.638067 0.239886
-0.430611 1.705352 0.314187
-0.494894 1.772638 0.388488
-0.440823 1.839923 0.462788
-0.376101 1.907668 0.462404
-0.311379 1.975414 0.387596
-0.246657 2.043159 0.312788
-0.181935 2.110903 0.237980
-0.117213 2.178647 0.163172
-0.052491 2.246391 0.088364
0.012231 2.286697 0.013556
0.076953 2.218953 -0.061252
0.141675 2.151209 -0.136060
0.206397 2.083465 -0.210868
0.271555 2.015263 -0.286180
0.336713 1.947062 -0.361492
0.401870 1.878861 -0.436803
0.467028 1.810660 -0.487885
0.467814 1.742459 -0.412573
0.402656 1.674258 -0.337262
0.337499 1.606057 -0.261950
0.272341 1.537857 -0.186638
0.207183 1.469656 -0.111326
0.142025 1.401455 -0.036014
0.076435 1.332800 0.039798
0.010844 1.264145 0.115610
-0.054747 1.195490 0.191422
-0.120338 1.126835 0.267234
-0.185928 1.058180 0.343047
-0.251519 0.989525 0.418859
-0.317110 0.920871 0.494671
-0.382701 0.852216 0.429516
-0.448291 0.783562 0.353704
-0.486118 0.714907 0.277892
-0.420097 0.645803 0.201582
-0.354076 0.576698 0.125273
-0.288056 0.507594 0.048964
-0.222035 0.438489 -0.027346
-0.156014 0.369385 -0.103655
-0.089993 0.300280 -0.179964
-0.023972 0.231175 -0.256273
0.042049 0.162070 -0.332583
0.108069 0.092966 -0.408892
0.174090 0.023861 -0.485202
0.240538 -0.045691 -0.437995
0.306986 -0.115243 -0.361192
0.373435 -0.184795 -0.284388
0.439883 -0.254347 -0.207585
0.493669 -0.323899 -0.130782
0.427221 -0.393451 -0.053979
0.360773 -0.463003 0.022825
0.294325 -0.467445 0.099628
0.227876 -0.397892 0.176431
0.161428 -0.328340 0.253234
0.094555 -0.258344 0.330529
0.027683 -0.188348 0.407823
-0.039190 -0.118351 0.485117
-0.106063 -0.048355 0.437589
-0.172936 0.021642 0.360295
-0.239808 0.091638 0.283001
-0.306681 0.161635 0.205707
-0.373554 0.231631 0.128413
-0.440427 0.301627 0.051119
-0.492700 0.371624 -0.026175
-0.425406 0.442062 -0.103957
-0.358111 0.512500 -0.181738
-0.290817 0.582938 -0.259520
-0.223522 0.653376 -0.337302
-0.156227 0.723813 -0.415083
-0.088933 0.794251 -0.492865
-0.021638 0.864689 -0.429353
0.045657 0.935127 -0.351572
0.112951 1.005564 -0.273790
0.180246 1.076003 -0.196008
0.247960 1.146880 -0.117742
0.315674 1.217757 -0.039476
0.383388 1.288634 0.038791
0.451102 1.359511 0.117057
0.481184 1.430388 0.195323
0.413471 1.501265 0.273589
0.345757 1.572142 0.351856
0.278043 1.643019 0.430122
0.210329 1.713897 0.491612
0.142615 1.784774 0.413345
0.074484 1.856087 0.334598
0.006354 1.927400 0.255850
-0.061777 1.998714 0.177102
-0.129908 2.070027 0.098354
-0.198038 2.141340 0.019606
-0.266169 2.212654 -0.059142
-0.334300 2.283967 -0.137890
-0.402431 2.355281 -0.216638
-0.470561 2.426594 -0.295386
-0.461308 2.497907 -0.374134
-0.392763 2.569655 -0.453361
-0.324218 2.641402 -0.467412
-0.255674 2.713149 -0.388186
-0.187129 2.784897 -0.308959
-0.118584 2.856644 -0.229732
-0.050039 2.928391 -0.150505
0.018506 3.000139 -0.071279
0.087051 2.941286 0.007948
0.155596 2.869539 0.087174
0.224140 2.797791 0.166401
0.293097 2.725615 0.246104
0.362054 2.653438 0.325806
0.431010 2.581262 0.405508
0.499967 2.509085 0.485211
0.431077 2.436909 0.435087
0.362120 2.364733 0.355384
0.293163 2.292556 0.275682
0.224207 2.220380 0.195979
0.155250 2.148203 0.116277
0.086294 2.076027 0.036574
0.016928 2.003421 -0.043601
-0.052438 1.930815 -0.123777
-0.121804 1.858210 -0.203952
-0.191169 1.785604 -0.284128
-0.260535 1.712999 -0.364303
-0.329901 1.640393 -0.444478
-0.399267 1.567787 -0.475346
-0.468633 1.495182 -0.395171
-0.462002 1.422576 -0.314995
-0.392636 1.349971 -0.234820
-0.322863 1.276939 -0.154174
-0.253091 1.203908 -0.073528
-0.183318 1.130877 0.007118
-0.113545 1.057846 0.087763
-0.043773 0.984814 0.168409
0.026000 0.911783 0.249055
0.095772 0.838751 0.329701
0.165545 0.765719 0.410346
0.235318 0.692687 0.490992
0.305090 0.619656 0.428362
0.375267 0.546201 0.347249
0.445444 0.472745 0.266136
0.484379 0.399290 0.185023
0.414202 0.325835 0.103909
0.344025 0.252380 0.022796
0.273848 0.178925 -0.058317
0.203671 0.105469 -0.139431
0.133493 0.032014 -0.220544
0.063316 -0.041441 -0.301657
-0.006861 -0.114896 -0.382770
-0.077440 -0.188772 -0.464349
-0.148019 -0.262648 -0.454073
-0.218598 -0.336524 -0.372495
-0.289178 -0.410400 -0.290917
-0.359757 -0.484276 -0.209339
-0.430336 -0.441847 -0.127760
-0.499084 -0.367971 -0.046182
-0.428505 -0.294095 0.035396
-0.357925 -0.220219 0.116974
-0.287346 -0.146343 0.198552
-0.216367 -0.072048 0.280593
-0.145388 0.002246 0.362633
-0.074409 0.076541 0.444673
-0.003430 0.150835 0.473286
0.067550 0.225130 0.391246
0.138529 0.299425 0.309205
0.209508 0.373720 0.227165
0.280487 0.448014 0.145125
0.351466 0.522309 0.063084
0.422445 0.596604 -0.018956
0.493822 0.671315 -0.101456
0.434801 0.746026 -0.183956
0.363425 0.820737 -0.266456
0.292048 0.895447 -0.348956
0.220671 0.970158 -0.431456
0.149294 1.044869 -0.486044
0.077917 1.119580 -0.403544
0.006540 1.194291 -0.321044
-0.064836 1.269002 -0.238544
-0.136213 1.343713 -0.156044
-0.207985 1.418837 -0.073087
-0.279758 1.493962 0.009870
-0.351530 1.569086 0.092827
-0.423302 1.644211 0.175784
-0.495075 1.719335 0.258741
-0.433153 1.794460 0.341698
-0.361381 1.869584 0.424655
-0.289608 1.944709 0.492388
-0.217836 2.019833 0.409431
-0.146064 2.094959 0.326473
-0.073898 2.170495 0.243062
-0.001733 2.246031 0.159650
0.070433 2.321566 0.076239
0.142598 2.397102 -0.007173
0.214764 2.472638 -0.090585
0.286929 2.548174 -0.173996
0.359095 2.623709 -0.257408
0.431260 2.699245 -0.340819
0.496574 2.774781 -0.424231
0.424409 2.850317 -0.492357
0.351852 2.926263 -0.408494
0.279296 3.002208 -0.324630
0.206739 3.078154 -0.240766
0.134182 3.154100 -0.156902
0.061625 3.230046 -0.073039
-0.010931 3.305992 0.010825
-0.083488 3.381938 0.094689
-0.156045 3.457884 0.178552
-0.228601 3.533829 0.262416
-0.301158 3.518648 0.346280
-0.374104 3.442295 0.430593
-0.447049 3.365941 0.485093
-0.480005 3.289588 0.400780
-0.407059 3.213234 0.316466
-0.334114 3.136881 0.232153
-0.261168 3.060527 0.147840
-0.188222 2.984174 0.063526
-0.115277 2.907820 -0.020787
-0.042331 2.831466 -0.105100
0.030615 2.755113 -0.189414
0.103948 2.678354 -0.274174
0.177280 2.601595 -0.358935
0.250613 2.524836 -0.443695
0.323946 2.448077 -0.471544
0.397278 2.371319 -0.386784
0.470611 2.294560 -0.302023
0.456056 2.217801 -0.217263
0.382723 2.141042 -0.132502
0.309390 2.064283 -0.047742
0.236058 1.987525 0.037019
0.162340 1.910364 0.122225
0.088622 1.833203 0.207430
0.014905 1.756043 0.292636
-0.058813 1.678882 0.377841
-0.132530 1.601722 0.463047
-0.206248 1.524561 0.451748
-0.279966 1.447400 0.366543
-0.353683 1.370240 0.281337
-0.427401 1.293079 0.196132
-0.498882 1.215919 0.110926
-0.424781 1.138356 0.025278
-0.350681 1.060794 -0.060370
-0.276580 0.983232 -0.146019
-0.202479 0.905670 -0.231667
-0.128379 0.828108 -0.317315
-0.054278 0.750547 -0.402963
0.019822 0.672985 -0.488612
0.093923 0.595423 -0.425740
0.168023 0.517861 -0.340092
0.242124 0.440299 -0.254443
0.316606 0.362339 -0.168355
0.391087 0.284378 -0.082266
0.465569 0.206417 0.003822
0.459949 0.128456 0.089911
0.385468 0.050496 0.175999
0.310986 -0.027465 0.262088
0.236504 -0.105426 0.348176
0.162023 -0.183386 0.434265
0.087541 -0.261347 0.479647
0.013060 -0.339308 0.393558
-0.061801 -0.417665 0.307032
-0.124599 -0.468158 0.235621
-0.078829 -0.267870 0.300250
-0.033060 -0.067582 0.364879
0.012709 0.132706 0.429508
0.058479 0.332994 0.494137
0.104248 0.533282 0.441234
0.150017 0.733570 0.376605
0.195787 0.933859 0.311976
0.241556 1.134147 0.247347
0.287556 1.335444 0.182392
0.333556 1.536741 0.117438
0.379556 1.738037 0.052483
0.425556 1.939334 -0.012471
0.471556 2.140631 -0.077426
0.482444 2.341928 -0.142381
0.436445 2.543225 -0.207335
0.390445 2.744521 -0.272290
0.344445 2.945818 -0.337244
0.298445 3.147115 -0.402199
0.252216 3.349416 -0.467477
0.205986 3.274710 -0.467244
0.159757 3.072409 -0.401965
0.113527 2.870109 -0.336686
0.067298 2.667808 -0.271408
0.021069 2.465508 -0.206129
-0.025161 2.263207 -0.140851
-0.071390 2.060907 -0.075572
-0.117619 1.858606 -0.010293
