0.142974 0.277993 0.315826
0.142603 0.277900 0.341643
0.142233 0.277807 0.367460
0.143110 0.177216 0.360847
0.144819 0.012711 0.332615
0.147712 -0.136290 0.320556
0.167940 -0.223809 0.340385
0.182154 -0.277599 0.350707
0.190353 -0.304344 0.351523
0.198553 -0.335075 0.352339
0.206752 -0.364531 0.353155
0.216794 -0.372817 0.354154
0.226836 -0.396463 0.355153
0.236879 -0.432139 0.356152
0.246921 -0.448952 0.357152
0.256963 -0.450107 0.358151
0.267005 -0.451206 0.359150
0.279882 -0.451275 0.376014
0.293075 -0.451349 0.394640
0.306267 -0.451423 0.413266
0.319459 -0.451497 0.431892
0.334692 -0.451583 0.453400
0.349926 -0.451668 0.474907
0.365159 -0.451754 0.496414
0.380392 -0.451839 0.482078
0.395625 -0.451925 0.460571
0.410858 -0.452010 0.439063
0.426091 -0.452096 0.417556
0.441325 -0.452181 0.396048
0.456558 -0.452267 0.374541
0.471791 -0.452352 0.353033
0.488822 -0.452448 0.328987
0.494147 -0.452544 0.304941
0.477116 -0.452639 0.280895
0.460085 -0.452735 0.256848
0.443053 -0.452831 0.232802
0.426022 -0.452926 0.208756
0.408991 -0.453022 0.184710
0.391960 -0.453118 0.160664
0.374929 -0.453213 0.136617
0.357898 -0.453309 0.112571
0.339241 -0.453414 0.086230
0.320584 -0.453519 0.059889
0.301927 -0.453624 0.033547
0.283270 -0.453729 0.007206
0.264614 -0.453834 -0.019135
0.245957 -0.453939 -0.045477
0.227300 -0.454043 -0.071818
0.208643 -0.454148 -0.098159
0.189986 -0.454253 -0.124500
0.171329 -0.454358 -0.150842
0.151178 -0.454471 -0.179294
0.131026 -0.454585 -0.207745
0.110874 -0.454698 -0.236197
0.090722 -0.454811 -0.264649
0.070571 -0.454924 -0.293101
0.050419 -0.455038 -0.321553
0.046608 -0.452365 -0.337533
0.080925 -0.443190 -0.324412
0.115242 -0.434015 -0.311292
0.149559 -0.424841 -0.298171
0.186246 -0.415032 -0.284144
0.222932 -0.405224 -0.270117
0.259619 -0.395416 -0.256091
0.296305 -0.385608 -0.242064
0.332992 -0.375799 -0.228037
0.369678 -0.365991 -0.214011
0.406364 -0.356183 -0.199984
0.443051 -0.346375 -0.185957
0.479737 -0.336566 -0.171931
0.457660 -0.337631 -0.195391
0.427319 -0.340040 -0.224692
0.396978 -0.342450 -0.253993
0.366637 -0.344860 -0.283294
0.336296 -0.347270 -0.312595
0.305955 -0.349680 -0.341896
0.275614 -0.352089 -0.371197
0.245272 -0.354499 -0.400498
0.214931 -0.356909 -0.429799
0.184590 -0.359319 -0.459101
0.154249 -0.361729 -0.488402
0.122267 -0.364269 -0.480712
0.090285 -0.366809 -0.449826
0.058303 -0.369350 -0.418940
0.026320 -0.371890 -0.388054
-0.005662 -0.374430 -0.357167
-0.037644 -0.376971 -0.326281
-0.069626 -0.379511 -0.295395
-0.101609 -0.382051 -0.264509
-0.133591 -0.384592 -0.233622
-0.165573 -0.387132 -0.202736
-0.199116 -0.389796 -0.170343
-0.232660 -0.392461 -0.137949
-0.266203 -0.395125 -0.105555
-0.299746 -0.397789 -0.073162
-0.333290 -0.400454 -0.040768
-0.366833 -0.403118 -0.008375
-0.400377 -0.405782 0.024019
-0.433920 -0.408447 0.056413
-0.467463 -0.411111 0.088806
-0.498993 -0.413775 0.121200
-0.463958 -0.416558 0.155034
-0.430014 -0.419791 0.171103
-0.400430 -0.424823 0.116112
-0.370845 -0.429855 0.061120
-0.341261 -0.434887 0.006129
-0.311677 -0.439919 -0.048862
-0.282093 -0.444951 -0.103853
-0.252509 -0.449983 -0.158845
-0.222925 -0.455015 -0.213836
-0.193340 -0.460048 -0.268827
-0.162548 -0.465285 -0.326064
-0.131756 -0.470523 -0.383300
-0.100964 -0.475760 -0.440537
-0.070172 -0.480997 -0.497773
-0.039380 -0.486235 -0.444990
-0.008588 -0.491472 -0.387754
0.022204 -0.496710 -0.330517
0.052996 -0.498053 -0.273280
0.083789 -0.492815 -0.216044
0.114581 -0.487578 -0.158807
0.146535 -0.482143 -0.099410
0.178490 -0.476708 -0.040012
0.210444 -0.471273 0.019385
0.242399 -0.465838 0.078782
0.274353 -0.460403 0.138179
0.306308 -0.454967 0.197577
0.338263 -0.449532 0.256974
0.370217 -0.444097 0.316371
0.402172 -0.438662 0.375769
0.434126 -0.433227 0.435166
0.467203 -0.427602 0.496648
0.499721 -0.421976 0.441870
0.466645 -0.416350 0.380388
0.433569 -0.410724 0.318905
0.400493 -0.405098 0.257423
0.367417 -0.399473 0.195941
0.334341 -0.393847 0.134459
0.301265 -0.388221 0.072977
0.268189 -0.382595 0.011495
0.235112 -0.376969 -0.049987
0.200952 -0.371159 -0.113485
0.166791 -0.365348 -0.176984
0.132630 -0.359538 -0.240482
0.098469 -0.353727 -0.303980
0.064309 -0.347917 -0.367479
0.030148 -0.342106 -0.430977
-0.004013 -0.336296 -0.494475
-0.038174 -0.330485 -0.442026
-0.072335 -0.324674 -0.378528
-0.106495 -0.318864 -0.315030
-0.141707 -0.312874 -0.249577
-0.176920 -0.306885 -0.184124
-0.212132 -0.300896 -0.118672
-0.247344 -0.294906 -0.053219
-0.282556 -0.288917 0.012233
-0.317768 -0.282928 0.077686
-0.352980 -0.276938 0.143139
-0.388192 -0.270949 0.208591
-0.423404 -0.264960 0.274044
-0.458616 -0.258970 0.339497
-0.494849 -0.252807 0.406847
-0.468918 -0.246644 0.474197
-0.432685 -0.240481 0.458452
-0.396451 -0.234318 0.391102
-0.360218 -0.228155 0.323752
-0.323985 -0.221993 0.256402
-0.287752 -0.215830 0.189051
-0.273451 -0.213668 0.138141
-0.292047 -0.217510 0.111890
-0.310644 -0.221352 0.085640
-0.329750 -0.225299 0.058670
-0.348856 -0.229246 0.031700
-0.367962 -0.233193 0.004730
-0.387068 -0.237140 -0.022240
-0.406174 -0.241087 -0.049210
-0.425279 -0.245034 -0.076180
-0.444385 -0.248981 -0.103150
-0.463491 -0.252928 -0.130120
-0.482597 -0.256875 -0.157090
-0.498297 -0.260822 -0.184060
-0.478694 -0.264872 -0.211730
-0.459092 -0.268921 -0.239401
-0.439489 -0.272971 -0.267071
-0.419887 -0.277020 -0.294742
-0.400284 -0.281070 -0.322412
-0.380682 -0.285120 -0.350083
-0.361079 -0.289169 -0.377753
-0.341477 -0.293219 -0.405424
-0.321874 -0.297268 -0.433095
-0.302272 -0.301318 -0.460765
-0.282185 -0.305467 -0.489119
-0.262099 -0.309617 -0.482527
-0.242012 -0.313767 -0.454173
-0.221926 -0.317916 -0.425819
-0.201840 -0.322066 -0.397465
-0.181753 -0.326216 -0.369111
-0.161667 -0.330365 -0.340757
-0.141580 -0.334515 -0.312403
-0.121494 -0.338665 -0.284050
-0.101407 -0.342814 -0.255696
-0.080848 -0.347062 -0.226674
-0.076843 -0.350400 -0.221116
-0.089391 -0.352829 -0.239022
-0.101940 -0.355257 -0.256927
-0.114489 -0.357686 -0.274832
-0.127038 -0.360114 -0.292737
-0.139586 -0.362543 -0.310643
-0.152135 -0.364971 -0.328548
-0.164684 -0.367400 -0.346453
-0.177232 -0.369829 -0.364358
-0.190063 -0.372312 -0.382666
-0.202894 -0.374795 -0.400973
-0.215725 -0.377279 -0.419281
-0.228556 -0.379762 -0.437589
-0.241386 -0.382246 -0.455896
-0.254217 -0.384729 -0.474204
-0.267048 -0.387213 -0.492511
-0.279879 -0.389696 -0.489181
-0.292710 -0.392179 -0.470874
-0.305540 -0.394663 -0.452566
-0.318647 -0.397200 -0.433864
-0.331754 -0.399736 -0.415163
-0.344861 -0.402273 -0.396461
-0.357967 -0.404810 -0.377760
-0.371074 -0.407347 -0.359058
-0.384181 -0.409884 -0.340357
-0.397288 -0.412420 -0.321655
-0.410394 -0.414957 -0.302954
-0.423501 -0.417494 -0.284252
-0.436608 -0.420031 -0.265550
-0.449985 -0.422620 -0.246463
-0.463362 -0.425209 -0.227376
-0.476739 -0.427797 -0.208289
-0.490116 -0.430386 -0.189202
-0.496507 -0.432975 -0.170115
-0.483130 -0.435564 -0.151028
-0.469752 -0.438153 -0.131941
-0.456375 -0.440742 -0.112854
-0.442998 -0.443331 -0.093767
-0.429621 -0.445920 -0.074680
-0.415979 -0.448560 -0.055215
-0.402337 -0.451200 -0.035750
-0.388695 -0.453840 -0.016284
-0.375053 -0.456481 0.003181
-0.361411 -0.459121 0.022646
-0.347769 -0.461761 0.042111
-0.334127 -0.464401 0.061576
-0.320485 -0.467041 0.081041
-0.306843 -0.469682 0.100506
-0.293201 -0.472322 0.119971
-0.279299 -0.475012 0.139807
-0.265397 -0.477703 0.159643
-0.251495 -0.480393 0.179479
-0.237594 -0.483084 0.199315
-0.223692 -0.485775 0.219150
-0.209790 -0.488465 0.238986
-0.195889 -0.491156 0.258822
-0.181987 -0.493846 0.278658
-0.168085 -0.496537 0.298494
-0.154183 -0.499227 0.318330
-0.140026 -0.498033 0.338530
-0.125870 -0.495293 0.358730
-0.111713 -0.492553 0.378930
-0.097556 -0.489813 0.399130
-0.083399 -0.487073 0.419330
-0.069242 -0.484333 0.439530
-0.055085 -0.481592 0.459730
-0.040928 -0.478852 0.479930
-0.026772 -0.476112 0.499870
-0.012615 -0.473372 0.479670
0.001793 -0.470584 0.459113
0.016200 -0.467795 0.438556
0.030608 -0.465007 0.417998
0.045015 -0.462218 0.397441
0.059423 -0.459429 0.376884
0.073830 -0.456641 0.356326
0.088238 -0.453852 0.335769
0.102645 -0.451064 0.315212
0.107745 -0.437204 0.314543
0.103537 -0.412273 0.333763
0.099257 -0.386915 0.353311
0.094977 -0.361558 0.372860
0.090698 -0.336201 0.392408
0.086418 -0.310843 0.411957
0.082138 -0.285486 0.431505
0.077858 -0.260129 0.451054
0.073579 -0.234771 0.470602
0.069299 -0.209414 0.490151
0.065019 -0.184056 0.490301
0.060739 -0.158699 0.470752
0.056389 -0.132922 0.450880
0.052038 -0.107146 0.431009
0.047688 -0.081369 0.411137
0.043337 -0.055593 0.391266
0.038987 -0.029816 0.371394
0.034636 -0.004040 0.351522
0.030286 0.021737 0.331651
0.025935 0.047514 0.311779
0.021585 0.073290 0.291908
0.017234 0.099067 0.272036
0.012814 0.125256 0.251846
0.008394 0.151445 0.231657
0.003974 0.177634 0.211467
-0.000446 0.203823 0.191278
-0.004866 0.230012 0.171088
-0.009286 0.256201 0.150899
-0.013707 0.282390 0.130709
-0.018127 0.308579 0.110519
-0.022547 0.334768 0.090330
-0.026967 0.360958 0.070140
-0.031456 0.387552 0.049638
-0.035944 0.414147 0.029135
-0.040433 0.440742 0.008632
-0.044921 0.467337 -0.011870
-0.049410 0.493932 -0.032373
-0.053899 0.520527 -0.052876
-0.058387 0.547122 -0.073378
-0.062876 0.573717 -0.093881
-0.067365 0.600312 -0.114384
-0.071853 0.626907 -0.134886
-0.076410 0.653902 -0.155697
-0.080966 0.680897 -0.176508
-0.085522 0.707892 -0.197319
-0.090078 0.734887 -0.218130
-0.094634 0.761882 -0.238941
-0.099190 0.788877 -0.259752
-0.103747 0.815872 -0.280563
-0.108303 0.841722 -0.301374
-0.112859 0.814727 -0.322185
-0.117415 0.787732 -0.342996
-0.122038 0.760343 -0.364111
-0.126660 0.732954 -0.385226
-0.131283 0.705565 -0.406341
-0.135906 0.678176 -0.427456
-0.140528 0.650787 -0.448571
-0.145151 0.623398 -0.469686
-0.149774 0.596009 -0.490801
-0.154396 0.568620 -0.488084
-0.159019 0.541232 -0.466970
-0.163642 0.513843 -0.445855
-0.168330 0.486065 -0.424440
-0.173018 0.458287 -0.403026
-0.177706 0.430510 -0.381611
-0.182394 0.402732 -0.360197
-0.187083 0.374955 -0.338782
-0.191771 0.347177 -0.317368
-0.196459 0.319400 -0.295953
-0.201147 0.291622 -0.274539
-0.205835 0.263845 -0.253124
-0.210524 0.236067 -0.231710
-0.215276 0.207906 -0.210001
-0.220029 0.179745 -0.188291
-0.224782 0.151585 -0.166581
-0.229535 0.123424 -0.144872
-0.234288 0.095263 -0.123162
-0.239041 0.067102 -0.101452
-0.243794 0.038941 -0.079742
-0.248547 0.010780 -0.058033
-0.253299 -0.017380 -0.036323
-0.258052 -0.045541 -0.014613
-0.262869 -0.074080 0.007388
-0.267686 -0.102619 0.029389
-0.272502 -0.131158 0.051390
-0.277319 -0.159697 0.073391
-0.282136 -0.188235 0.095392
-0.286952 -0.216774 0.117393
-0.291769 -0.245313 0.139395
-0.296586 -0.273852 0.161396
-0.301402 -0.302391 0.183397
-0.306219 -0.330929 0.205398
-0.311098 -0.359841 0.227687
-0.315978 -0.388753 0.249975
-0.320857 -0.417665 0.272264
-0.325737 -0.446577 0.294553
-0.330616 -0.475488 0.316842
-0.335496 -0.495600 0.339131
-0.340376 -0.466688 0.361420
-0.345255 -0.437776 0.383708
-0.350135 -0.408864 0.405997
-0.355014 -0.379952 0.428286
-0.359956 -0.350672 0.450859
-0.364898 -0.321392 0.473431
-0.369840 -0.292112 0.496004
-0.374781 -0.262832 0.481423
-0.379723 -0.233552 0.458851
-0.384665 -0.204271 0.436278
-0.389607 -0.174991 0.413706
-0.394549 -0.145711 0.391133
-0.399491 -0.116431 0.368561
-0.404432 -0.087151 0.345988
-0.409436 -0.057507 0.323135
-0.414439 -0.027863 0.300282
-0.406161 -0.032813 0.311101
-0.384603 -0.072356 0.355592
-0.363045 -0.111900 0.400084
-0.341487 -0.151444 0.444575
-0.319929 -0.190987 0.489066
-0.298371 -0.230531 0.466442
-0.276813 -0.270075 0.421951
-0.255255 -0.309618 0.377460
-0.233435 -0.349642 0.332429
-0.211616 -0.389665 0.287399
-0.189796 -0.429688 0.242369
-0.167977 -0.469711 0.197338
-0.183853 -0.456187 0.208359
-0.215885 -0.419714 0.243403
-0.247917 -0.383242 0.278446
-0.279949 -0.346770 0.313490
-0.311980 -0.310297 0.348534
-0.344012 -0.273825 0.383577
-0.376423 -0.236921 0.419036
-0.408834 -0.200017 0.454494
-0.441245 -0.163113 0.489952
-0.473656 -0.126209 0.474590
-0.493933 -0.089304 0.439132
-0.461522 -0.052400 0.403673
-0.429111 -0.015496 0.368215
-0.396700 0.021408 0.332757
-0.364289 0.058312 0.297299
-0.331878 0.095216 0.261841
-0.299093 0.132547 0.225972
-0.266307 0.169878 0.190104
-0.233522 0.207209 0.154236
-0.200736 0.244540 0.118367
-0.167950 0.281870 0.082499
-0.135165 0.319201 0.046631
-0.102379 0.356532 0.010763
-0.069593 0.393862 -0.025105
-0.036808 0.431193 -0.060974
-0.004022 0.468524 -0.096842
0.029134 0.506276 -0.133115
0.062290 0.544029 -0.169389
0.095446 0.581781 -0.205663
0.128602 0.619533 -0.241936
0.161758 0.657286 -0.278210
0.194915 0.695038 -0.314483
0.228071 0.732791 -0.350757
0.261227 0.770543 -0.387031
0.294383 0.808295 -0.423304
0.327539 0.846048 -0.459578
0.361061 0.884217 -0.496252
0.394584 0.922387 -0.467073
0.428106 0.960557 -0.430399
0.461629 0.998726 -0.393724
0.495151 1.036896 -0.357050
0.471326 1.075066 -0.320376
0.437803 1.113235 -0.283701
0.404281 1.151405 -0.247027
0.370758 1.189574 -0.210352
0.337236 1.227744 -0.173678
0.303351 1.266326 -0.136607
0.269466 1.304908 -0.099536
0.235581 1.343490 -0.062466
0.201696 1.382072 -0.025395
0.167811 1.350718 0.011676
0.133926 1.312136 0.048747
0.100041 1.273554 0.085818
0.066156 1.234972 0.122889
0.032271 1.196390 0.159960
-0.001614 1.157808 0.197030
-0.035857 1.118817 0.234494
-0.070101 1.079826 0.271957
-0.104344 1.040835 0.309420
-0.138587 1.001844 0.346883
-0.172831 0.962853 0.384346
-0.207074 0.923862 0.421809
-0.241318 0.884871 0.459272
-0.275561 0.845880 0.496735
-0.309805 0.806889 0.465802
-0.344048 0.767898 0.428339
-0.378647 0.728504 0.390488
-0.413245 0.689109 0.352637
-0.447843 0.649715 0.314785
-0.482442 0.610320 0.276934
-0.482960 0.570926 0.239083
-0.448361 0.531531 0.201231
-0.413763 0.492137 0.163380
-0.379164 0.452742 0.125529
-0.344566 0.413347 0.087677
-0.309968 0.373952 0.049826
-0.275018 0.334158 0.011590
-0.240069 0.294363 -0.026646
-0.205119 0.254568 -0.064881
-0.170169 0.214773 -0.103117
-0.135220 0.174979 -0.141352
-0.100270 0.135184 -0.179588
-0.065320 0.095389 -0.217824
-0.030371 0.055594 -0.256059
0.004579 0.015800 -0.294295
0.039528 -0.023995 -0.332531
0.074826 -0.064186 -0.371147
0.110123 -0.104377 -0.409763
0.145420 -0.144567 -0.448379
0.180718 -0.184758 -0.486995
0.216015 -0.224949 -0.474389
0.251313 -0.265139 -0.435773
0.286610 -0.305330 -0.397157
0.321907 -0.345521 -0.358541
0.357205 -0.385712 -0.319924
0.392502 -0.425903 -0.281308
0.428144 -0.466485 -0.242316
0.463785 -0.492932 -0.203323
0.499427 -0.452349 -0.164330
0.464931 -0.411767 -0.125337
0.429289 -0.371184 -0.086344
0.393647 -0.330601 -0.047351
0.358006 -0.290018 -0.008358
0.322364 -0.249436 0.030635
0.286722 -0.208853 0.069628
0.251080 -0.168270 0.108620
0.215097 -0.127299 0.147987
0.179115 -0.086328 0.187353
0.143132 -0.045356 0.226719
0.107149 -0.004385 0.266085
0.071166 0.036586 0.305450
0.035183 0.077557 0.344816
-0.000800 0.118528 0.384182
-0.036782 0.159500 0.423548
-0.072765 0.200471 0.462914
-0.108748 0.241442 0.497720
-0.145069 0.282798 0.457984
-0.181390 0.324154 0.418249
-0.217710 0.365509 0.378513
-0.254031 0.406865 0.338777
-0.290352 0.448221 0.299041
-0.326672 0.489577 0.259306
-0.362993 0.530933 0.219570
-0.399314 0.572289 0.179834
-0.435634 0.613645 0.140099
-0.471955 0.655001 0.100363
-0.491390 0.696738 0.060261
-0.454734 0.738475 0.020159
-0.418079 0.780212 -0.019943
-0.381424 0.821949 -0.060045
-0.344768 0.863686 -0.100147
-0.308113 0.905423 -0.140249
-0.271457 0.947160 -0.180350
-0.234802 0.988897 -0.220452
-0.198146 1.030634 -0.260554
-0.161491 1.072372 -0.300656
-0.124504 1.114486 -0.341121
-0.087517 1.156600 -0.381586
-0.050529 1.198714 -0.422050
-0.013542 1.240829 -0.462515
0.023445 1.282943 -0.497020
0.060432 1.325057 -0.456556
0.097419 1.367172 -0.416091
0.134407 1.409286 -0.375626
0.171394 1.451400 -0.335161
0.208381 1.493514 -0.294697
0.245697 1.536003 -0.253872
0.283013 1.578491 -0.213048
0.320329 1.620980 -0.172223
0.357645 1.663469 -0.131399
0.394961 1.705957 -0.090574
0.432277 1.748446 -0.049750
0.469593 1.790934 -0.008925
0.493090 1.794926 0.031899
0.455774 1.752438 0.072724
0.418458 1.709949 0.113548
0.380816 1.667089 0.154729
0.343175 1.624228 0.195910
0.305533 1.581368 0.237091
0.267891 1.538507 0.278273
0.230249 1.495647 0.319454
0.192607 1.452786 0.360635
0.154966 1.409926 0.401816
0.117324 1.367065 0.442997
0.079682 1.324205 0.484178
0.063695 1.268605 0.465291
0.080334 1.193254 0.400182
0.096972 1.117903 0.335073
0.113610 1.042552 0.269965
0.130248 0.967200 0.204856
0.146887 0.891849 0.139747
0.104346 0.870564 0.116247
0.002627 0.903347 0.134358
-0.099092 0.936129 0.152468
-0.200810 0.968912 0.170578
-0.302529 1.001694 0.188688
-0.405107 1.034753 0.206952
-0.492316 1.067813 0.225215
-0.389738 1.100872 0.243478
-0.287161 1.133931 0.261741
-0.184583 1.166990 0.280004
-0.082006 1.200049 0.298267
0.020571 1.233108 0.316531
0.123149 1.266167 0.334794
0.225726 1.299226 0.353057
0.328304 1.332286 0.371320
0.431732 1.365619 0.389735
0.464839 1.398952 0.408149
0.361410 1.432285 0.426564
0.257982 1.465619 0.444978
0.154553 1.498952 0.463393
0.051124 1.532285 0.481807
-0.052304 1.565619 0.499778
-0.155733 1.598952 0.481363
-0.259162 1.632285 0.462949
-0.362590 1.665619 0.444534
-0.466863 1.699224 0.425969
-0.428864 1.732829 0.407404
-0.324591 1.766434 0.388839
-0.220318 1.800039 0.370274
-0.116045 1.833644 0.351709
-0.011772 1.867249 0.333144
0.092501 1.900854 0.314579
0.196774 1.934459 0.296014
0.301047 1.902273 0.277449
0.405320 1.867726 0.258884
0.489570 1.833850 0.240170
0.384459 1.799975 0.221456
0.279349 1.766099 0.202742
0.174238 1.732223 0.184027
0.069128 1.698348 0.165313
-0.035983 1.664472 0.146599
-0.141093 1.630596 0.127885
-0.246204 1.596720 0.109171
-0.351314 1.562845 0.090457
-0.456425 1.528969 0.071743
-0.437634 1.494826 0.052881
-0.331693 1.460684 0.034019
-0.225751 1.426541 0.015157
-0.119810 1.392398 -0.003705
-0.013868 1.358255 -0.022568
0.092073 1.324113 -0.041430
0.198014 1.289970 -0.060292
0.303956 1.255827 -0.079154
0.409897 1.221684 -0.098016
0.484162 1.187542 -0.116878
0.377396 1.153133 -0.135887
0.270630 1.118725 -0.154896
0.163864 1.084316 -0.173905
0.057098 1.049907 -0.192913
-0.049668 1.015499 -0.211922
-0.156434 0.981090 -0.230931
-0.263200 0.946681 -0.249940
-0.369966 0.912272 -0.268949
-0.476732 0.877862 -0.287957
-0.416502 0.843453 -0.306966
-0.308918 0.808781 -0.326121
-0.201334 0.774108 -0.345275
-0.093750 0.739435 -0.364430
0.013834 0.704763 -0.383584
0.121418 0.670090 -0.402739
0.229002 0.635418 -0.421894
0.336586 0.600745 -0.441048
0.444170 0.566072 -0.460203
0.448246 0.531400 -0.479357
0.340662 0.496727 -0.498512
0.232266 0.461793 -0.482189
0.333410 0.529017 -0.472104
0.486938 0.621781 -0.464321
0.359533 0.714545 -0.456539
0.206005 0.807309 -0.448757
0.052476 0.900073 -0.440974
-0.101052 0.992837 -0.433192
-0.254581 1.085600 -0.425410
-0.408109 1.178364 -0.417628
-0.438362 1.271128 -0.409845
-0.283693 1.364581 -0.402005
-0.129023 1.458034 -0.394165
0.025647 1.551487 -0.386325
0.180317 1.644940 -0.378485
0.334987 1.738393 -0.370645
0.489657 1.831846 -0.362805
0.355673 1.925299 -0.354965
0.201003 2.018752 -0.347125
0.046333 2.112205 -0.339284
-0.108337 2.205658 -0.331444
-0.264140 2.299795 -0.323547
-0.419944 2.290170 -0.315649
-0.424253 2.196033 -0.307752
-0.268450 2.101896 -0.299854
-0.112647 2.007759 -0.291956
0.043156 1.913620 -0.284059
0.198959 1.819482 -0.276161
0.306040 1.785659 -0.242438
0.299433 1.892570 -0.148455
0.292826 1.999482 -0.054472
0.286171 2.107166 0.040189
0.279517 2.214850 0.134850
0.272862 2.322534 0.229512
0.266208 2.430218 0.324173
0.259553 2.364972 0.418835
0.252898 2.257288 0.486504
0.246244 2.149604 0.391843
0.239589 2.041919 0.297181
0.232935 1.934236 0.202520
0.226280 1.826553 0.107858
0.219578 1.718104 0.012523
0.212876 1.609654 -0.082812
0.206174 1.501205 -0.178147
0.199472 1.392755 -0.273482
0.192771 1.284306 -0.368817
0.186069 1.175856 -0.464153
0.179367 1.067407 -0.440512
0.172665 0.958957 -0.345177
0.165963 0.850507 -0.249842
0.159261 0.742057 -0.154507
0.152512 0.632847 -0.058502
0.145763 0.523636 0.037502
0.139014 0.414425 0.133506
0.132265 0.305214 0.229510
0.125516 0.196003 0.325514
0.118767 0.086792 0.421518
0.112018 -0.022418 0.482478
0.105269 -0.131629 0.386474
0.098520 -0.240840 0.290470
0.091771 -0.350051 0.194466
0.084975 -0.460018 0.097797
0.078179 -0.430015 0.001129
0.071384 -0.320049 -0.095540
0.064588 -0.210082 -0.192208
0.057792 -0.100115 -0.288877
0.050997 0.009851 -0.385545
0.044201 0.119818 -0.482214
0.037405 0.229785 -0.421118
0.030610 0.339751 -0.324449
0.023814 0.449718 -0.227780
0.016972 0.560435 -0.130452
0.010130 0.671153 -0.033124
0.003288 0.781870 0.064205
-0.003554 0.892588 0.161533
-0.010396 1.003305 0.258862
-0.017238 1.114022 0.356190
-0.024080 1.224739 0.453519
-0.030922 1.335456 0.449153
-0.037764 1.446172 0.351825
-0.044606 1.556889 0.254496
-0.051495 1.668352 0.156512
-0.058383 1.779815 0.058529
-0.065271 1.891278 -0.039455
-0.072159 2.002741 -0.137439
-0.079047 2.114204 -0.235423
-0.085935 2.225667 -0.333407
-0.092823 2.337131 -0.431390
-0.099712 2.434165 -0.470626
-0.106600 2.322702 -0.372642
-0.113488 2.211239 -0.274658
-0.120422 2.099034 -0.176024
-0.127356 1.986830 -0.077389
-0.134290 1.874627 0.021246
-0.141224 1.762423 0.119881
-0.148158 1.650220 0.218516
-0.155091 1.538017 0.317151
-0.162025 1.425813 0.415786
-0.168959 1.313610 0.485579
-0.175893 1.201406 0.386944
-0.182827 1.089203 0.288309
-0.189807 0.976264 0.189028
-0.196786 0.863325 0.089746
-0.203766 0.750385 -0.009536
-0.210745 0.637446 -0.108817
-0.217724 0.524506 -0.208099
-0.224704 0.411567 -0.307381
-0.231683 0.298628 -0.406662
-0.238663 0.185688 -0.494056
-0.245642 0.072749 -0.394774
-0.252621 -0.040190 -0.295493
-0.259646 -0.153860 -0.195569
-0.266670 -0.267531 -0.095644
-0.273695 -0.381201 0.004280
-0.280719 -0.494871 0.104204
-0.287743 -0.391459 0.204128
-0.294768 -0.277788 0.304053
-0.301792 -0.164118 0.403977
-0.308817 -0.050448 0.496099
-0.315841 0.063222 0.396175
-0.322865 0.176893 0.296251
-0.329935 0.291289 0.195688
-0.337004 0.405686 0.095125
-0.344074 0.520082 -0.005438
-0.351143 0.634479 -0.106001
-0.358212 0.748876 -0.206563
-0.365282 0.863273 -0.307126
-0.372351 0.977670 -0.407689
-0.379421 1.092066 -0.491748
-0.386490 1.206463 -0.391185
-0.393560 1.320860 -0.290622
-0.400674 1.435978 -0.189425
-0.407788 1.551096 -0.088228
-0.414902 1.666214 0.012969
-0.422016 1.781332 0.114167
-0.429130 1.896450 0.215364
-0.436244 2.011568 0.316561
-0.443358 2.126686 0.417758
-0.450472 2.241804 0.481044
-0.457587 2.356922 0.379847
-0.464701 2.472040 0.278650
-0.471859 2.587876 0.176822
-0.479017 2.703712 0.074994
-0.486175 2.819547 -0.026834
-0.493334 2.935383 -0.128662
-0.499508 2.833391 -0.230489
-0.492350 2.717555 -0.332317
-0.485192 2.601720 -0.434145
-0.478034 2.485884 -0.464027
-0.470875 2.370048 -0.362200
-0.463717 2.254213 -0.260372
-0.456515 2.137664 -0.157918
-0.449313 2.021116 -0.055463
-0.442110 1.904567 0.046991
-0.434908 1.788018 0.149446
-0.427706 1.671470 0.251900
-0.420503 1.554921 0.354354
-0.413301 1.438373 0.456809
-0.406099 1.321824 0.440737
-0.398896 1.205276 0.338282
-0.391694 1.088727 0.235828
-0.384448 0.971470 0.132751
-0.377202 0.854213 0.029673
-0.369955 0.736956 -0.073404
-0.362709 0.619699 -0.176481
-0.355463 0.502441 -0.279558
-0.348217 0.385185 -0.382636
-0.340971 0.267928 -0.485713
-0.333725 0.150671 -0.411210
-0.326479 0.033413 -0.308132
-0.319233 -0.083844 -0.205055
-0.311943 -0.201805 -0.101359
-0.304653 -0.319766 0.002338
-0.297364 -0.437727 0.106034
-0.290074 -0.444312 0.209730
-0.282784 -0.326350 0.313427
-0.275495 -0.208389 0.417123
-0.268205 -0.090428 0.479181
-0.260915 0.027533 0.375485
-0.253626 0.145495 0.271788
-0.246336 0.263456 0.168092
-0.239003 0.382117 0.063780
-0.231670 0.500778 -0.040531
-0.224337 0.619440 -0.144843
-0.217004 0.738102 -0.249155
-0.209671 0.856763 -0.353467
-0.202338 0.975425 -0.457778
-0.195005 1.094086 -0.437910
-0.187672 1.212747 -0.333598
-0.180339 1.331408 -0.229286
-0.173006 1.450068 -0.124975
-0.163322 1.456360 -0.113156
-0.151330 1.349587 -0.194442
-0.139338 1.242814 -0.275728
-0.127345 1.136040 -0.357013
-0.115353 1.029267 -0.438299
-0.103361 0.922493 -0.480415
-0.091369 0.815719 -0.399129
-0.079377 0.708945 -0.317843
-0.067385 0.602171 -0.236557
-0.055393 0.495397 -0.155271
-0.043331 0.388004 -0.073514
-0.031270 0.280612 0.008243
-0.019208 0.173219 0.090000
-0.007146 0.065826 0.171757
0.004915 -0.041567 0.253514
0.016977 -0.148959 0.335271
0.029038 -0.256352 0.417028
0.041100 -0.363745 0.498785
0.053162 -0.471137 0.419458
0.065223 -0.421470 0.337701
0.077354 -0.313462 0.255475
0.089485 -0.205454 0.173249
0.101616 -0.097445 0.091024
0.113746 0.010563 0.008798
0.125877 0.118571 -0.073428
0.138008 0.226579 -0.155653
0.150138 0.334587 -0.237879
0.162269 0.442595 -0.320105
0.174400 0.550604 -0.402331
0.186531 0.658612 -0.484556
0.198730 0.767232 -0.432752
0.210930 0.875852 -0.350060
0.223129 0.984472 -0.267369
0.235328 1.093092 -0.184677
0.247528 1.201712 -0.101986
0.259727 1.310332 -0.019294
0.271927 1.418952 0.063397
0.284127 1.527572 0.146089
0.296326 1.636191 0.228781
0.308526 1.744811 0.311472
0.320794 1.854041 0.394627
0.333061 1.963270 0.477782
0.345329 2.072499 0.439064
0.357597 2.181728 0.355909
0.369865 2.290957 0.272754
0.382133 2.400186 0.189599
0.394401 2.509415 0.106445
0.406668 2.618644 0.023290
0.418936 2.727873 -0.059865
0.431204 2.837102 -0.143020
0.443540 2.946937 -0.226635
0.455876 3.056772 -0.310251
0.468211 3.166606 -0.393866
0.480547 3.276441 -0.477482
0.492883 3.386276 -0.438903
0.494781 3.496110 -0.355287
0.482446 3.452508 -0.271672
0.470110 3.342673 -0.188056
0.457774 3.232838 -0.104441
0.445438 3.123004 -0.020825
0.433035 3.012568 0.063248
0.420631 2.902133 0.147322
0.408228 2.791697 0.231396
0.395824 2.681262 0.315469
0.383421 2.570826 0.399543
0.371018 2.460391 0.483616
0.358614 2.349955 0.432310
0.346211 2.239520 0.348237
0.333807 2.129084 0.264163
0.321404 2.018649 0.180089
0.308933 1.907615 0.095560
0.296463 1.796581 0.011031
0.283992 1.685547 -0.073499
0.271522 1.574513 -0.158028
0.259052 1.463479 -0.242558
0.246581 1.352445 -0.327087
0.234110 1.241411 -0.411616
0.221640 1.130378 -0.496145
0.209169 1.019344 -0.419326
0.196698 0.908309 -0.334796
0.184161 0.796680 -0.249814
0.171623 0.685050 -0.164831
0.159086 0.573421 -0.079849
0.146548 0.461792 0.005134
0.134011 0.350162 0.090116
0.121473 0.238532 0.175099
0.108936 0.126903 0.260081
0.096398 0.015273 0.345064
0.083861 -0.096357 0.430047
0.071323 -0.207986 0.484971
0.058719 -0.320208 0.399538
0.046115 -0.432430 0.314104
0.033511 -0.455348 0.228671
0.020907 -0.343126 0.143237
0.008304 -0.230905 0.057804
-0.004300 -0.118683 -0.027630
-0.016904 -0.006461 -0.113063
-0.029508 0.105761 -0.198496
-0.042112 0.217983 -0.283930
-0.054716 0.330204 -0.369363
-0.067387 0.443015 -0.455245
-0.080057 0.555826 -0.458873
-0.092727 0.668637 -0.372991
-0.105397 0.781448 -0.287109
-0.118067 0.894259 -0.201227
-0.130737 1.007069 -0.115345
-0.143407 1.119881 -0.029463
-0.156078 1.232692 0.056419
-0.168748 1.345503 0.142301
-0.181418 1.458315 0.228183
-0.194154 1.571711 0.314511
-0.206890 1.685108 0.400839
-0.219626 1.798505 0.487167
-0.232362 1.911901 0.426505
-0.245098 2.025298 0.340177
-0.257834 2.138695 0.253849
-0.270570 2.252091 0.167521
-0.283306 2.365488 0.081193
-0.296042 2.478884 -0.005135
-0.308778 2.592281 -0.091463
-0.321580 2.706262 -0.178235
-0.334381 2.820243 -0.265007
-0.347183 2.934223 -0.351779
-0.359985 3.048204 -0.438551
-0.372786 3.162185 -0.474677
-0.385588 3.276166 -0.387906
-0.398389 3.390146 -0.301134
-0.411191 3.504127 -0.214362
-0.423992 3.618108 -0.127590
-0.436794 3.555657 -0.040818
-0.449661 3.441097 0.046395
-0.462527 3.326537 0.133609
-0.475394 3.211977 0.220822
-0.488260 3.097417 0.308036
-0.498873 2.982857 0.395249
-0.486007 2.868296 0.482463
-0.473140 2.753736 0.430324
-0.460274 2.639176 0.343110
-0.447407 2.524616 0.255897
-0.434540 2.410056 0.168683
-0.421609 2.294919 0.081030
-0.408677 2.179782 -0.006623
-0.395746 2.064645 -0.094275
-0.382814 1.949507 -0.181928
-0.369883 1.834370 -0.269581
-0.356951 1.719233 -0.357234
-0.344020 1.604096 -0.444887
-0.331088 1.488959 -0.467461
-0.318157 1.373822 -0.379808
-0.305225 1.258685 -0.292155
-0.292229 1.142973 -0.204065
-0.279233 1.027261 -0.115975
-0.266237 0.911550 -0.027885
-0.253242 0.795839 0.060205
-0.240246 0.680128 0.148295
-0.227250 0.564417 0.236385
-0.214254 0.448706 0.324475
-0.201258 0.332994 0.412565
-0.188262 0.217283 0.499345
