-0.164364 -0.154440 0.229617
-0.155371 -0.146521 0.252488
-0.146379 -0.138602 0.275359
-0.137386 -0.130683 0.298231
-0.128393 -0.122764 0.321102
-0.119401 -0.136290 0.343973
-0.110408 -0.223809 0.366844
-0.101415 -0.277599 0.389715
-0.094616 -0.305138 0.404223
-0.081490 -0.335075 0.398797
-0.083684 -0.364531 0.422876
-0.086371 -0.372817 0.452367
-0.089058 -0.396463 0.481858
-0.091745 -0.432139 0.488651
-0.094432 -0.448952 0.459160
-0.094593 -0.452214 0.433811
-0.072028 -0.466972 0.445733
-0.049462 -0.481729 0.457655
-0.026896 -0.496486 0.469578
-0.004330 -0.488757 0.481500
0.013886 -0.477614 0.491116
0.014827 -0.481446 0.491563
0.015769 -0.485277 0.492010
0.016710 -0.489108 0.492458
0.017652 -0.492939 0.492905
0.018594 -0.496770 0.493352
0.019535 -0.499399 0.493800
0.020477 -0.495568 0.494247
0.021418 -0.491737 0.494694
0.022360 -0.487906 0.495142
0.023301 -0.484075 0.495589
0.024354 -0.479791 0.496089
0.025407 -0.475508 0.496589
0.026460 -0.471224 0.497089
0.027512 -0.466941 0.497589
0.028565 -0.462657 0.498089
0.029618 -0.458374 0.498589
0.030671 -0.454090 0.499090
0.031723 -0.449807 0.499590
0.032776 -0.445523 0.499910
0.033829 -0.441240 0.499410
0.034982 -0.436548 0.498862
0.036135 -0.431856 0.498315
0.037288 -0.427164 0.497767
0.038442 -0.422471 0.497219
0.039595 -0.417779 0.496671
0.040748 -0.413087 0.496124
0.041901 -0.408395 0.495576
0.043054 -0.403703 0.495028
0.044208 -0.399011 0.494480
0.045361 -0.394319 0.493932
0.046606 -0.389251 0.493341
0.047852 -0.384183 0.492749
0.049098 -0.379114 0.492157
0.053907 -0.366013 0.486176
0.062280 -0.344879 0.474806
0.070653 -0.323745 0.463436
0.079026 -0.302610 0.452066
0.087399 -0.281476 0.440696
0.095772 -0.260342 0.429327
0.104145 -0.239207 0.417957
0.113096 -0.216614 0.405802
0.122047 -0.194020 0.393647
0.130998 -0.181677 0.381492
0.139950 -0.204271 0.369337
0.148901 -0.226864 0.357182
0.157852 -0.249458 0.345027
0.166803 -0.272051 0.332873
0.175754 -0.294644 0.320718
0.184705 -0.317238 0.308563
0.193656 -0.339831 0.296408
0.203150 -0.363795 0.283516
0.212645 -0.387759 0.270624
0.222139 -0.411723 0.257731
0.231633 -0.435688 0.244839
0.241127 -0.459652 0.231947
0.250621 -0.483616 0.219055
0.260115 -0.492420 0.206163
0.269609 -0.468456 0.193271
0.279103 -0.444492 0.180379
0.288598 -0.420528 0.167487
0.298605 -0.395268 0.153898
0.308613 -0.370008 0.140308
0.318620 -0.344748 0.126719
0.328628 -0.319488 0.113129
0.311306 -0.338133 0.121476
0.290947 -0.361656 0.132259
0.270588 -0.385179 0.143043
0.287897 -0.376486 0.141776
0.314624 -0.359738 0.137496
0.341350 -0.342991 0.133217
0.369381 -0.325426 0.128728
0.397412 -0.307861 0.124240
0.425443 -0.290296 0.119752
0.453474 -0.272731 0.115263
0.481505 -0.255166 0.110775
0.490464 -0.237602 0.106287
0.462434 -0.220037 0.101798
0.434403 -0.202472 0.097310
0.406372 -0.184907 0.092822
0.378341 -0.167343 0.088334
0.349063 -0.148997 0.083646
0.319786 -0.130651 0.078958
0.290508 -0.112305 0.074270
0.261231 -0.093959 0.069582
0.231953 -0.075614 0.064894
0.202676 -0.057268 0.060206
0.173399 -0.038922 0.055518
0.144121 -0.024596 0.050830
0.114844 -0.042942 0.046142
0.085567 -0.061288 0.041455
0.055094 -0.080383 0.036575
0.024621 -0.099478 0.031696
-0.005852 -0.118573 0.026817
-0.036325 -0.137668 0.021937
-0.066798 -0.156763 0.017058
-0.097271 -0.175858 0.012179
-0.127744 -0.194952 0.007299
-0.158217 -0.214047 0.002420
-0.188689 -0.233142 -0.002459
-0.219162 -0.252237 -0.007339
-0.250786 -0.272053 -0.012402
-0.282409 -0.291869 -0.017466
-0.314032 -0.311685 -0.022529
-0.345655 -0.331501 -0.027593
-0.377279 -0.351317 -0.032656
-0.408902 -0.371132 -0.037720
-0.440525 -0.390948 -0.042783
-0.472148 -0.410764 -0.047847
-0.496229 -0.430580 -0.052910
-0.464605 -0.450396 -0.057974
-0.431872 -0.470907 -0.063215
-0.399139 -0.491418 -0.068456
-0.366406 -0.488071 -0.073698
-0.333673 -0.467559 -0.078939
-0.300940 -0.447048 -0.084180
-0.268207 -0.426537 -0.089421
-0.235474 -0.406026 -0.094663
-0.202741 -0.385515 -0.099904
-0.170008 -0.365004 -0.105145
-0.137274 -0.344493 -0.110386
-0.103468 -0.323309 -0.115800
-0.069661 -0.302125 -0.121213
-0.035855 -0.280941 -0.126626
-0.002048 -0.259757 -0.132039
0.031759 -0.238574 -0.137452
0.065565 -0.217390 -0.142865
0.099372 -0.196206 -0.148278
0.133179 -0.175022 -0.153692
0.166985 -0.153838 -0.159105
0.200792 -0.132654 -0.164518
0.235639 -0.110818 -0.170098
0.270486 -0.088982 -0.175677
0.305333 -0.067146 -0.181257
0.340180 -0.045310 -0.186837
0.375027 -0.023474 -0.192417
0.409874 -0.001639 -0.197996
0.444721 0.020197 -0.203576
0.479568 0.042033 -0.209156
0.485585 0.063869 -0.214735
0.450738 0.085705 -0.220315
0.414881 0.108174 -0.226057
0.379023 0.125351 -0.231798
0.343166 0.102882 -0.237539
0.307309 0.080413 -0.243281
0.271452 0.057944 -0.249022
0.235594 0.035475 -0.254764
0.199737 0.013007 -0.260505
0.163880 -0.009462 -0.266247
0.128022 -0.031931 -0.271988
0.092165 -0.054400 -0.277729
0.055325 -0.077485 -0.283628
0.018485 -0.100570 -0.289527
-0.018355 -0.123654 -0.295426
-0.055195 -0.146739 -0.301324
-0.092035 -0.169823 -0.307223
-0.128875 -0.192908 -0.313122
-0.165715 -0.215993 -0.319021
-0.202555 -0.239077 -0.324920
-0.239395 -0.262162 -0.330818
-0.276235 -0.285246 -0.336717
-0.314032 -0.308931 -0.342769
-0.351829 -0.332615 -0.348821
-0.389626 -0.356299 -0.354873
-0.427423 -0.379983 -0.360925
-0.465220 -0.403667 -0.366977
-0.496983 -0.427352 -0.373029
-0.459186 -0.451036 -0.379081
-0.421389 -0.474720 -0.385133
-0.383592 -0.498404 -0.391185
-0.345794 -0.477912 -0.397237
-0.307064 -0.453642 -0.403438
-0.268333 -0.429373 -0.409640
-0.229603 -0.405104 -0.415841
-0.190873 -0.380835 -0.422043
-0.152142 -0.356566 -0.428245
-0.113412 -0.332296 -0.434446
-0.074682 -0.308027 -0.440648
-0.035951 -0.283758 -0.446849
0.002779 -0.259489 -0.453051
0.041510 -0.235219 -0.459252
0.081151 -0.210379 -0.465600
0.120793 -0.185539 -0.471947
0.160435 -0.160698 -0.478294
0.200077 -0.135858 -0.484642
0.239719 -0.111017 -0.490989
0.279361 -0.086177 -0.497336
0.319002 -0.061337 -0.496317
0.358644 -0.036496 -0.489969
0.398286 -0.011656 -0.483622
0.437928 0.013184 -0.477275
0.478461 0.038583 -0.470785
0.457995 -0.004460 -0.465696
0.437530 -0.047502 -0.460608
0.417064 -0.090545 -0.455520
0.396598 -0.133587 -0.450432
0.376133 -0.176630 -0.445344
0.355667 -0.219672 -0.440256
0.335202 -0.262715 -0.435168
0.314736 -0.305757 -0.430079
0.294271 -0.348800 -0.424991
0.273365 -0.392768 -0.419794
0.252459 -0.436736 -0.414596
0.231553 -0.480704 -0.409399
0.210648 -0.475327 -0.404201
0.189742 -0.431359 -0.399004
0.168836 -0.387391 -0.393806
0.179860 -0.412624 -0.390927
0.212171 -0.483992 -0.389595
0.244482 -0.444640 -0.388262
0.276792 -0.373272 -0.386929
0.309769 -0.300433 -0.385569
0.342746 -0.227593 -0.384209
0.375723 -0.154753 -0.382849
0.408700 -0.081914 -0.381488
0.441676 -0.009074 -0.380128
0.474653 0.063766 -0.378768
0.492370 0.136605 -0.377408
0.459393 0.209445 -0.376048
0.426416 0.282285 -0.374688
0.393439 0.355124 -0.373327
0.359809 0.429407 -0.371940
0.326180 0.503689 -0.370553
0.292550 0.473500 -0.369165
0.258920 0.399218 -0.367778
0.225290 0.324936 -0.366391
0.221296 0.385056 -0.371017
0.224712 0.478777 -0.377147
0.228127 0.572498 -0.383278
0.231543 0.481462 -0.389408
0.234958 0.387741 -0.395538
0.238439 0.292235 -0.401784
0.241919 0.196728 -0.408031
0.245400 0.101222 -0.414277
0.248880 0.005716 -0.420524
0.252361 -0.089791 -0.426770
0.255841 -0.185297 -0.433017
0.259322 -0.280804 -0.439264
0.262803 -0.376310 -0.445510
0.266283 -0.471816 -0.451757
0.269764 -0.432677 -0.458003
0.273308 -0.335418 -0.464365
0.276853 -0.238159 -0.470726
0.280397 -0.140900 -0.477087
0.283941 -0.043641 -0.483449
0.287486 0.053618 -0.489810
0.291030 0.150877 -0.496171
0.294575 0.248136 -0.497468
0.298119 0.345395 -0.491106
0.301663 0.442654 -0.484745
0.305208 0.539913 -0.478384
0.308815 0.638893 -0.471910
0.312422 0.686885 -0.465436
0.316029 0.587905 -0.458962
0.319636 0.488924 -0.452488
0.323243 0.389943 -0.446014
0.326850 0.290963 -0.439540
0.330457 0.191982 -0.433066
0.334064 0.093002 -0.426592
0.337670 -0.005979 -0.420118
0.341277 -0.104959 -0.413644
0.344946 -0.205632 -0.407060
0.348615 -0.306304 -0.400475
0.352283 -0.406977 -0.393890
0.355952 -0.492350 -0.387306
0.359621 -0.391678 -0.380721
0.363289 -0.291005 -0.374137
0.366958 -0.190333 -0.367552
0.370627 -0.089660 -0.360968
0.374295 0.011012 -0.354383
0.377964 0.111685 -0.347799
0.381694 0.214022 -0.341105
0.385423 0.316358 -0.334412
0.389152 0.418695 -0.327718
0.392882 0.521032 -0.321024
0.396611 0.623369 -0.314331
0.400341 0.725706 -0.307637
0.404070 0.828043 -0.300944
0.407800 0.791806 -0.294250
0.411529 0.689469 -0.287556
0.415259 0.587132 -0.280863
0.419048 0.483158 -0.274062
0.422837 0.379184 -0.267262
0.426626 0.275209 -0.260461
0.430415 0.171235 -0.253660
0.434204 0.067261 -0.246860
0.437993 -0.036713 -0.240059
0.441782 -0.140688 -0.233259
0.445571 -0.244662 -0.226458
0.449360 -0.348636 -0.219657
0.453149 -0.452610 -0.212857
0.456997 -0.441803 -0.205951
0.460845 -0.336217 -0.199045
0.464693 -0.230631 -0.192139
0.468541 -0.125044 -0.185233
0.444344 -0.046436 -0.165833
0.378080 -0.008294 -0.127690
0.311816 0.029847 -0.089547
0.245553 0.067989 -0.051405
0.179289 0.106130 -0.013262
0.113025 0.144272 0.024880
0.045765 0.182987 0.063596
-0.021495 0.221702 0.102312
-0.088755 0.260417 0.141029
-0.156016 0.299132 0.179745
-0.223276 0.337847 0.218461
-0.290536 0.376562 0.257177
-0.357796 0.415277 0.295893
-0.425057 0.453992 0.334610
-0.492317 0.492707 0.373326
-0.440423 0.531422 0.412042
-0.372181 0.570702 0.451323
-0.303938 0.609983 0.490605
-0.235696 0.649263 0.470114
-0.167454 0.688543 0.430833
-0.099212 0.727823 0.391552
-0.030969 0.767103 0.352270
0.037273 0.806383 0.312989
0.105515 0.845663 0.273708
0.173757 0.842507 0.234427
0.241999 0.803227 0.195145
0.311210 0.763390 0.155307
0.380420 0.723553 0.115468
0.449630 0.683715 0.075630
0.481160 0.643878 0.035791
0.411949 0.604040 -0.004048
0.342739 0.564203 -0.043886
0.273529 0.524366 -0.083725
0.204319 0.484528 -0.123563
0.135108 0.444691 -0.163402
0.065898 0.404853 -0.203241
-0.004267 0.364466 -0.243629
-0.074432 0.324079 -0.284017
-0.144596 0.283692 -0.324405
-0.214761 0.243305 -0.364793
-0.284926 0.202918 -0.405181
-0.355091 0.162531 -0.445569
-0.425256 0.122144 -0.485957
-0.495421 0.081757 -0.473655
-0.434415 0.041370 -0.433266
-0.364250 0.000983 -0.392878
-0.293143 -0.039946 -0.351948
-0.222036 -0.080875 -0.311018
-0.150929 -0.121805 -0.270088
-0.079823 -0.162734 -0.229157
-0.008716 -0.203663 -0.188227
0.062391 -0.244592 -0.147297
0.133498 -0.285521 -0.106367
0.204604 -0.326451 -0.065436
0.275711 -0.367380 -0.024506
0.346818 -0.408309 0.016424
0.418854 -0.449774 0.057889
0.490891 -0.491238 0.099355
0.437073 -0.467298 0.140820
0.365037 -0.425834 0.182285
0.293000 -0.384369 0.223751
0.220964 -0.342905 0.265216
0.148928 -0.301441 0.306681
0.076891 -0.259976 0.348147
0.004855 -0.218512 0.389612
-0.067181 -0.177048 0.431078
-0.140135 -0.135055 0.473071
-0.213089 -0.093063 0.484935
-0.286043 -0.051071 0.442941
-0.358997 -0.009078 0.400948
-0.431951 0.032914 0.358954
-0.495095 0.074907 0.316961
-0.422141 0.116899 0.274967
-0.349187 0.158892 0.232974
-0.276233 0.200884 0.190980
-0.203279 0.242877 0.148987
-0.129419 0.285391 0.106471
-0.055558 0.327905 0.063956
0.018302 0.370419 0.021441
0.092162 0.412934 -0.021074
0.166023 0.455448 -0.063590
0.239883 0.497962 -0.106105
0.313743 0.540476 -0.148620
0.387603 0.582990 -0.191135
0.461464 0.625505 -0.233651
0.464676 0.668019 -0.276166
0.389920 0.711048 -0.319197
0.315165 0.754077 -0.362227
0.240409 0.797106 -0.405258
0.165654 0.840136 -0.448289
0.090898 0.883165 -0.491319
0.016143 0.926194 -0.465650
-0.058613 0.969223 -0.422619
-0.133369 0.938301 -0.379589
-0.208124 0.895272 -0.336558
-0.282880 0.852243 -0.293527
-0.358520 0.808704 -0.249987
-0.434160 0.765165 -0.206447
-0.490199 0.721627 -0.162907
-0.414559 0.678088 -0.119368
-0.338918 0.634549 -0.075828
-0.263278 0.591010 -0.032288
-0.187638 0.547471 0.011252
-0.111998 0.503933 0.054792
-0.036357 0.460394 0.098332
0.039283 0.416855 0.141872
0.115798 0.372813 0.185915
0.192313 0.328771 0.229958
0.268827 0.284728 0.274001
0.345342 0.240686 0.318045
0.421857 0.196644 0.362088
0.498372 0.152602 0.406131
0.425113 0.108560 0.450175
0.348599 0.064518 0.494218
0.272084 0.020476 0.461739
0.195569 -0.023566 0.417695
0.118190 -0.068106 0.373154
0.040810 -0.112645 0.328614
-0.036569 -0.157185 0.284073
-0.113948 -0.201725 0.239532
-0.191328 -0.246264 0.194991
-0.268707 -0.290804 0.150450
-0.346086 -0.335344 0.105909
-0.423466 -0.379883 0.061368
-0.499155 -0.424423 0.016828
-0.421776 -0.468962 -0.027713
-0.454619 -0.449410 0.017686
-0.464932 -0.402179 0.101841
-0.384484 -0.354948 0.185997
-0.304036 -0.307717 0.270152
-0.223587 -0.260486 0.354308
-0.143139 -0.213255 0.438463
-0.062690 -0.166024 0.477381
0.017758 -0.118793 0.393226
0.098206 -0.071562 0.309070
0.178655 -0.024330 0.224915
0.259973 0.023411 0.139849
0.341291 0.071153 0.054784
0.422609 0.118895 -0.030281
0.496073 0.166636 -0.115347
0.414755 0.214378 -0.200412
0.333437 0.262120 -0.285477
0.252119 0.309862 -0.370543
0.170801 0.357603 -0.455608
0.089483 0.405345 -0.459326
0.008165 0.453087 -0.374261
-0.074014 0.501334 -0.288295
-0.156193 0.549581 -0.202330
-0.238372 0.597828 -0.116364
-0.320550 0.646075 -0.030399
-0.402729 0.694322 0.055567
-0.484908 0.742569 0.141533
-0.432914 0.790816 0.227498
-0.350735 0.839063 0.313464
-0.268556 0.887310 0.399429
-0.186377 0.935557 0.485395
-0.103347 0.984304 0.427748
-0.020317 1.033051 0.340892
0.062713 1.081798 0.254035
0.145744 1.130545 0.167179
0.228774 1.179292 0.080323
0.311804 1.228039 -0.006534
0.394834 1.276786 -0.093390
0.477865 1.325533 -0.180247
0.439105 1.374280 -0.267103
0.356075 1.423027 -0.353960
0.272202 1.472269 -0.441698
0.188329 1.471206 -0.470564
0.104455 1.421965 -0.382825
0.020582 1.372723 -0.295087
-0.063291 1.323481 -0.207349
-0.147165 1.274239 -0.119610
-0.231038 1.224997 -0.031872
-0.314911 1.175756 0.055866
-0.398784 1.126514 0.143604
-0.482658 1.077272 0.231342
-0.432635 1.027540 0.319954
-0.347927 0.977809 0.408565
-0.263219 0.928077 0.497176
-0.178511 0.878345 0.414213
-0.093803 0.828613 0.325601
-0.009096 0.778882 0.236990
0.075612 0.729150 0.148379
0.160320 0.679418 0.059768
0.245028 0.629686 -0.028844
0.329736 0.579955 -0.117455
0.415270 0.529738 -0.206931
0.499196 0.479521 -0.296407
0.413662 0.429304 -0.385882
0.328128 0.379087 -0.475358
0.242594 0.328870 -0.435166
0.157059 0.278653 -0.345690
0.071525 0.228436 -0.256214
-0.014009 0.178219 -0.166739
-0.099544 0.128002 -0.077263
-0.185078 0.077785 0.012213
-0.271431 0.027088 0.102545
-0.357784 -0.023610 0.192877
-0.444136 -0.074307 0.283209
-0.469511 -0.125005 0.373541
-0.383158 -0.175703 0.463873
-0.296805 -0.226400 0.445795
-0.210452 -0.277098 0.355463
-0.124099 -0.327796 0.265131
-0.037747 -0.378493 0.174799
0.048606 -0.429191 0.084467
0.135770 -0.480364 -0.006714
0.222933 -0.468462 -0.097894
0.310097 -0.417288 -0.189074
0.397261 -0.366115 -0.280254
0.484425 -0.314941 -0.371434
0.428412 -0.263768 -0.462615
0.341248 -0.212594 -0.446205
0.254084 -0.161421 -0.355025
0.166921 -0.110247 -0.263845
0.079757 -0.059074 -0.172665
-0.008210 -0.007428 -0.080644
-0.096177 0.044217 0.011377
-0.184144 0.095862 0.103397
-0.272111 0.147508 0.195418
-0.360078 0.199153 0.287439
-0.448045 0.250798 0.379459
-0.463988 0.302443 0.471480
-0.376021 0.354089 0.436499
-0.288054 0.405734 0.344479
-0.200087 0.457379 0.252458
-0.111324 0.509492 0.159605
-0.022561 0.561605 0.066751
0.066202 0.613718 -0.026102
0.154965 0.665831 -0.118956
0.243728 0.717944 -0.211809
0.332491 0.770057 -0.304662
0.390032 0.796491 -0.360313
0.322684 0.720212 -0.267150
0.255337 0.643933 -0.173988
0.187988 0.567654 -0.080826
0.120042 0.490697 0.013165
0.052095 0.413739 0.107155
-0.015851 0.336782 0.201145
-0.083798 0.259825 0.295136
-0.151745 0.182867 0.389126
-0.219691 0.105910 0.483116
-0.287638 0.028953 0.422893
-0.355585 -0.048005 0.328903
-0.423531 -0.124962 0.234913
-0.491478 -0.201919 0.140922
-0.439982 -0.279549 0.046111
-0.371442 -0.357178 -0.048700
-0.302902 -0.434807 -0.143511
-0.234362 -0.487563 -0.238323
-0.165822 -0.409934 -0.333134
-0.097282 -0.332304 -0.427945
-0.028742 -0.254675 -0.477243
0.039798 -0.177046 -0.382432
0.108338 -0.099416 -0.287621
0.176879 -0.021787 -0.192809
0.246007 0.056509 -0.097184
0.315136 0.134805 -0.001559
0.384264 0.213100 0.094066
0.453393 0.291396 0.189691
0.477479 0.369692 0.285316
0.408350 0.447988 0.380942
0.339222 0.526284 0.476567
0.270093 0.604580 0.427808
0.200965 0.682876 0.332183
0.131836 0.761172 0.236558
0.062124 0.840128 0.140125
-0.007587 0.919085 0.043693
-0.077299 0.998041 -0.052739
-0.147011 1.076998 -0.149171
-0.216723 1.155955 -0.245603
-0.286435 1.234913 -0.342035
-0.304617 1.248173 -0.369434
-0.245506 1.162888 -0.293283
-0.186394 1.077603 -0.217132
-0.127283 0.992319 -0.140981
-0.067681 0.906327 -0.064199
-0.008079 0.820334 0.012584
0.051522 0.734342 0.089367
0.111124 0.648350 0.166150
0.170726 0.562358 0.242932
0.230328 0.476366 0.319715
0.289930 0.390373 0.396498
0.349532 0.304381 0.473280
0.409134 0.218389 0.449937
0.468736 0.132397 0.373154
0.471176 0.045703 0.295745
0.411088 -0.040991 0.218335
0.350999 -0.127685 0.140926
0.290911 -0.214379 0.063516
0.230823 -0.301073 -0.013893
0.170734 -0.387768 -0.091303
0.110646 -0.474462 -0.168712
0.050558 -0.438844 -0.246122
-0.009531 -0.352150 -0.323532
-0.069619 -0.265456 -0.400941
-0.130190 -0.178066 -0.478972
-0.190761 -0.090675 -0.442996
-0.200294 -0.057322 -0.436800
-0.133270 -0.105024 -0.461644
-0.066245 -0.152726 -0.360087
0.000779 -0.200429 -0.258531
0.067804 -0.248131 -0.156974
0.134828 -0.295833 -0.055417
0.201853 -0.343535 0.046139
0.268877 -0.391237 0.147696
0.336432 -0.439316 0.250055
0.403986 -0.487396 0.352415
0.471541 -0.464525 0.454774
0.460905 -0.416446 0.442867
0.393351 -0.368367 0.340507
0.325796 -0.320288 0.238148
0.258242 -0.272208 0.135788
0.190688 -0.224129 0.033429
0.123133 -0.176050 -0.068931
0.055579 -0.127971 -0.171290
-0.012501 -0.079517 -0.274446
-0.080581 -0.031064 -0.377602
-0.148661 0.017389 -0.480758
-0.216741 0.065843 -0.416086
-0.284821 0.114296 -0.312930
-0.352901 0.162749 -0.209774
-0.420981 0.211203 -0.106618
-0.489062 0.259656 -0.003462
-0.442858 0.308110 0.099694
-0.374778 0.356563 0.202850
-0.306176 0.405388 0.306796
-0.237575 0.454212 0.410743
-0.168973 0.503037 0.485310
-0.100371 0.551861 0.381364
-0.031770 0.600686 0.277417
0.036832 0.649511 0.173471
0.105434 0.698335 0.069524
0.174035 0.747160 -0.034422
0.242637 0.795984 -0.138369
0.311239 0.844809 -0.242315
0.380358 0.894002 -0.347046
0.449478 0.943195 -0.451777
0.481402 0.992387 -0.443492
0.412283 1.041580 -0.338761
0.343163 1.090773 -0.234030
0.274043 1.139966 -0.129298
0.204924 1.189159 -0.024567
0.135804 1.238352 0.080164
0.066685 1.287545 0.184895
-0.002435 1.336738 0.289626
-0.072068 1.386297 0.395135
-0.141701 1.435856 0.499355
-0.211335 1.485415 0.393845
-0.280968 1.534973 0.288335
-0.350602 1.584532 0.182826
-0.420235 1.634091 0.077316
-0.489868 1.683650 -0.028194
-0.440498 1.733209 -0.133704
-0.370865 1.782768 -0.239213
-0.301231 1.832327 -0.344723
-0.231088 1.882249 -0.451006
-0.160944 1.932172 -0.442711
-0.090801 1.982094 -0.336429
-0.020657 2.032017 -0.230146
0.049486 2.081939 -0.123863
0.119630 2.131861 -0.017580
0.189774 2.181784 0.088702
0.259917 2.231706 0.194985
0.330061 2.281629 0.301268
0.400204 2.331551 0.407551
0.470854 2.381834 0.485399
0.458496 2.432116 0.378349
0.387846 2.482399 0.271300
0.317196 2.443388 0.164249
0.246546 2.393106 0.057199
0.175896 2.342823 -0.049851
0.105246 2.292541 -0.156901
0.034596 2.242258 -0.263951
-0.036054 2.191976 -0.371001
-0.106704 2.141693 -0.478051
-0.177857 2.091053 -0.414137
-0.207013 2.074075 -0.362817
-0.138177 2.135639 -0.443309
-0.069341 2.197203 -0.476198
-0.000505 2.258768 -0.395706
0.068330 2.320332 -0.315213
0.137166 2.381897 -0.234721
0.206002 2.443461 -0.154228
0.274838 2.505026 -0.073736
0.343674 2.566590 0.006757
0.412993 2.628586 0.087815
0.482312 2.582843 0.168872
0.448369 2.520847 0.249930
0.379050 2.458851 0.330987
0.309731 2.396855 0.412045
0.240412 2.334859 0.493102
0.171093 2.272863 0.425840
0.101774 2.210867 0.344783
0.032455 2.148871 0.263725
-0.036864 2.086875 0.182668
-0.106663 2.024450 0.101049
-0.176462 1.962024 0.019431
-0.246261 1.899597 -0.062188
-0.316060 1.837171 -0.143806
-0.385858 1.774745 -0.225425
-0.455657 1.712318 -0.307043
-0.474544 1.649892 -0.388662
-0.404745 1.587466 -0.470280
-0.334946 1.525039 -0.448102
-0.265147 1.462613 -0.366483
-0.194872 1.399761 -0.284307
-0.124597 1.336909 -0.202132
-0.054322 1.274057 -0.119956
0.015953 1.211205 -0.037781
0.086229 1.148353 0.044395
0.156504 1.085502 0.126570
0.226779 1.022650 0.208746
0.297054 0.959797 0.290922
0.367329 0.896945 0.373097
0.437604 0.834092 0.455273
0.491647 0.770817 0.461998
0.420899 0.707541 0.379269
0.350151 0.644265 0.296540
0.279402 0.580990 0.213811
0.208654 0.517714 0.131082
0.137905 0.454438 0.048353
0.067157 0.391163 -0.034376
-0.003591 0.327888 -0.117105
-0.074340 0.264612 -0.199834
-0.145088 0.201337 -0.282563
-0.216307 0.137641 -0.365841
-0.287526 0.073945 -0.449120
-0.358744 0.010249 -0.467601
-0.429963 -0.053447 -0.384323
-0.498819 -0.117143 -0.301044
-0.427600 -0.180839 -0.217765
-0.356381 -0.244535 -0.134486
-0.285163 -0.308231 -0.051208
-0.213944 -0.371927 0.032071
-0.142726 -0.435623 0.115350
-0.071040 -0.499736 0.199174
0.000646 -0.436150 0.282999
0.072331 -0.372036 0.366824
0.144017 -0.307922 0.450648
0.215702 -0.243809 0.465527
0.287388 -0.179695 0.381702
0.359074 -0.115581 0.297878
0.430759 -0.051468 0.214053
0.497555 0.012646 0.130228
0.425870 0.076760 0.046403
0.353720 0.141288 -0.037964
0.281570 0.205817 -0.122331
0.209421 0.270345 -0.206699
0.137271 0.334874 -0.291066
0.065122 0.399402 -0.375433
-0.007028 0.463931 -0.459801
-0.079177 0.528460 -0.455832
-0.151327 0.592988 -0.371464
-0.223476 0.657517 -0.287097
-0.295626 0.722045 -0.202730
-0.318935 0.752857 -0.192391
-0.309378 0.760916 -0.231764
-0.299820 0.768974 -0.271137
-0.290262 0.777033 -0.310510
-0.280704 0.785091 -0.349883
-0.271146 0.793150 -0.389256
-0.261588 0.801208 -0.428629
-0.252030 0.809267 -0.468002
-0.242472 0.817325 -0.492625
-0.232914 0.825384 -0.453252
-0.223296 0.833493 -0.413631
-0.213678 0.841602 -0.374009
-0.204060 0.849712 -0.334388
-0.176579 0.827766 -0.322090
-0.131234 0.775766 -0.337114
-0.085890 0.723765 -0.352139
-0.040546 0.671765 -0.367163
0.004799 0.619765 -0.382188
0.050143 0.567765 -0.397212
0.095488 0.515764 -0.412237
0.141114 0.463440 -0.427355
0.186741 0.411116 -0.442473
0.232368 0.358792 -0.457591
0.277995 0.306467 -0.472709
0.323622 0.254143 -0.487828
0.369249 0.201819 -0.497054
0.414875 0.149495 -0.481936
0.460502 0.097171 -0.466818
0.493871 0.044846 -0.451700
0.448244 -0.007478 -0.436582
0.402337 -0.060124 -0.421371
0.356429 -0.112770 -0.406160
0.310521 -0.165417 -0.390948
0.264613 -0.218063 -0.375737
0.218706 -0.270709 -0.360526
0.172798 -0.323355 -0.345315
0.126890 -0.376001 -0.330104
0.080983 -0.428647 -0.314893
0.035075 -0.481293 -0.299682
-0.010833 -0.466061 -0.284471
-0.057020 -0.413094 -0.269167
-0.103206 -0.360128 -0.253863
-0.149393 -0.307162 -0.238559
-0.195580 -0.254196 -0.223256
-0.241767 -0.201230 -0.207952
-0.287953 -0.148263 -0.192649
-0.334140 -0.095297 -0.177345
-0.380327 -0.042331 -0.162041
-0.426513 0.010635 -0.146738
-0.472700 0.063602 -0.131434
-0.480836 0.116886 -0.116038
-0.434371 0.170170 -0.100643
-0.387907 0.223455 -0.085247
-0.341443 0.276739 -0.069852
-0.294979 0.330023 -0.054456
-0.248515 0.383308 -0.039061
-0.202050 0.436592 -0.023665
-0.155586 0.489877 -0.008269
-0.109122 0.543161 0.007126
-0.062658 0.596445 0.022522
-0.015918 0.650046 0.038009
0.030822 0.703647 0.053496
0.077562 0.757247 0.068983
0.124302 0.810848 0.084470
0.171042 0.864449 0.099957
0.217782 0.918049 0.115444
0.264521 0.971650 0.130931
0.311261 1.025250 0.146418
0.358001 1.078850 0.161905
0.404741 1.132450 0.177392
0.451755 1.186365 0.192969
0.498769 1.240280 0.208547
0.454217 1.294195 0.224125
0.407203 1.348110 0.239703
0.360189 1.402024 0.255281
0.313175 1.455939 0.270858
0.266161 1.509854 0.286436
0.219147 1.563769 0.302014
0.172132 1.617684 0.317591
0.125118 1.671598 0.333169
0.077832 1.725825 0.348837
0.030545 1.780053 0.364505
-0.016741 1.834280 0.380173
-0.064028 1.888507 0.395841
-0.111315 1.942734 0.411509
-0.158601 1.996961 0.427177
-0.205888 2.051189 0.442845
-0.253174 2.105417 0.458513
-0.300461 2.159646 0.474181
-0.347748 2.213874 0.489849
-0.395306 2.268412 0.494393
-0.442863 2.322951 0.478635
-0.490421 2.377489 0.462877
-0.462021 2.432027 0.447119
-0.414464 2.486565 0.431361
-0.366906 2.541104 0.415603
-0.319349 2.595642 0.399845
-0.271791 2.650180 0.384087
-0.224233 2.704718 0.368329
-0.176676 2.759257 0.352572
-0.128849 2.814105 0.336724
-0.081021 2.868953 0.320877
-0.033194 2.923801 0.305030
0.014633 2.978649 0.289183
0.062460 3.033498 0.273336
0.110287 3.088346 0.257489
0.158114 3.143194 0.241642
0.205941 3.198042 0.225795
0.253768 3.252890 0.209947
0.301595 3.307739 0.194100
0.349690 3.362894 0.178164
0.397785 3.418050 0.162228
0.445880 3.438667 0.146292
0.493975 3.383512 0.130357
0.457930 3.328356 0.114421
0.409835 3.273200 0.098485
0.361740 3.218044 0.082549
0.313645 3.162889 0.066613
0.265550 3.107733 0.050677
0.217455 3.052577 0.034741
0.169094 2.997116 0.018716
0.120732 2.941655 0.002692
0.072371 2.886194 -0.013332
0.024009 2.830733 -0.029356
-0.024352 2.775272 -0.045381
-0.072713 2.719811 -0.061405
-0.121075 2.664351 -0.077429
-0.169436 2.608890 -0.093453
-0.217798 2.553429 -0.109478
-0.266159 2.497968 -0.125502
-0.314785 2.442204 -0.141614
-0.363412 2.386440 -0.157726
-0.412038 2.330677 -0.173838
-0.460665 2.274913 -0.189950
-0.490709 2.219149 -0.206062
-0.442083 2.163385 -0.222174
-0.393456 2.107622 -0.238286
-0.344830 2.051858 -0.254398
-0.296204 1.996094 -0.270510
-0.247577 1.940331 -0.286622
-0.198687 1.884264 -0.302821
-0.149797 1.828197 -0.319021
-0.100907 1.772131 -0.335220
-0.052017 1.716064 -0.351420
-0.003127 1.659998 -0.367619
0.045763 1.603931 -0.383818
0.094653 1.547865 -0.400018
0.143543 1.491798 -0.416217
0.192433 1.435732 -0.432416
0.241322 1.379665 -0.448616
0.290475 1.323298 -0.464902
0.339627 1.266932 -0.481188
0.388779 1.210565 -0.497475
0.437931 1.154198 -0.486239
0.487083 1.097831 -0.469953
0.463765 1.041464 -0.453666
0.414613 0.985097 -0.437380
0.365461 0.928730 -0.421093
0.316309 0.872363 -0.404807
0.267157 0.815996 -0.388521
0.217744 0.759330 -0.372148
0.168331 0.702664 -0.355776
0.118918 0.645998 -0.339403
0.069505 0.589332 -0.323031
0.020092 0.532665 -0.306658
-0.029321 0.476000 -0.290286
-0.078733 0.419334 -0.273913
-0.128146 0.362668 -0.257541
-0.177559 0.306002 -0.241168
-0.226972 0.249336 -0.224795
-0.276644 0.192373 -0.208337
-0.326317 0.135409 -0.191878
-0.375989 0.078446 -0.175420
-0.425662 0.021483 -0.158961
-0.475334 -0.035481 -0.142502
-0.474993 -0.092444 -0.126044
-0.425321 -0.149408 -0.109585
-0.375649 -0.206371 -0.093127
-0.325976 -0.263334 -0.076668
-0.276304 -0.320298 -0.060209
-0.226374 -0.377557 -0.043665
-0.176443 -0.434816 -0.027121
-0.126513 -0.492075 -0.010577
-0.076582 -0.450665 0.005967
-0.026652 -0.393406 0.022511
0.023278 -0.336147 0.039055
0.073208 -0.278888 0.055599
0.123139 -0.221629 0.072143
0.173069 -0.164369 0.088687
0.222999 -0.107110 0.105232
0.273187 -0.049556 0.121861
0.323374 0.007998 0.138490
0.373561 0.065551 0.155119
0.423748 0.123105 0.171748
0.473935 0.180659 0.188377
0.475878 0.238212 0.205006
0.425691 0.295766 0.221635
0.375504 0.353320 0.238264
0.325317 0.410873 0.254893
0.275129 0.468427 0.271523
0.224687 0.526273 0.288236
0.174245 0.584120 0.304950
0.123802 0.641966 0.321664
0.073360 0.699812 0.338378
0.022917 0.757659 0.355091
-0.027525 0.815505 0.371805
-0.077967 0.873351 0.388519
-0.128410 0.931197 0.405232
-0.178852 0.989044 0.421946
-0.229295 1.046890 0.438660
-0.279991 1.105029 0.455458
-0.330688 1.163167 0.472256
-0.381384 1.221305 0.489054
-0.432080 1.279444 0.494148
-0.482777 1.337582 0.477350
-0.466527 1.395720 0.460552
-0.415830 1.453859 0.443754
-0.365134 1.511997 0.426955
-0.314437 1.570135 0.410157
-0.263741 1.628274 0.393359
-0.212792 1.686702 0.376477
-0.161842 1.745130 0.359596
-0.110893 1.803558 0.342714
-0.059943 1.861986 0.325832
-0.008994 1.920414 0.308950
0.041956 1.978842 0.292068
-0.036270 1.940650 0.249353
-0.114496 1.902458 0.206637
-0.192722 1.864265 0.163921
