0.190431 0.354923 -0.380228
0.196531 0.353838 -0.355162
0.202630 0.334907 -0.330097
0.208730 0.177216 -0.305031
0.214829 0.012711 -0.279965
0.220929 -0.136290 -0.254900
0.227028 -0.223809 -0.229834
0.233128 -0.277599 -0.204769
0.239227 -0.304344 -0.179703
0.245327 -0.335075 -0.154637
0.251426 -0.364531 -0.129571
0.258896 -0.372817 -0.098872
0.266367 -0.396463 -0.068173
0.265155 -0.432139 -0.060684
0.250921 -0.448952 -0.088009
0.235180 -0.449252 -0.086477
0.217934 -0.453030 -0.056090
0.212412 -0.459700 -0.062542
0.214707 -0.468951 -0.093555
0.217002 -0.478202 -0.124567
0.219297 -0.487452 -0.155580
0.221946 -0.498134 -0.191390
0.224596 -0.491184 -0.227200
0.227246 -0.480503 -0.263010
0.229896 -0.469821 -0.298820
0.232546 -0.459139 -0.334631
0.235196 -0.448457 -0.370441
0.237846 -0.437776 -0.406251
0.240496 -0.427094 -0.442061
0.243145 -0.416412 -0.477871
0.245795 -0.405730 -0.486318
0.248758 -0.393788 -0.446281
0.251721 -0.381846 -0.406244
0.254683 -0.369903 -0.366207
0.290953 -0.375547 -0.368112
0.341496 -0.388728 -0.387991
0.392040 -0.401908 -0.407871
0.442583 -0.415089 -0.427750
0.493127 -0.428270 -0.447629
0.456330 -0.441450 -0.467509
0.405786 -0.454631 -0.487388
0.350419 -0.469070 -0.490836
0.295051 -0.483508 -0.469059
0.239683 -0.497947 -0.447282
0.184315 -0.487615 -0.425506
0.128948 -0.473176 -0.403729
0.073580 -0.458737 -0.381953
0.018212 -0.444299 -0.360176
-0.037156 -0.429860 -0.338400
-0.083471 -0.414228 -0.320368
-0.048310 -0.387850 -0.336040
-0.010333 -0.359360 -0.352967
0.027644 -0.330869 -0.369895
0.065622 -0.302378 -0.386822
0.103599 -0.273888 -0.403749
0.141576 -0.245397 -0.420677
0.179554 -0.216906 -0.437604
0.217531 -0.216461 -0.454532
0.255509 -0.244952 -0.471459
0.293486 -0.273442 -0.488387
0.331463 -0.301933 -0.494686
0.372063 -0.332391 -0.476590
0.412662 -0.362849 -0.458493
0.453262 -0.393306 -0.440397
0.493861 -0.423764 -0.422301
0.465540 -0.454222 -0.404205
0.424940 -0.484679 -0.386108
0.384341 -0.484863 -0.368012
0.343741 -0.454405 -0.349916
0.303142 -0.423948 -0.331820
0.270777 -0.398551 -0.315610
0.315053 -0.419926 -0.316431
0.359328 -0.441300 -0.317251
0.403604 -0.462675 -0.318072
0.372184 -0.429983 -0.321848
0.321840 -0.383774 -0.326363
0.271497 -0.337566 -0.330879
0.221153 -0.291357 -0.335394
0.170809 -0.245149 -0.339909
0.120465 -0.198940 -0.344425
0.070122 -0.153869 -0.348940
0.017055 -0.202577 -0.353700
-0.036012 -0.251286 -0.358459
-0.086970 -0.298401 -0.368132
-0.133005 -0.341802 -0.389272
-0.179040 -0.385203 -0.410412
-0.225075 -0.428604 -0.431552
-0.271110 -0.472005 -0.452691
-0.278956 -0.481749 -0.455052
-0.229517 -0.441007 -0.429246
-0.180078 -0.400265 -0.403439
-0.128226 -0.357535 -0.376373
-0.076374 -0.314806 -0.349307
-0.146247 -0.287187 -0.333147
-0.216120 -0.259569 -0.316988
-0.285993 -0.231951 -0.300829
-0.355865 -0.204333 -0.284670
-0.425738 -0.176715 -0.268511
-0.495611 -0.149096 -0.252352
-0.434516 -0.121478 -0.236193
-0.364644 -0.093860 -0.220033
-0.291664 -0.065013 -0.203156
-0.218684 -0.036167 -0.186278
-0.145705 -0.046708 -0.169400
-0.072725 -0.075554 -0.152522
0.000255 -0.104400 -0.135644
0.073234 -0.133247 -0.118767
0.146214 -0.162093 -0.101889
0.219194 -0.190939 -0.085011
0.292173 -0.219785 -0.068133
0.365153 -0.248632 -0.051256
0.441112 -0.278656 -0.033689
0.482928 -0.308680 -0.016122
0.406968 -0.338705 0.001445
0.370422 -0.349584 0.004100
0.425839 -0.315791 -0.028041
0.481256 -0.281998 -0.060182
0.463327 -0.248205 -0.092323
0.407910 -0.214413 -0.124464
0.352492 -0.180620 -0.156605
0.297075 -0.146827 -0.188746
0.239566 -0.111759 -0.222100
0.182057 -0.076690 -0.255454
0.124548 -0.041622 -0.288808
0.067038 -0.006554 -0.322162
0.009529 0.028515 -0.355516
-0.047980 0.017328 -0.388871
-0.105489 -0.017741 -0.422225
-0.162998 -0.052809 -0.455579
-0.220508 -0.087878 -0.488933
-0.278017 -0.122946 -0.477713
-0.337545 -0.159245 -0.443188
-0.397072 -0.195544 -0.408663
-0.456600 -0.231844 -0.374138
-0.483872 -0.268143 -0.339614
-0.424344 -0.304442 -0.305089
-0.364817 -0.340741 -0.270564
-0.305289 -0.377041 -0.236039
-0.245761 -0.413340 -0.201514
-0.186234 -0.449639 -0.166990
-0.126706 -0.485938 -0.132465
-0.065226 -0.476572 -0.096808
-0.003746 -0.439082 -0.061151
0.057734 -0.401592 -0.025494
0.119214 -0.364102 0.010163
0.180693 -0.326613 0.045821
0.242173 -0.289123 0.081478
0.303653 -0.251633 0.117135
0.365133 -0.214143 0.152792
0.426613 -0.176654 0.188449
0.488093 -0.139164 0.224106
0.448535 -0.100520 0.260861
0.385163 -0.061877 0.297615
0.321791 -0.023233 0.334370
0.258419 0.015410 0.371124
0.207070 0.045517 0.401118
0.263925 -0.001205 0.370265
0.320779 -0.047927 0.339413
0.377633 -0.094648 0.308560
0.434488 -0.141370 0.277707
0.491342 -0.188092 0.246854
0.450155 -0.236168 0.215107
0.391652 -0.284244 0.183359
0.333149 -0.332320 0.151612
0.389308 -0.285282 0.188523
0.445467 -0.238243 0.225433
0.498374 -0.191205 0.262344
0.442215 -0.144167 0.299254
0.386056 -0.097128 0.336165
0.329898 -0.050090 0.373075
0.273739 -0.003051 0.409986
0.216041 0.045276 0.447908
0.158343 0.093603 0.485830
0.100645 0.141931 0.476248
0.042947 0.160557 0.438326
-0.014751 0.112229 0.400405
-0.072448 0.063902 0.362483
-0.130146 0.015575 0.324561
-0.187844 -0.032753 0.286639
-0.245542 -0.081080 0.248717
-0.303240 -0.129408 0.210795
-0.362437 -0.178990 0.171888
-0.421633 -0.228573 0.132981
-0.480830 -0.278156 0.094073
-0.459973 -0.327739 0.055166
-0.400777 -0.377322 0.016259
-0.341580 -0.426904 -0.022648
-0.282383 -0.476487 -0.061555
-0.223187 -0.473930 -0.100462
-0.163990 -0.424348 -0.139370
-0.104793 -0.374765 -0.178277
-0.044135 -0.323958 -0.218145
0.016524 -0.273150 -0.258012
0.077183 -0.222343 -0.297881
0.137841 -0.171536 -0.337749
0.198500 -0.120728 -0.377617
0.259159 -0.069921 -0.417485
0.319817 -0.019114 -0.457353
0.380476 0.031694 -0.497221
0.441135 0.082501 -0.462911
0.498206 0.133308 -0.423043
0.436121 0.185311 -0.382237
0.374035 0.237314 -0.341431
0.311949 0.289317 -0.300624
0.249863 0.341320 -0.259818
0.187776 0.393323 -0.219012
0.125690 0.350255 -0.178206
0.164969 0.382304 -0.178850
0.229589 0.278259 -0.189856
0.294209 0.174213 -0.200862
0.358829 0.070168 -0.211869
0.424902 -0.036216 -0.223123
0.490974 -0.142600 -0.234377
0.442954 -0.248984 -0.245630
0.376881 -0.355368 -0.256884
0.310809 -0.461752 -0.268138
0.244737 -0.431865 -0.279391
0.178664 -0.325481 -0.290645
0.112592 -0.219097 -0.301899
0.046519 -0.112713 -0.313152
-0.019553 -0.006329 -0.324406
-0.087046 0.102343 -0.335902
-0.154540 0.211015 -0.347398
-0.222033 0.319687 -0.358894
-0.289527 0.428359 -0.370390
-0.357020 0.418584 -0.381886
-0.424513 0.309912 -0.393382
-0.492007 0.201240 -0.404878
-0.440500 0.092568 -0.416374
-0.373007 -0.016104 -0.427870
-0.305513 -0.124776 -0.439365
-0.236628 -0.235689 -0.451098
-0.167743 -0.346602 -0.462831
-0.098858 -0.457515 -0.474564
-0.029972 -0.431572 -0.486297
0.038913 -0.320660 -0.498030
0.107798 -0.209747 -0.490237
0.176683 -0.098834 -0.478504
0.245568 0.012079 -0.466772
0.314454 0.122992 -0.455039
0.383339 0.233905 -0.443306
0.453588 0.347014 -0.431340
0.476162 0.460124 -0.419375
0.405913 0.482071 -0.407410
0.335664 0.368961 -0.395444
0.265414 0.255852 -0.383479
0.195165 0.142743 -0.371514
0.124915 0.029633 -0.359548
0.054666 -0.083476 -0.347583
-0.015584 -0.196585 -0.335618
-0.085833 -0.309695 -0.323652
-0.157421 -0.424959 -0.311459
-0.229008 -0.459777 -0.299266
-0.300596 -0.344513 -0.287073
-0.372183 -0.229249 -0.274880
-0.443771 -0.113985 -0.262687
-0.484642 0.001279 -0.250494
-0.413054 0.116543 -0.238301
-0.341466 0.231807 -0.226108
-0.269879 0.347071 -0.213915
-0.198291 0.462335 -0.201722
-0.125390 0.579714 -0.189305
-0.052489 0.523902 -0.176888
0.020412 0.406523 -0.164471
0.093314 0.289144 -0.152054
0.166215 0.171765 -0.139637
0.239116 0.054386 -0.127221
0.180134 0.148253 -0.135466
0.106497 0.265593 -0.146008
0.032860 0.382932 -0.156549
-0.040776 0.500271 -0.167090
-0.115716 0.619687 -0.177818
-0.190656 0.685656 -0.188546
-0.265596 0.566240 -0.199274
-0.340536 0.446824 -0.210002
-0.415476 0.327408 -0.220730
-0.490416 0.207992 -0.231458
-0.434644 0.088575 -0.242186
-0.359704 -0.030841 -0.252914
-0.284764 -0.150257 -0.263642
-0.209824 -0.269673 -0.274370
-0.133603 -0.391131 -0.285281
-0.057382 -0.487411 -0.296192
0.018839 -0.365954 -0.307103
0.095060 -0.244496 -0.318015
0.171281 -0.123039 -0.328926
0.247502 -0.001581 -0.339837
0.323723 0.119877 -0.350748
0.399944 0.241335 -0.361659
0.476165 0.362792 -0.372571
0.447614 0.484250 -0.383482
0.370133 0.607715 -0.394574
0.292652 0.731181 -0.405666
0.215171 0.771309 -0.416757
0.137690 0.647843 -0.427849
0.060209 0.524378 -0.438941
-0.017272 0.400912 -0.450033
-0.094753 0.277447 -0.461125
-0.172234 0.153981 -0.472217
-0.249714 0.030516 -0.483308
-0.327195 -0.092949 -0.494400
-0.405916 -0.218390 -0.494331
-0.484637 -0.343831 -0.483061
-0.436642 -0.469272 -0.471792
-0.357922 -0.405287 -0.460523
-0.279201 -0.279846 -0.449254
-0.200480 -0.154405 -0.437985
-0.121759 -0.028964 -0.426716
-0.043039 0.096477 -0.415447
0.035682 0.221918 -0.404177
0.114403 0.347359 -0.392908
0.194344 0.474745 -0.381464
0.274285 0.602131 -0.370021
0.354227 0.729516 -0.358577
0.434168 0.739446 -0.347133
0.485891 0.612060 -0.335689
0.405950 0.484674 -0.324245
0.326009 0.357288 -0.312802
0.246068 0.229902 -0.301358
0.166126 0.102517 -0.289914
0.086185 -0.024869 -0.278470
0.005042 -0.154171 -0.266854
-0.076102 -0.283472 -0.255238
-0.157245 -0.412774 -0.243622
-0.238389 -0.457924 -0.232006
-0.319532 -0.328623 -0.220390
-0.400676 -0.199321 -0.208774
-0.481819 -0.070020 -0.197158
-0.437038 0.059282 -0.185542
-0.355894 0.188583 -0.173926
-0.274751 0.317885 -0.162310
-0.192423 0.449074 -0.150524
-0.110094 0.580263 -0.138739
-0.027766 0.711453 -0.126953
0.054562 0.735352 -0.115167
0.136890 0.604163 -0.103382
0.093640 0.686092 -0.121386
0.018997 0.821301 -0.146838
-0.055647 0.720129 -0.172290
-0.130291 0.584920 -0.197742
-0.204935 0.449711 -0.223194
-0.280637 0.312584 -0.249007
-0.356340 0.175458 -0.274820
-0.432043 0.038331 -0.300633
-0.492255 -0.098796 -0.326446
-0.416552 -0.235923 -0.352259
-0.340849 -0.373049 -0.378072
-0.265147 -0.489824 -0.403885
-0.189444 -0.352697 -0.429698
-0.113742 -0.215571 -0.455511
-0.038039 -0.078444 -0.481324
0.038708 0.060574 -0.492507
0.115455 0.199593 -0.466338
0.192201 0.338611 -0.440169
0.268948 0.477629 -0.414000
0.345695 0.616647 -0.387831
0.422442 0.755666 -0.361661
0.499189 0.894684 -0.335492
0.424064 0.836176 -0.309323
0.347317 0.697158 -0.283154
0.270570 0.558139 -0.256985
0.192793 0.417255 -0.230465
0.115016 0.276371 -0.203944
0.037239 0.135487 -0.177424
-0.040538 -0.005398 -0.150904
-0.118315 -0.146282 -0.124383
-0.196092 -0.287166 -0.097863
-0.273869 -0.428050 -0.071343
-0.351646 -0.431065 -0.044822
-0.429423 -0.290181 -0.018302
-0.492800 -0.149297 0.008218
-0.414007 -0.006571 0.035085
-0.335213 0.136155 0.061952
-0.256419 0.278881 0.088819
-0.177625 0.421607 0.115686
-0.098832 0.564333 0.142553
-0.020038 0.707059 0.169420
0.058756 0.849784 0.196287
0.137550 0.992510 0.223154
0.216344 1.094067 0.250021
0.295137 0.951341 0.276888
0.374935 0.806797 0.304097
0.454732 0.662253 0.331307
0.465470 0.517708 0.358516
0.385673 0.373164 0.385725
0.305875 0.228620 0.412934
0.226078 0.084076 0.440144
0.146280 -0.060469 0.467353
0.066483 -0.205013 0.494562
-0.013315 -0.349557 0.478229
-0.093112 -0.494101 0.451020
-0.173901 -0.359559 0.423472
-0.254690 -0.213219 0.395925
-0.335479 -0.066879 0.368378
-0.416268 0.079461 0.340831
-0.497056 0.225801 0.313284
-0.422155 0.372140 0.285737
-0.341366 0.518480 0.258189
-0.260577 0.664820 0.230642
-0.179789 0.811161 0.203095
-0.099000 0.957501 0.175547
-0.017232 0.829741 0.147666
0.064537 0.681627 0.119785
0.146305 0.533513 0.091904
0.228073 0.385399 0.064022
0.309841 0.237285 0.036141
0.391609 0.089172 0.008260
0.473377 -0.058942 -0.019621
0.444855 -0.207056 -0.047502
0.363087 -0.355170 -0.075384
0.281319 -0.496717 -0.103265
0.198583 -0.346850 -0.131476
0.115847 -0.196983 -0.159687
0.033111 -0.047117 -0.187898
-0.049625 0.102750 -0.216110
-0.132361 0.252616 -0.244321
-0.215096 0.402483 -0.272532
-0.297832 0.552350 -0.300743
-0.380568 0.702217 -0.328954
-0.463304 0.852084 -0.357165
-0.453961 1.001951 -0.385377
-0.370268 1.123992 -0.413914
-0.286576 0.972392 -0.442451
-0.202884 0.820793 -0.470988
-0.119191 0.669194 -0.499525
-0.035499 0.517595 -0.471937
0.048194 0.365996 -0.443400
0.131886 0.214397 -0.414863
0.215578 0.062797 -0.386326
0.299271 -0.088802 -0.357788
0.382963 -0.240401 -0.329251
0.467601 -0.393714 -0.300392
0.447761 -0.452974 -0.271532
0.363123 -0.299662 -0.242672
0.278485 -0.146349 -0.213812
0.193847 0.006963 -0.184953
0.109209 0.160275 -0.156093
0.024571 0.313587 -0.127233
-0.060067 0.466900 -0.098373
-0.144705 0.620212 -0.069513
-0.229343 0.773524 -0.040653
-0.314916 0.928531 -0.011475
-0.400490 1.083537 0.017704
-0.486063 1.238544 0.046883
-0.428364 1.325590 0.076061
-0.342791 1.170583 0.105240
-0.278527 1.044405 0.133713
-0.406052 1.177675 0.155837
-0.466423 1.310945 0.177960
-0.338898 1.383735 0.200083
-0.265816 1.382903 0.244959
-0.246976 1.345369 0.313319
-0.228136 1.212341 0.381679
-0.209296 1.079313 0.450039
-0.190456 0.946285 0.481601
-0.171616 0.813258 0.413241
-0.152776 0.680231 0.344881
-0.133936 0.547203 0.276521
-0.115096 0.414175 0.208161
-0.096256 0.281148 0.139801
-0.077416 0.148120 0.071441
-0.058377 0.013685 0.002357
-0.039338 -0.120751 -0.066726
-0.020298 -0.255186 -0.135810
-0.001259 -0.389621 -0.204893
0.017780 -0.475944 -0.273977
0.036820 -0.341508 -0.343060
0.055859 -0.207073 -0.412144
0.074898 -0.072638 -0.481227
0.093937 0.061798 -0.449689
0.112977 0.196233 -0.380605
0.132213 0.332061 -0.310806
0.151450 0.467890 -0.241007
0.170687 0.603718 -0.171207
0.189923 0.739547 -0.101408
0.209160 0.875375 -0.031608
0.228397 1.011203 0.038191
0.247633 1.147031 0.107990
0.266870 1.282860 0.177790
0.286106 1.418688 0.247589
0.305343 1.413687 0.317389
0.324775 1.276479 0.387897
0.344207 1.139272 0.458405
0.363639 1.002064 0.471087
0.383071 0.864857 0.400579
0.402503 0.727649 0.330071
0.421935 0.590442 0.259563
0.441367 0.453234 0.189055
0.460799 0.316027 0.118547
0.480231 0.178819 0.048039
0.499663 0.041612 -0.022469
0.480712 -0.096961 -0.093679
0.461087 -0.235534 -0.164889
0.441462 -0.374106 -0.236098
0.421837 -0.487321 -0.307308
0.402211 -0.348748 -0.378518
0.382586 -0.210175 -0.449727
0.362961 -0.071602 -0.479063
0.343336 0.066970 -0.407853
0.323711 0.205543 -0.336644
0.304086 0.344116 -0.265434
0.284269 0.484041 -0.193530
0.264452 0.623966 -0.121625
0.244635 0.763890 -0.049721
0.224819 0.903815 0.022184
0.205002 1.043740 0.094088
0.185185 1.183664 0.165992
0.165368 1.323589 0.237897
0.145552 1.463513 0.309801
0.125735 1.603437 0.381705
0.105918 1.472273 0.453610
0.085912 1.331008 0.473798
0.065905 1.189744 0.401205
0.045899 1.048480 0.328613
0.025893 0.907216 0.256020
0.005886 0.765953 0.183428
-0.014120 0.624689 0.110835
-0.034126 0.483425 0.038243
-0.054133 0.342161 -0.034350
-0.074139 0.200898 -0.106942
-0.094146 0.059634 -0.179535
-0.114340 -0.082956 -0.252809
-0.134534 -0.225547 -0.326083
-0.154728 -0.368137 -0.399357
-0.174922 -0.489273 -0.472631
-0.195117 -0.346683 -0.454095
-0.242853 -0.470546 -0.486626
-0.290589 -0.405591 -0.427347
-0.338325 -0.281727 -0.368068
-0.386061 -0.157864 -0.308789
-0.433797 -0.034001 -0.249510
-0.481973 0.091004 -0.189685
-0.469850 0.216009 -0.129860
-0.421674 0.341013 -0.070034
-0.373498 0.466018 -0.010209
-0.325322 0.591023 0.049616
-0.277146 0.716027 0.109441
-0.228970 0.841032 0.169267
-0.180794 0.966037 0.229092
-0.132618 1.091042 0.288917
-0.084442 1.216047 0.348743
-0.035829 1.342183 0.409109
0.078535 1.430133 0.447312
0.209336 1.508536 0.479973
0.340138 1.586939 0.487365
0.470940 1.665341 0.454704
0.398258 1.715202 0.422042
0.267456 1.636799 0.389380
0.136655 1.558396 0.356719
0.005853 1.479993 0.324057
-0.124949 1.401591 0.291396
-0.256914 1.322491 0.258444
-0.388878 1.243390 0.225492
-0.479157 1.164290 0.192540
-0.347192 1.085190 0.159588
-0.215228 1.006090 0.126636
-0.083263 0.926991 0.093684
0.048701 0.847891 0.060732
0.180666 0.768791 0.027780
0.312631 0.689692 -0.005172
0.444595 0.610592 -0.038124
0.422288 0.530802 -0.071364
0.289170 0.451011 -0.104603
0.156053 0.371221 -0.137843
0.022936 0.291430 -0.171083
-0.110181 0.211639 -0.204323
-0.243298 0.131849 -0.237562
-0.376415 0.052058 -0.270802
-0.490468 -0.027732 -0.304042
-0.357351 -0.107523 -0.337282
-0.224233 -0.187314 -0.370521
-0.089974 -0.267789 -0.404047
0.044286 -0.348265 -0.437572
0.178546 -0.428740 -0.471097
0.312806 -0.490784 -0.495378
0.447065 -0.410309 -0.461853
0.418675 -0.329833 -0.428327
0.284415 -0.249358 -0.394802
0.150155 -0.168882 -0.361277
0.015895 -0.088407 -0.327752
-0.118364 -0.007931 -0.294226
-0.253757 0.073223 -0.260418
-0.389150 0.154378 -0.226610
-0.475457 0.235533 -0.192802
-0.340064 0.316688 -0.158994
-0.204671 0.397842 -0.125186
-0.069279 0.478997 -0.091378
0.066114 0.560152 -0.057570
0.201507 0.641306 -0.023762
0.336900 0.722461 0.010046
0.472293 0.803616 0.043854
0.391191 0.885444 0.077943
0.254675 0.967272 0.112031
0.118158 1.049100 0.146120
-0.018358 1.130928 0.180208
-0.154875 1.212755 0.214297
-0.291391 1.294583 0.248386
-0.427907 1.376411 0.282474
-0.435576 1.458238 0.316563
-0.299060 1.540066 0.350651
-0.162543 1.621894 0.384740
-0.024913 1.704390 0.419107
0.112718 1.786886 0.453473
0.250349 1.869383 0.487840
0.387980 1.815477 0.477793
0.474389 1.732981 0.443426
0.336759 1.650485 0.409059
0.199128 1.567988 0.374692
0.061497 1.485492 0.340326
-0.076134 1.402995 0.305959
-0.213765 1.320499 0.271592
-0.352501 1.237340 0.236949
-0.491237 1.154181 0.202306
-0.370026 1.071021 0.167663
-0.231290 0.987862 0.133020
-0.092554 0.904704 0.098377
0.046183 0.821545 0.063734
0.184919 0.738386 0.029091
0.323655 0.655228 -0.005552
0.462392 0.572069 -0.040194
0.398872 0.488910 -0.074837
0.259039 0.405094 -0.109754
0.119206 0.321278 -0.144671
-0.020627 0.237462 -0.179588
-0.160460 0.153646 -0.214504
-0.300293 0.069830 -0.249421
-0.440127 -0.013986 -0.284338
-0.420040 -0.097802 -0.319254
-0.280207 -0.181619 -0.354171
-0.140374 -0.265435 -0.389088
-0.000541 -0.349251 -0.424004
0.140380 -0.433719 -0.459193
0.281301 -0.481812 -0.494381
0.422223 -0.397344 -0.470430
0.436856 -0.312875 -0.435242
0.295935 -0.228407 -0.400053
0.155014 -0.143939 -0.364865
0.014093 -0.059470 -0.329676
-0.126829 0.024998 -0.294488
-0.267750 0.109467 -0.259299
-0.408671 0.193935 -0.224111
-0.449328 0.279051 -0.188652
-0.307326 0.364167 -0.153194
-0.165325 0.449282 -0.117736
-0.023324 0.534398 -0.082278
0.118677 0.619513 -0.046820
0.260678 0.704629 -0.011362
0.402680 0.789744 0.024096
0.455319 0.874860 0.059555
0.313318 0.959975 0.095013
0.171317 1.045091 0.130471
0.028244 1.130849 0.166197
-0.114829 1.216606 0.201922
-0.257902 1.302364 0.237648
-0.400975 1.388122 0.273374
-0.455952 1.473880 0.309100
-0.312880 1.559638 0.344825
-0.169807 1.645396 0.380551
-0.026734 1.731154 0.416277
0.116339 1.816912 0.452003
0.259412 1.902670 0.487729
0.403549 1.989066 0.476280
0.452315 2.075462 0.440289
0.308178 2.024570 0.404297
0.164042 1.938174 0.368306
0.019905 1.851778 0.332314
-0.124232 1.765383 0.296323
-0.268368 1.678987 0.260332
-0.412505 1.592591 0.224340
-0.443359 1.506195 0.188349
-0.299222 1.419800 0.152358
-0.154029 1.332771 0.116102
-0.008837 1.245742 0.079847
0.136356 1.158713 0.043592
0.281548 1.071685 0.007337
0.426741 0.984656 -0.028918
0.428066 0.897627 -0.065173
0.282873 0.810598 -0.101428
0.137681 0.723570 -0.137683
-0.007512 0.636541 -0.173938
-0.152704 0.549512 -0.210193
-0.298945 0.461855 -0.246710
-0.445186 0.374198 -0.283227
-0.408573 0.286541 -0.319743
-0.262332 0.198884 -0.356260
-0.116091 0.111227 -0.392777
0.030150 0.023570 -0.429294
0.176391 -0.064087 -0.465811
0.322632 -0.151744 -0.497673
0.468873 -0.239401 -0.461156
0.384887 -0.327058 -0.424639
0.237605 -0.415339 -0.387862
0.090323 -0.496380 -0.351086
-0.056959 -0.408099 -0.314309
-0.204241 -0.319818 -0.277532
-0.351523 -0.231537 -0.240756
-0.498804 -0.143256 -0.203979
-0.353914 -0.054975 -0.167202
-0.206632 0.033306 -0.130426
-0.059350 0.121587 -0.093649
0.087932 0.209868 -0.056872
0.236247 0.298768 -0.019837
0.384563 0.387668 0.017197
0.467122 0.476569 0.054232
0.318807 0.565469 0.091267
0.170491 0.654369 0.128302
0.022176 0.743270 0.165337
-0.126140 0.832170 0.202371
-0.274455 0.921070 0.239406
-0.422770 1.009971 0.276441
-0.428914 1.098871 0.313476
-0.279572 1.188386 0.350767
-0.130231 1.277902 0.388058
0.019111 1.367417 0.425349
0.168453 1.456933 0.462640
0.317795 1.546448 0.499931
0.467137 1.635964 0.462778
0.383521 1.725479 0.425487
0.234180 1.814994 0.388196
0.084838 1.904510 0.350905
-0.064504 1.994025 0.313614
-0.214865 2.084152 0.276068
-0.365226 2.174279 0.238523
-0.484413 2.264406 0.200977
-0.334052 2.327376 0.163431
-0.183690 2.237249 0.125886
-0.033329 2.147122 0.088340
0.117032 2.056995 0.050794
0.267393 1.966868 0.013249
0.417754 1.876741 -0.024297
0.431885 1.786614 -0.061843
0.280511 1.695880 -0.099641
0.129137 1.605146 -0.137440
-0.022236 1.514413 -0.175238
-0.173610 1.423679 -0.213037
-0.324984 1.332945 -0.250835
-0.476358 1.242211 -0.288634
-0.372268 1.151478 -0.326432
-0.220895 1.060744 -0.364231
-0.069521 0.970010 -0.402029
0.081853 0.879276 -0.439828
0.234232 0.787940 -0.477878
0.386612 0.696604 -0.484073
0.461009 0.605267 -0.446023
0.308629 0.513931 -0.407974
0.156249 0.422594 -0.369924
0.003870 0.331257 -0.331875
-0.148510 0.239921 -0.293825
-0.300889 0.148584 -0.255776
-0.453269 0.057248 -0.217726
-0.394352 -0.034089 -0.179676
-0.240973 -0.126024 -0.141377
-0.087594 -0.217960 -0.103078
0.065785 -0.309895 -0.064779
0.219164 -0.401831 -0.026480
0.372543 -0.493766 0.011819
0.474079 -0.414299 0.050118
0.320700 -0.322363 0.088418
0.167321 -0.230428 0.126717
0.013942 -0.138492 0.165016
-0.139437 -0.046557 0.203315
-0.293808 0.045974 0.241862
-0.448180 0.138504 0.280409
-0.397449 0.231035 0.318956
-0.243077 0.323565 0.357503
-0.088706 0.416096 0.396050
0.065666 0.508627 0.434597
0.220038 0.601157 0.473144
0.374409 0.693687 0.488309
0.471219 0.786217 0.449762
0.316848 0.878748 0.411216
0.161490 0.971869 0.372422
0.006132 1.064991 0.333629
-0.149226 1.158112 0.294835
-0.304584 1.251234 0.256042
-0.459942 1.344355 0.217249
-0.384700 1.437477 0.178455
-0.402499 1.347380 0.204086
-0.463587 1.211479 0.245823
-0.475325 1.075578 0.287560
-0.414237 0.939677 0.329296
-0.352763 0.802919 0.371296
-0.291290 0.666161 0.413296
-0.229816 0.529403 0.455297
-0.168343 0.392645 0.497297
-0.106869 0.255887 0.460703
-0.045395 0.119129 0.418703
0.016078 -0.017630 0.376703
0.077552 -0.154388 0.334703
0.139025 -0.291146 0.292703
0.200499 -0.427904 0.250703
0.262355 -0.434485 0.208441
0.324212 -0.296875 0.166179
0.386068 -0.159265 0.123917
0.447925 -0.021654 0.081656
0.490219 0.115956 0.039394
0.428362 0.253566 -0.002868
0.366506 0.391177 -0.045130
0.304649 0.528787 -0.087391
0.242793 0.666397 -0.129653
0.180936 0.804008 -0.171915
0.118699 0.942465 -0.214437
0.056462 1.080922 -0.256959
-0.005776 1.219379 -0.299481
-0.068013 1.357836 -0.342003
-0.130250 1.496293 -0.384524
-0.192487 1.634750 -0.427046
-0.254725 1.773206 -0.469568
-0.316962 1.911663 -0.487910
-0.379199 2.050120 -0.445388
-0.441437 2.188577 -0.402866
-0.495948 2.327875 -0.360085
-0.433332 2.467174 -0.317305
-0.370717 2.606472 -0.274525
-0.308101 2.745771 -0.231744
-0.245485 2.885069 -0.188964
-0.182870 2.811043 -0.146184
-0.120254 2.671745 -0.103403
-0.057639 2.532446 -0.060623
0.004977 2.393148 -0.017843
0.067592 2.253849 0.024938
0.130584 2.113714 0.067975
0.193576 1.973579 0.111012
0.256567 1.833443 0.154049
0.319559 1.693308 0.197087
0.382551 1.553173 0.240124
0.445543 1.413038 0.283161
0.491466 1.272902 0.326198
0.428474 1.132767 0.369236
0.365482 0.992632 0.412273
0.302491 0.852496 0.455310
0.239125 0.711529 0.498603
0.175760 0.570562 0.458105
0.112394 0.429594 0.414812
0.049029 0.288627 0.371519
-0.014337 0.147660 0.328227
-0.077702 0.006693 0.284934
-0.141068 -0.134274 0.241641
-0.204433 -0.275241 0.198349
-0.267799 -0.416208 0.155056
-0.331164 -0.442824 0.111764
-0.394901 -0.301030 0.068217
-0.458638 -0.159236 0.024670
-0.477625 -0.017442 -0.018876
-0.413888 0.124351 -0.062423
-0.350151 0.266145 -0.105970
-0.286414 0.407940 -0.149516
-0.222677 0.549734 -0.193063
-0.158939 0.691528 -0.236609
-0.095202 0.833322 -0.280156
-0.031465 0.975116 -0.323702
0.032642 1.117732 -0.367501
0.096748 1.260348 -0.411300
0.160855 1.402964 -0.455099
0.224962 1.545580 -0.498898
0.289068 1.688196 -0.457303
0.353175 1.830812 -0.413504
0.417281 1.973428 -0.369705
0.481388 2.116043 -0.325906
0.454506 2.258658 -0.282107
0.390399 2.401273 -0.238308
0.325925 2.544705 -0.194258
0.261451 2.688138 -0.150208
0.196977 2.831571 -0.106158
0.132503 2.975003 -0.062108
0.068029 3.118436 -0.018057
0.003555 3.134362 0.025993
-0.060919 2.990929 0.070043
-0.125393 2.847497 0.114093
-0.189867 2.704064 0.158143
-0.254342 2.560631 0.202193
-0.319181 2.416386 0.246493
-0.384020 2.272140 0.290792
-0.448860 2.127894 0.335092
-0.486301 1.983649 0.379391
-0.421461 1.839403 0.423691
-0.356622 1.695158 0.467991
-0.291783 1.550912 0.487710
-0.226943 1.406666 0.443410
-0.162104 1.262421 0.399110
-0.097265 1.118175 0.354811
-0.032062 0.973121 0.310263
0.033141 0.828067 0.265715
0.098343 0.683013 0.221167
0.163546 0.537960 0.176619
0.228748 0.392906 0.132071
0.293951 0.247852 0.087524
0.359154 0.102798 0.042976
0.424356 -0.042256 -0.001572
0.489559 -0.187310 -0.046120
0.445238 -0.332364 -0.090668
0.379674 -0.478222 -0.135462
0.314110 -0.375921 -0.180257
0.248547 -0.230063 -0.225052
0.182983 -0.084205 -0.269846
0.117419 0.061652 -0.314641
0.051855 0.207510 -0.359436
-0.013709 0.353368 -0.404230
-0.079272 0.499225 -0.449025
-0.144836 0.645083 -0.493820
-0.210400 0.790941 -0.461386
-0.276323 0.937598 -0.416346
-0.342246 1.084255 -0.371306
-0.408169 1.230912 -0.326266
-0.474092 1.377569 -0.281226
-0.459985 1.524226 -0.236186
-0.394062 1.670884 -0.191146
-0.328139 1.817541 -0.146106
-0.262216 1.964198 -0.101066
-0.196293 2.110854 -0.056026
-0.130370 2.257510 -0.010985
-0.064089 2.404963 0.034299
0.002191 2.552415 0.079583
0.068471 2.699867 0.124867
0.134752 2.847320 0.170151
0.201032 2.994772 0.215435
0.267312 3.142225 0.260720
0.333593 3.289677 0.306004
0.399873 3.437129 0.351288
0.466154 3.548734 0.396572
0.467566 3.401282 0.441856
0.481917 3.346616 0.400715
0.422744 3.385526 0.272907
0.327406 3.424436 0.145100
0.232067 3.448957 0.017292
0.136729 3.410048 -0.110516
0.041390 3.371138 -0.238324
-0.053948 3.332228 -0.366132
-0.149286 3.293318 -0.493940
-0.244625 3.254408 -0.378252
-0.339963 3.215498 -0.250444
-0.435808 3.176381 -0.121959
-0.468348 3.137263 0.006527
-0.372504 3.098146 0.135013
-0.276660 3.059029 0.263499
-0.180815 3.019911 0.391985
-0.084971 2.980794 0.479529
0.010873 2.941677 0.351043
0.106717 2.902559 0.222557
0.202561 2.863442 0.094072
0.298405 2.824325 -0.034414
0.394753 2.785002 -0.163575
0.491100 2.745680 -0.292735
0.412553 2.706357 -0.421896
0.316205 2.667035 -0.448944
0.219858 2.627713 -0.319784
0.123511 2.588390 -0.190624
0.027163 2.549068 -0.061463
-0.069184 2.509746 0.067697
-0.165531 2.470423 0.196858
-0.261878 2.431101 0.326018
-0.358726 2.391573 0.455849
-0.455574 2.352046 0.414319
-0.447578 2.312519 0.284488
-0.350731 2.272991 0.154656
-0.253883 2.233464 0.024825
-0.157035 2.193936 -0.105007
-0.060187 2.154409 -0.234838
0.036660 2.114882 -0.364669
0.133508 2.075354 -0.494501
0.230356 2.035827 -0.375668
0.327702 1.996097 -0.245169
0.425047 1.956367 -0.114670
0.477607 1.916636 0.015829
0.380261 1.876906 0.146328
0.282916 1.837176 0.276827
0.185570 1.797446 0.407326
0.088224 1.757716 0.462175
-0.009122 1.717986 0.331676
-0.106467 1.678256 0.201177
-0.203813 1.638526 0.070679
-0.301654 1.598594 -0.060484
-0.399495 1.558663 -0.191647
-0.497336 1.518731 -0.322810
-0.404823 1.478800 -0.453973
-0.306982 1.438868 -0.414864
-0.209141 1.398937 -0.283701
-0.111300 1.359005 -0.152538
-0.013458 1.319074 -0.021375
0.084383 1.279142 0.109788
0.182224 1.239211 0.240951
0.280558 1.199078 0.372775
0.378892 1.158945 0.495401
0.477226 1.118812 0.363577
0.424440 1.078679 0.231754
0.326106 1.038546 0.099930
0.227772 0.998413 -0.031894
0.129438 0.958280 -0.163717
0.031104 0.918147 -0.295541
-0.067230 0.878014 -0.427365
-0.165564 0.837881 -0.440811
-0.264388 0.797547 -0.308330
-0.363213 0.757214 -0.175849
-0.462037 0.716881 -0.043368
-0.439138 0.676548 0.089114
-0.340314 0.636214 0.221595
-0.241489 0.595881 0.354076
-0.142665 0.555548 0.486557
-0.043840 0.515214 0.380962
0.054984 0.474881 0.248480
