-0.329108 0.402512 0.165500
-0.316487 0.423901 0.172566
-0.303866 0.334907 0.179632
-0.291246 0.177216 0.186698
-0.278625 0.012711 0.193764
-0.266004 -0.136290 0.200830
-0.253383 -0.223809 0.207896
-0.240763 -0.277599 0.214962
-0.228142 -0.304344 0.222027
-0.215521 -0.335075 0.229093
-0.214549 -0.369208 0.232571
-0.234758 -0.395403 0.230238
-0.254967 -0.421598 0.227905
-0.275177 -0.447793 0.225572
-0.295386 -0.473988 0.223239
-0.315595 -0.499817 0.220907
-0.335804 -0.473622 0.218574
-0.356014 -0.447426 0.216241
-0.376223 -0.421231 0.213908
-0.396432 -0.395780 0.211575
-0.416641 -0.421975 0.209242
-0.439977 -0.452223 0.206548
-0.463313 -0.482471 0.203854
-0.486649 -0.487282 0.201160
-0.490015 -0.457034 0.198467
-0.466680 -0.426787 0.195773
-0.443344 -0.396539 0.193079
-0.420008 -0.366292 0.190385
-0.396672 -0.336044 0.187691
-0.373336 -0.314573 0.184997
-0.350001 -0.344821 0.182304
-0.323910 -0.378638 0.179292
-0.289302 -0.350670 0.181904
-0.253746 -0.315837 0.185141
-0.218191 -0.281004 0.188377
-0.182636 -0.305825 0.191614
-0.147081 -0.340659 0.194851
-0.111525 -0.375492 0.198088
-0.075970 -0.410325 0.201325
-0.040415 -0.445158 0.204562
-0.004860 -0.479992 0.207798
0.034089 -0.481850 0.211344
0.073038 -0.443692 0.214890
0.111987 -0.405534 0.218436
0.150936 -0.367376 0.221981
0.189885 -0.329218 0.225527
0.228833 -0.291060 0.229073
0.267782 -0.285431 0.232618
0.306731 -0.323589 0.236164
0.345680 -0.361747 0.239710
0.384629 -0.399905 0.243256
0.426699 -0.441120 0.247086
0.468768 -0.482335 0.250915
0.489162 -0.476450 0.254745
0.447093 -0.435235 0.258575
0.405023 -0.394020 0.262405
0.362954 -0.352805 0.266235
0.320884 -0.311590 0.270065
0.278814 -0.270374 0.273895
0.236745 -0.229159 0.277725
0.194675 -0.245893 0.281555
0.149701 -0.289954 0.285649
0.104727 -0.334015 0.289743
0.059753 -0.378076 0.293837
0.014778 -0.422137 0.297932
-0.030196 -0.466198 0.302026
-0.075170 -0.489741 0.306120
-0.120144 -0.445680 0.310214
-0.165119 -0.401619 0.314309
-0.210093 -0.357558 0.318403
-0.255067 -0.313497 0.322497
-0.302769 -0.266763 0.326840
-0.350472 -0.220030 0.331183
-0.398174 -0.173296 0.335525
-0.445877 -0.184792 0.339868
-0.493579 -0.231526 0.344211
-0.458718 -0.278259 0.348554
-0.411016 -0.324993 0.352897
-0.363313 -0.371727 0.357239
-0.315611 -0.418460 0.361582
-0.267908 -0.465194 0.365925
-0.217625 -0.485544 0.370503
-0.167343 -0.436283 0.375080
-0.117060 -0.387021 0.379658
-0.066777 -0.337759 0.384236
-0.016494 -0.288497 0.388813
0.033788 -0.239236 0.393391
0.084071 -0.189974 0.397968
0.134354 -0.140712 0.402546
0.184636 -0.091451 0.407124
0.234919 -0.085475 0.411701
0.287656 -0.137141 0.416503
0.340393 -0.188807 0.421304
0.393130 -0.240473 0.426105
0.445867 -0.292139 0.430906
0.498604 -0.343805 0.435707
0.448659 -0.395471 0.440508
0.395922 -0.447137 0.445309
0.343185 -0.498802 0.450111
0.290448 -0.449532 0.454912
0.237711 -0.397866 0.459713
0.182629 -0.343902 0.464727
0.127547 -0.289939 0.469742
0.072465 -0.235976 0.474757
0.013484 -0.193843 0.485888
-0.061094 -0.199034 0.478512
-0.063056 -0.200429 0.485340
0.007599 -0.198029 0.465404
0.078254 -0.195629 0.416149
0.148908 -0.193229 0.366893
0.219563 -0.190829 0.317638
0.293102 -0.188331 0.266371
0.366642 -0.185833 0.215104
0.440182 -0.183335 0.163838
0.486279 -0.180837 0.112571
0.412739 -0.178339 0.061304
0.339200 -0.175841 0.010038
0.265660 -0.173343 -0.041229
0.192120 -0.170845 -0.092496
0.118581 -0.168347 -0.143762
0.045041 -0.165849 -0.195029
-0.031275 -0.163257 -0.248231
-0.107590 -0.160664 -0.301433
-0.183906 -0.158072 -0.354635
-0.260222 -0.155480 -0.407837
-0.336538 -0.152887 -0.461038
-0.412853 -0.150295 -0.485760
-0.489169 -0.147703 -0.432558
-0.434515 -0.145110 -0.379356
-0.358200 -0.142518 -0.326154
-0.281884 -0.139926 -0.272952
-0.202890 -0.137242 -0.217883
-0.123895 -0.134559 -0.162814
-0.044901 -0.131876 -0.107744
0.034093 -0.129193 -0.052675
0.113087 -0.126509 0.002394
0.192082 -0.123826 0.057463
0.271076 -0.121143 0.112532
0.350070 -0.118460 0.167602
0.429065 -0.115776 0.222671
0.491941 -0.113093 0.277740
0.410356 -0.110322 0.334615
0.328771 -0.107550 0.391491
0.247186 -0.104779 0.448366
0.165601 -0.102008 0.494759
0.084016 -0.099237 0.437883
0.002431 -0.096465 0.381008
-0.079154 -0.093694 0.324133
-0.160739 -0.090923 0.267257
-0.242324 -0.088151 0.210382
-0.323909 -0.085380 0.153507
-0.408005 -0.082523 0.094881
-0.492101 -0.079667 0.036255
-0.423804 -0.076810 -0.022370
-0.339708 -0.073954 -0.080996
-0.255612 -0.071097 -0.139621
-0.171516 -0.068241 -0.198247
-0.087420 -0.065384 -0.256873
-0.003324 -0.062527 -0.315498
0.080772 -0.059671 -0.374124
0.164867 -0.056814 -0.432750
0.251401 -0.053875 -0.493075
0.337935 -0.050936 -0.446600
0.424469 -0.047996 -0.386275
0.488997 -0.045057 -0.325949
0.402463 -0.042117 -0.265624
0.315929 -0.039178 -0.205299
0.229395 -0.036238 -0.144974
0.142861 -0.033299 -0.084648
0.056327 -0.030360 -0.024323
-0.030207 -0.027420 0.036002
-0.119112 -0.024400 0.097981
-0.208017 -0.021380 0.159959
-0.296922 -0.018360 0.221937
-0.385827 -0.015341 0.283916
-0.474733 -0.012321 0.345894
-0.436362 -0.009301 0.407873
-0.347457 -0.006281 0.469851
-0.258552 -0.003261 0.468171
-0.169647 -0.000241 0.406192
-0.080742 0.002779 0.344214
0.010473 0.005878 0.280625
0.101688 0.008976 0.217037
0.192902 0.012074 0.153449
0.284117 0.015173 0.089860
0.200890 0.034082 0.157361
0.117662 0.052992 0.224863
0.034435 0.071902 0.292364
-0.048792 0.090811 0.359865
-0.132020 0.109721 0.427367
-0.215247 0.128631 0.494868
-0.300529 0.148007 0.435964
-0.385812 0.167384 0.366796
-0.471095 0.186760 0.297627
-0.443623 0.206137 0.228459
-0.358340 0.225513 0.159291
-0.273057 0.244890 0.090123
-0.187775 0.264267 0.020955
-0.102492 0.283643 -0.048214
-0.017210 0.303020 -0.117382
0.068073 0.322396 -0.186550
0.155363 0.342229 -0.257346
0.242652 0.362061 -0.328142
0.249414 0.354448 -0.327653
0.221665 0.343154 -0.296614
0.193915 0.331860 -0.265575
0.166166 0.320567 -0.234536
0.138416 0.309273 -0.203497
0.110666 0.297979 -0.172458
0.082917 0.286685 -0.141419
0.055167 0.275391 -0.110380
0.065608 0.237155 -0.120465
0.101926 0.181126 -0.158431
0.138243 0.125098 -0.196397
0.174561 0.069070 -0.234363
0.210878 0.013041 -0.272329
0.247195 -0.042987 -0.310295
0.283513 -0.099015 -0.348261
0.319830 -0.155044 -0.386227
0.356148 -0.211072 -0.424193
0.392465 -0.267100 -0.462159
0.429564 -0.324334 -0.499058
0.466662 -0.381567 -0.460276
0.496239 -0.438800 -0.421493
0.459141 -0.496033 -0.382710
0.422042 -0.446733 -0.343928
0.384944 -0.389500 -0.305145
0.347845 -0.332267 -0.266362
0.310747 -0.275033 -0.227580
0.273648 -0.217800 -0.188797
0.236550 -0.160567 -0.150015
0.198686 -0.102153 -0.110432
0.160823 -0.043739 -0.070850
0.122959 0.014674 -0.031268
0.085096 0.073088 0.008314
0.047232 0.131501 0.047897
0.009369 0.189915 0.087479
-0.028495 0.248328 0.127061
-0.066358 0.306742 0.166643
-0.104222 0.365155 0.206226
-0.142085 0.423569 0.245808
-0.180699 0.483139 0.286174
-0.219312 0.506698 0.326540
-0.257926 0.447128 0.366906
-0.296539 0.387558 0.407272
-0.335152 0.327987 0.447638
-0.373766 0.268417 0.488004
-0.412379 0.208846 0.471630
-0.450992 0.149276 0.431264
-0.489606 0.089706 0.390898
-0.471781 0.030135 0.350532
-0.432432 -0.030570 0.309397
-0.393083 -0.091275 0.268262
-0.353734 -0.151980 0.227127
-0.314385 -0.212685 0.185991
-0.275036 -0.273390 0.144856
-0.235687 -0.334096 0.103721
-0.196339 -0.394801 0.062586
-0.156990 -0.455506 0.021451
-0.117641 -0.483789 -0.019684
-0.078292 -0.423083 -0.060819
-0.038221 -0.361264 -0.102709
0.001850 -0.299445 -0.144599
0.041921 -0.237626 -0.186489
0.081992 -0.175807 -0.228379
0.122063 -0.113988 -0.270269
0.162134 -0.052169 -0.312159
0.202205 0.009650 -0.354049
0.242276 0.071469 -0.395938
0.282347 0.133288 -0.437828
0.322418 0.195107 -0.479718
0.363198 0.258021 -0.477650
0.403978 0.320934 -0.435019
0.444759 0.383847 -0.392388
0.485539 0.446761 -0.349757
0.473681 0.509674 -0.307125
0.432900 0.572587 -0.264494
0.392120 0.635500 -0.221863
0.351340 0.619293 -0.179231
0.310559 0.556379 -0.136600
0.269779 0.493466 -0.093968
0.228302 0.429477 -0.050608
0.186824 0.365488 -0.007248
0.145347 0.301500 0.036112
0.103870 0.237511 0.079472
0.062392 0.173522 0.122833
0.020915 0.109533 0.166193
-0.020563 0.045544 0.209553
-0.062040 -0.018445 0.252913
-0.095715 -0.016000 0.238087
-0.124187 0.030733 0.184471
-0.153131 0.078239 0.129968
-0.182074 0.125745 0.075465
-0.211018 0.173251 0.020963
-0.239961 0.220757 -0.033540
-0.268904 0.268263 -0.088043
-0.297848 0.315769 -0.142545
-0.326791 0.363275 -0.197048
-0.355735 0.410781 -0.251551
-0.384678 0.458287 -0.306053
-0.413622 0.505793 -0.360556
-0.443028 0.554060 -0.415931
-0.472435 0.602326 -0.471306
-0.498159 0.650592 -0.473319
-0.468752 0.698858 -0.417945
-0.439346 0.747124 -0.362570
-0.409939 0.780680 -0.307195
-0.380533 0.732414 -0.251820
-0.351126 0.684148 -0.196445
-0.321720 0.635882 -0.141071
-0.292313 0.587616 -0.085696
-0.262450 0.538601 -0.029462
-0.232588 0.489587 0.026771
-0.202725 0.440572 0.083004
-0.172863 0.391558 0.139238
-0.143000 0.342543 0.195471
-0.113138 0.293529 0.251704
-0.083275 0.244515 0.307938
-0.053413 0.195500 0.364171
-0.023550 0.146486 0.420405
0.006312 0.097471 0.476638
0.036624 0.047720 0.466283
0.066935 -0.002032 0.409204
0.097247 -0.051783 0.352125
0.127559 -0.101535 0.295046
0.157870 -0.151286 0.237967
0.188182 -0.201038 0.180888
0.218494 -0.250789 0.123809
0.248805 -0.300541 0.066730
0.279117 -0.350293 0.009651
0.309428 -0.400045 -0.047428
0.340183 -0.450523 -0.105340
0.370937 -0.498999 -0.163252
0.401691 -0.448521 -0.221165
0.432445 -0.398044 -0.279077
0.463199 -0.347566 -0.336990
0.493954 -0.297088 -0.394902
0.485619 -0.290861 -0.401967
0.475518 -0.328886 -0.358183
0.465417 -0.366911 -0.314400
0.455316 -0.404935 -0.270617
0.445072 -0.443500 -0.226213
0.434828 -0.482064 -0.181808
0.424583 -0.479372 -0.137404
0.414339 -0.440808 -0.092999
0.404095 -0.402244 -0.048595
0.393851 -0.363679 -0.004191
0.383606 -0.325115 0.040214
0.373362 -0.286551 0.084618
0.363118 -0.247987 0.129023
0.352874 -0.209422 0.173427
0.342488 -0.170326 0.218444
0.332103 -0.131230 0.263461
0.321717 -0.092134 0.308478
0.311331 -0.053038 0.353495
0.300946 -0.013941 0.398512
0.290560 0.025155 0.443529
0.280175 0.064251 0.488546
0.269789 0.103347 0.466437
0.259404 0.142444 0.421420
0.249018 0.181540 0.376403
0.238493 0.221161 0.330782
0.227968 0.260782 0.285161
0.217443 0.300403 0.239540
0.206918 0.340024 0.193919
0.196393 0.379645 0.148298
0.185868 0.419266 0.102677
0.175343 0.458887 0.057056
0.164818 0.498508 0.011434
0.154294 0.538129 -0.034187
0.143769 0.577750 -0.079808
0.133106 0.617889 -0.126025
0.122443 0.658028 -0.172243
0.111781 0.698167 -0.218461
0.101118 0.738306 -0.264678
0.090456 0.778445 -0.310896
0.079793 0.818583 -0.357113
0.069131 0.858722 -0.403331
0.058468 0.898861 -0.449548
0.047806 0.939000 -0.495765
0.037143 0.979139 -0.458017
0.026345 1.019790 -0.411211
0.015547 1.060440 -0.364404
0.004748 1.065372 -0.317598
-0.006050 1.024722 -0.270792
-0.016848 0.984071 -0.223985
-0.027647 0.943421 -0.177179
-0.038445 0.902771 -0.130373
-0.049244 0.862120 -0.083566
-0.060042 0.821470 -0.036760
-0.070840 0.780820 0.010046
-0.081773 0.739664 0.057434
-0.092705 0.698509 0.104822
-0.103638 0.657354 0.152210
-0.114570 0.616199 0.199597
-0.125503 0.575044 0.246985
-0.136435 0.533888 0.294373
-0.147368 0.492733 0.341761
-0.158301 0.451578 0.389149
-0.169233 0.410423 0.436536
-0.180166 0.369267 0.483924
-0.191231 0.327613 0.468114
-0.202296 0.285959 0.420152
-0.213361 0.244305 0.372190
-0.224426 0.202651 0.324228
-0.235491 0.160997 0.276266
-0.246556 0.119342 0.228303
-0.257621 0.077688 0.180341
-0.268686 0.036034 0.132379
-0.279751 -0.005620 0.084417
-0.290816 -0.047274 0.036455
-0.302011 -0.089422 -0.012075
-0.313207 -0.131569 -0.060605
-0.324403 -0.173716 -0.109135
-0.335599 -0.215863 -0.157665
-0.346795 -0.258010 -0.206195
-0.357991 -0.300157 -0.254724
-0.369187 -0.342304 -0.303254
-0.380382 -0.384451 -0.351784
-0.391578 -0.426598 -0.400314
-0.402774 -0.468746 -0.448844
-0.414100 -0.488620 -0.497935
-0.425425 -0.445986 -0.452974
-0.436750 -0.403352 -0.403884
-0.448076 -0.360717 -0.354793
-0.459401 -0.318083 -0.305702
-0.470727 -0.275449 -0.256611
-0.482052 -0.232814 -0.207520
-0.493378 -0.190180 -0.158429
-0.495297 -0.147545 -0.109338
-0.483971 -0.104911 -0.060247
-0.472518 -0.061795 -0.010602
-0.461065 -0.018678 0.039044
-0.449611 0.024438 0.088690
-0.438158 0.067554 0.138335
-0.426705 0.110670 0.187981
-0.415251 0.153786 0.237627
-0.403798 0.196903 0.287272
-0.392345 0.240019 0.336918
-0.380891 0.283135 0.386563
-0.369438 0.326251 0.436209
-0.357858 0.369844 0.486403
-0.346278 0.413437 0.463403
-0.334698 0.457029 0.413208
-0.323118 0.500622 0.363014
-0.311538 0.544215 0.312820
-0.299958 0.587807 0.262626
-0.288378 0.631400 0.212431
-0.276798 0.674992 0.162237
-0.265218 0.718584 0.112043
-0.253638 0.762177 0.061849
-0.241933 0.806241 0.011112
-0.230228 0.850305 -0.039625
-0.218522 0.894369 -0.090362
-0.206817 0.938433 -0.141099
-0.195112 0.982497 -0.191836
-0.183407 1.026560 -0.242572
-0.171702 1.070623 -0.293309
-0.159997 1.114687 -0.344046
-0.148292 1.158750 -0.394783
-0.136586 1.202813 -0.445520
-0.124757 1.247344 -0.496794
-0.112928 1.291875 -0.451932
-0.101099 1.336405 -0.400659
-0.089270 1.325575 -0.349385
-0.077441 1.281044 -0.298111
-0.011900 1.323350 -0.339100
0.067070 1.387364 -0.403156
0.146040 1.346418 -0.467211
0.225010 1.282404 -0.468734
0.303979 1.218390 -0.404679
0.383768 1.153713 -0.339961
0.463556 1.089036 -0.275242
0.456656 1.024359 -0.210523
0.376868 0.959681 -0.145804
0.297079 0.895003 -0.081085
0.217291 0.830326 -0.016367
0.137503 0.765648 0.048352
0.057715 0.700971 0.113071
-0.022073 0.636293 0.177790
-0.101862 0.571616 0.242509
-0.182460 0.506282 0.307885
-0.263058 0.440948 0.373261
-0.343656 0.375613 0.438637
-0.424255 0.310279 0.495988
-0.495147 0.244945 0.430612
-0.414549 0.179611 0.365236
-0.333950 0.114277 0.299860
-0.253352 0.048943 0.234484
-0.172754 -0.016391 0.169108
-0.092156 -0.081725 0.103732
-0.010755 -0.147710 0.037706
0.070645 -0.213694 -0.028321
0.152045 -0.279678 -0.094347
0.233445 -0.345662 -0.160374
0.275890 -0.398676 -0.185152
0.162514 -0.399809 -0.044938
0.049138 -0.400942 0.095276
-0.064238 -0.402075 0.235490
-0.177615 -0.403208 0.375703
-0.290991 -0.404341 0.484083
-0.405473 -0.405485 0.342501
-0.480044 -0.406630 0.200919
-0.365562 -0.407774 0.059338
-0.251080 -0.408918 -0.082244
-0.136597 -0.410062 -0.223826
-0.022115 -0.411206 -0.365408
0.092367 -0.412350 -0.493010
0.206850 -0.413494 -0.351428
0.321332 -0.414638 -0.209847
0.435814 -0.415782 -0.068265
0.448608 -0.416938 0.074672
0.333030 -0.418093 0.217608
0.217452 -0.419248 0.360545
0.101874 -0.420403 0.496518
-0.013704 -0.421558 0.353581
-0.129282 -0.422713 0.210645
-0.244860 -0.423868 0.067708
-0.360438 -0.425023 -0.075229
-0.476015 -0.426179 -0.218165
-0.408407 -0.427334 -0.361102
-0.291743 -0.428500 -0.494619
-0.175080 -0.429666 -0.350341
-0.058417 -0.430832 -0.206062
0.058246 -0.431998 -0.061783
0.174909 -0.433165 0.082496
0.291572 -0.434331 0.226775
0.408236 -0.435497 0.371053
0.475101 -0.436663 0.484668
0.358438 -0.437829 0.340389
0.241775 -0.438995 0.196110
0.124036 -0.440172 0.050502
0.006298 -0.441349 -0.095107
-0.111441 -0.442526 -0.240715
-0.229179 -0.443703 -0.386324
-0.346918 -0.444880 -0.468068
-0.464656 -0.446057 -0.322459
-0.417605 -0.447234 -0.176851
-0.299867 -0.448411 -0.031242
-0.182128 -0.449587 0.114367
-0.064390 -0.450764 0.259975
0.054414 -0.451952 0.406902
0.173218 -0.453139 0.446172
0.292022 -0.454326 0.299246
0.410826 -0.455514 0.152319
0.470370 -0.456701 0.005393
0.351566 -0.457888 -0.141533
0.232762 -0.459076 -0.288460
0.113958 -0.460263 -0.435386
-0.004846 -0.461450 -0.417688
-0.123650 -0.462638 -0.270761
-0.243510 -0.463836 -0.122529
-0.363370 -0.465034 0.025703
-0.483230 -0.466232 0.173936
-0.396911 -0.467430 0.322168
-0.277051 -0.468628 0.470400
-0.157191 -0.469826 0.381367
-0.037331 -0.471024 0.233135
0.082529 -0.472222 0.084903
0.202389 -0.473420 -0.063330
0.322249 -0.474618 -0.211562
0.443156 -0.475827 -0.361089
0.435937 -0.477035 -0.489384
0.315030 -0.478244 -0.339857
0.194123 -0.479452 -0.190330
0.073217 -0.480661 -0.040803
-0.047690 -0.481869 0.108724
-0.168597 -0.483078 0.258251
-0.289504 -0.484286 0.407778
-0.410411 -0.485494 0.442695
-0.468682 -0.486703 0.293168
-0.346738 -0.487922 0.142358
-0.224793 -0.489141 -0.008453
-0.102849 -0.490360 -0.159263
0.019096 -0.491579 -0.310074
0.141041 -0.492798 -0.460884
0.262986 -0.494016 -0.388305
0.384930 -0.495235 -0.237495
0.493125 -0.496454 -0.086684
0.371181 -0.497673 0.064126
0.249236 -0.498892 0.214937
0.126263 -0.499879 0.367020
0.003289 -0.498650 0.480897
-0.119685 -0.497421 0.328813
-0.242659 -0.496192 0.176730
-0.365632 -0.494963 0.024647
-0.488606 -0.493734 -0.127436
-0.388420 -0.492505 -0.279519
-0.265447 -0.491275 -0.431603
-0.142473 -0.490046 -0.416314
-0.019499 -0.488817 -0.264231
0.104495 -0.487578 -0.110885
0.228489 -0.486339 0.042460
0.352484 -0.485100 0.195805
0.476478 -0.483861 0.349151
0.399527 -0.482621 0.497504
0.275533 -0.481382 0.344159
0.151539 -0.480143 0.190814
0.027544 -0.478904 0.037469
-0.096450 -0.477665 -0.115877
-0.220444 -0.476426 -0.269222
-0.345451 -0.475176 -0.423819
-0.470457 -0.473927 -0.421584
-0.404537 -0.472678 -0.266986
-0.279530 -0.471428 -0.112389
-0.154524 -0.470179 0.042208
-0.029517 -0.468930 0.196805
0.095489 -0.467680 0.351402
0.220496 -0.466431 0.494001
0.345502 -0.465182 0.339404
0.470509 -0.463932 0.184806
0.403481 -0.462673 0.028968
0.277470 -0.461414 -0.126871
0.151460 -0.460154 -0.282710
0.025449 -0.458895 -0.438549
-0.100561 -0.457635 -0.405612
-0.226572 -0.456376 -0.249774
-0.352583 -0.455116 -0.093935
-0.478593 -0.453857 0.061904
-0.395396 -0.452597 0.217743
-0.269386 -0.451338 0.373582
-0.142379 -0.450068 0.469347
-0.015372 -0.448799 0.312277
0.111634 -0.447529 0.155206
0.238641 -0.446260 -0.001865
0.365648 -0.444990 -0.158936
0.492655 -0.443721 -0.316006
0.380339 -0.442451 -0.473077
0.253332 -0.441181 -0.369852
0.126325 -0.439912 -0.212781
-0.000682 -0.438642 -0.055711
-0.128677 -0.437363 0.102583
-0.256672 -0.436083 0.260876
-0.384667 -0.434804 0.419169
-0.487338 -0.433525 0.422538
-0.359343 -0.432245 0.264244
-0.231348 -0.430966 0.105951
-0.103353 -0.429686 -0.052342
0.024642 -0.428407 -0.210635
0.152638 -0.427127 -0.368928
0.280633 -0.425848 -0.472778
0.409609 -0.424559 -0.313272
0.461415 -0.423270 -0.153766
0.332439 -0.421980 0.005740
0.203463 -0.420691 0.165247
0.074487 -0.419402 0.324753
-0.054489 -0.418113 0.484259
-0.183465 -0.416823 0.356235
-0.312441 -0.415534 0.196729
-0.441417 -0.414245 0.037223
-0.429607 -0.412956 -0.122284
-0.299657 -0.411657 -0.282994
-0.169708 -0.410358 -0.443704
-0.039759 -0.409059 -0.395586
0.090191 -0.407760 -0.234876
0.220140 -0.406462 -0.074166
0.350090 -0.405163 0.086544
0.480039 -0.403864 0.247254
0.390011 -0.402565 0.407964
0.260062 -0.401267 0.431327
0.130113 -0.399968 0.270617
-0.000803 -0.398659 0.108712
-0.131719 -0.397350 -0.053193
-0.262634 -0.396042 -0.215098
-0.393550 -0.394733 -0.377003
-0.475535 -0.393425 -0.461092
-0.344619 -0.392116 -0.299187
-0.213703 -0.390807 -0.137282
-0.082788 -0.389499 0.024623
0.048128 -0.388190 0.186528
0.179043 -0.386882 0.348433
0.310918 -0.385563 0.488476
0.442793 -0.384245 0.325385
0.425333 -0.382927 0.162294
0.293458 -0.381609 -0.000797
0.161583 -0.380291 -0.163889
0.029709 -0.378973 -0.326980
-0.102166 -0.377654 -0.490071
-0.234041 -0.376336 -0.346838
-0.365915 -0.375018 -0.183747
-0.497790 -0.373700 -0.020656
-0.369383 -0.372372 0.143613
-0.236556 -0.371045 0.307881
-0.103729 -0.369717 0.472150
0.029097 -0.368389 0.363582
0.161924 -0.367061 0.199313
0.294751 -0.365734 0.035044
0.427578 -0.364406 -0.129224
0.439595 -0.363078 -0.293493
0.306768 -0.361751 -0.457761
0.173941 -0.360423 -0.377970
0.040169 -0.359086 -0.212532
-0.093603 -0.357749 -0.047094
-0.227375 -0.356412 0.118343
-0.361147 -0.355075 0.283781
-0.494920 -0.353738 0.449219
-0.371308 -0.352401 0.385343
-0.237536 -0.351065 0.219906
-0.103764 -0.349728 0.054468
0.030008 -0.348391 -0.110970
0.163781 -0.347054 -0.276408
0.298492 -0.345707 -0.443007
0.433203 -0.344361 -0.390395
0.432086 -0.343014 -0.223796
0.297376 -0.341668 -0.057197
0.162665 -0.340321 0.109402
0.027954 -0.338975 0.276000
-0.106757 -0.337628 0.442599
-0.241468 -0.336282 0.390802
-0.376179 -0.334935 0.224203
-0.489110 -0.333589 0.057604
-0.353467 -0.332233 -0.110147
-0.217823 -0.330878 -0.277899
-0.082180 -0.329522 -0.445651
0.053463 -0.328166 -0.386598
0.189106 -0.326810 -0.218846
0.324750 -0.325455 -0.051094
0.460393 -0.324099 0.116657
0.403964 -0.322743 0.284409
0.268321 -0.321388 0.452161
0.132678 -0.320032 0.380088
-0.003891 -0.318667 0.211191
-0.140461 -0.317302 0.042294
-0.277030 -0.315937 -0.126603
-0.413599 -0.314572 -0.295500
-0.449832 -0.313207 -0.464397
-0.313263 -0.311842 -0.366707
-0.176694 -0.310477 -0.197810
-0.040125 -0.309112 -0.028913
-0.038905 -0.311352 -0.032462
-0.173034 -0.317195 -0.208457
-0.308067 -0.323078 -0.385638
-0.443100 -0.328961 -0.437182
-0.421867 -0.334844 -0.260002
-0.286834 -0.340727 -0.082822
-0.151801 -0.346610 0.094359
-0.016769 -0.352493 0.271539
0.068675 -0.344510 0.406776
-0.044239 -0.281060 0.374243
-0.157152 -0.217610 0.341709
-0.270066 -0.154159 0.309176
-0.383730 -0.090288 0.276427
-0.497394 -0.026416 0.243677
-0.388942 0.037455 0.210928
-0.275278 0.101327 0.178178
-0.161614 0.165199 0.145429
-0.047950 0.229070 0.112679
0.065714 0.292942 0.079930
0.179378 0.356814 0.047180
0.293042 0.420685 0.014431
0.406706 0.484557 -0.018319
0.478885 0.548848 -0.051283
0.364476 0.613139 -0.084247
0.250066 0.677429 -0.117211
0.135657 0.741720 -0.150175
0.021248 0.806011 -0.183140
-0.093161 0.870302 -0.216104
-0.207571 0.934592 -0.249068
-0.321980 0.998883 -0.282032
-0.436389 1.063174 -0.314997
-0.449201 1.127465 -0.347961
-0.334051 1.192172 -0.381139
-0.218902 1.256878 -0.414316
-0.103752 1.321585 -0.447493
0.011398 1.386292 -0.480671
0.126548 1.450999 -0.486152
0.241698 1.515706 -0.452974
0.356847 1.580412 -0.419797
0.471997 1.645119 -0.386619
0.412853 1.709826 -0.353442
0.297703 1.774533 -0.320265
0.181817 1.839653 -0.286875
0.065932 1.904774 -0.253485
-0.049954 1.969894 -0.220096
-0.165840 2.035014 -0.186706
-0.281725 2.100133 -0.153316
-0.397610 2.165252 -0.119927
-0.486504 2.230372 -0.086537
-0.370619 2.295491 -0.053148
-0.254733 2.360610 -0.019758
-0.138848 2.425730 0.013631
-0.022231 2.491261 0.047232
0.094386 2.556793 0.080832
0.211003 2.622325 0.114432
0.327619 2.687856 0.148032
0.444236 2.753388 0.181633
0.439147 2.818920 0.215233
0.322530 2.884452 0.248833
0.205913 2.949983 0.282433
0.183747 2.997398 0.297600
0.324239 2.988333 0.293705
0.465607 2.979214 0.289786
0.393026 2.968115 0.285867
0.251659 2.923646 0.281948
0.110291 2.914174 0.278029
-0.031076 2.905055 0.274110
-0.172443 2.895935 0.270191
-0.313811 2.886816 0.266272
-0.455178 2.877696 0.262353
-0.403455 2.868577 0.258434
-0.262087 2.859457 0.254515
-0.119850 2.850281 0.250571
0.022387 2.841104 0.246628
0.164625 2.831927 0.242685
0.306862 2.822750 0.238742
0.449099 2.813574 0.234798
0.408664 2.804397 0.230855
0.266426 2.795220 0.226912
0.124189 2.786043 0.222968
-0.018048 2.776867 0.219025
-0.160285 2.767690 0.215082
-0.303387 2.758458 0.211115
-0.446490 2.749227 0.207148
-0.410408 2.739995 0.203180
-0.267306 2.730764 0.199213
-0.124204 2.721532 0.195246
0.018898 2.712301 0.191279
0.162000 2.703069 0.187312
0.305102 2.693837 0.183345
0.448204 2.684606 0.179378
0.408694 2.675374 0.175410
0.264733 2.666088 0.171420
0.120771 2.656801 0.167429
-0.023190 2.647515 0.163438
-0.167152 2.638229 0.159447
-0.311113 2.628942 0.155456
-0.455075 2.619656 0.151465
-0.400963 2.610369 0.147474
-0.257002 2.601083 0.143483
-0.113040 2.591797 0.139492
0.030921 2.582510 0.135501
0.175737 2.573167 0.131486
0.320553 2.563823 0.127471
0.465369 2.554479 0.123457
0.389816 2.545136 0.119442
0.245000 2.535792 0.115427
0.100184 2.526448 0.111412
-0.044632 2.517105 0.107398
-0.189448 2.507761 0.103383
-0.334263 2.498418 0.099368
-0.479079 2.489074 0.095353
-0.375256 2.479676 0.091315
-0.229591 2.470277 0.087277
-0.083925 2.460879 0.083239
0.061740 2.451480 0.079200
0.207405 2.442082 0.075162
0.353070 2.432683 0.071124
0.498735 2.423285 0.067085
0.355599 2.413886 0.063047
0.209934 2.404488 0.059009
0.064269 2.395089 0.054971
-0.082241 2.385638 0.050909
-0.228750 2.376188 0.046847
-0.375260 2.366737 0.042786
-0.478230 2.357286 0.038724
-0.331721 2.347835 0.034662
-0.185211 2.338384 0.030601
-0.038701 2.328933 0.026539
0.107808 2.319482 0.022477
0.254318 2.310031 0.018416
0.400828 2.300580 0.014354
0.451823 2.291075 0.010269
0.304474 2.281569 0.006184
0.157124 2.272063 0.002099
0.009775 2.262557 -0.001986
-0.137574 2.253052 -0.006071
-0.284923 2.243546 -0.010156
-0.432273 2.234040 -0.014241
-0.420378 2.224534 -0.018326
-0.273029 2.215029 -0.022411
-0.125680 2.205523 -0.026496
0.022504 2.195962 -0.030604
0.170689 2.186402 -0.034712
0.318873 2.176841 -0.038820
0.467057 2.167280 -0.042928
0.384759 2.157720 -0.047036
0.236575 2.148159 -0.051144
0.088391 2.138599 -0.055252
-0.059793 2.129038 -0.059360
-0.207977 2.119478 -0.063469
-0.356161 2.109917 -0.067577
-0.494825 2.100304 -0.071708
-0.345810 2.090691 -0.075839
-0.196796 2.081078 -0.079970
-0.047782 2.071465 -0.084101
0.101233 2.061852 -0.088232
0.250247 2.052239 -0.092363
0.399261 2.042626 -0.096494
0.451724 2.033013 -0.100626
0.302710 2.023400 -0.104757
0.153696 2.013787 -0.108888
0.003856 2.004119 -0.113042
-0.145984 1.994452 -0.117196
-0.295824 1.984785 -0.121350
-0.445663 1.975118 -0.125504
-0.404497 1.965451 -0.129658
-0.254657 1.955785 -0.133812
-0.104817 1.946118 -0.137966
0.045023 1.936451 -0.142120
0.194863 1.926785 -0.146274
0.344702 1.917118 -0.150428
0.495363 1.907399 -0.154605
0.353976 1.897680 -0.158781
0.203315 1.887961 -0.162958
0.052654 1.878242 -0.167135
-0.098007 1.868522 -0.171312
-0.248668 1.858803 -0.175489
-0.399329 1.849084 -0.179665
-0.450011 1.839365 -0.183842
-0.299350 1.829646 -0.188019
-0.148689 1.819927 -0.192196
0.002789 1.810154 -0.196395
0.154266 1.800381 -0.200595
0.305744 1.790608 -0.204794
0.457221 1.780836 -0.208994
0.391301 1.771063 -0.213193
0.239824 1.761290 -0.217392
0.088347 1.751517 -0.221592
-0.063131 1.741745 -0.225791
-0.214608 1.731972 -0.229991
-0.366086 1.722199 -0.234190
-0.481624 1.712374 -0.238412
-0.329335 1.702549 -0.242634
-0.177045 1.692723 -0.246856
-0.024756 1.682898 -0.251078
0.127534 1.673073 -0.255300
0.279824 1.663248 -0.259522
0.432113 1.653422 -0.263743
0.415597 1.643597 -0.267965
0.263307 1.633772 -0.272187
0.111018 1.623947 -0.276409
-0.042080 1.614070 -0.280653
-0.195178 1.604194 -0.284898
-0.348275 1.594317 -0.289142
-0.498627 1.584441 -0.293387
-0.345530 1.574564 -0.297631
-0.192432 1.564688 -0.301875
-0.039335 1.554811 -0.306120
0.113763 1.544935 -0.310364
0.266861 1.535058 -0.314609
0.419958 1.525182 -0.318853
0.426140 1.515253 -0.323120
0.272239 1.505324 -0.327386
0.118338 1.495395 -0.331653
-0.035563 1.485466 -0.335919
-0.189465 1.475537 -0.340186
-0.343366 1.465608 -0.344452
-0.497267 1.455679 -0.348719
-0.348832 1.445750 -0.352985
-0.194930 1.435821 -0.357252
-0.041029 1.425892 -0.361518
0.113672 1.415912 -0.365807
0.268373 1.405932 -0.370096
0.423073 1.395952 -0.374385
0.422226 1.385972 -0.378674
0.267525 1.375991 -0.382962
0.112824 1.366011 -0.387251
-0.041877 1.356031 -0.391540
-0.196578 1.346051 -0.395829
-0.351278 1.336071 -0.400118
-0.494021 1.326090 -0.404407
-0.338524 1.316059 -0.408718
-0.183028 1.306027 -0.413029
-0.027532 1.295996 -0.417339
0.127964 1.285964 -0.421650
0.283460 1.275933 -0.425961
0.438957 1.265902 -0.430272
0.405547 1.255870 -0.434583
0.250051 1.245839 -0.438894
0.094555 1.235807 -0.443205
-0.060941 1.225776 -0.447516
-0.217229 1.215693 -0.451848
-0.373517 1.205610 -0.456181
-0.470196 1.195528 -0.460514
-0.313908 1.185445 -0.464846
-0.157621 1.175362 -0.469179
-0.001333 1.165279 -0.473512
0.154954 1.155197 -0.477844
0.311242 1.145114 -0.482177
0.467529 1.135031 -0.486510
0.376183 1.124949 -0.490842
0.219108 1.114815 -0.495197
0.062034 1.104681 -0.499552
-0.095041 1.094547 -0.496093
-0.252116 1.084413 -0.491739
-0.409191 1.074279 -0.487384
-0.433734 1.064145 -0.483029
-0.276659 1.054011 -0.478675
-0.119584 1.043877 -0.474320
0.037490 1.033743 -0.469965
0.194565 1.023609 -0.465610
0.352423 1.013425 -0.461234
0.489718 1.003241 -0.456858
0.331860 0.993057 -0.452482
0.174002 0.982872 -0.448106
0.016144 0.972688 -0.443730
-0.141714 0.962504 -0.439353
-0.299573 0.952320 -0.434977
-0.457431 0.942136 -0.430601
-0.384711 0.931952 -0.426225
