-0.216657 -0.086180 -0.142405
-0.211812 -0.074580 -0.119852
-0.206967 -0.062981 -0.097299
-0.202121 -0.051381 -0.074746
-0.197276 -0.039782 -0.052193
-0.192430 -0.136290 -0.029640
-0.172191 -0.223809 -0.036123
-0.148103 -0.277599 -0.049866
-0.169503 -0.304344 -0.041182
-0.195957 -0.335075 -0.030007
-0.222411 -0.364531 -0.018831
-0.231279 -0.382224 -0.024485
-0.230061 -0.397531 -0.038427
-0.228843 -0.432139 -0.052370
-0.227625 -0.451047 -0.066312
-0.226408 -0.466354 -0.080255
-0.225190 -0.481661 -0.094197
-0.223972 -0.496968 -0.108140
-0.222755 -0.487725 -0.122082
-0.221537 -0.472417 -0.136025
-0.220319 -0.457110 -0.149967
-0.218913 -0.439435 -0.166067
-0.217507 -0.421760 -0.182166
-0.216100 -0.404085 -0.198265
-0.214694 -0.386410 -0.214365
-0.213288 -0.368735 -0.230464
-0.211882 -0.351059 -0.246563
-0.210476 -0.333384 -0.262663
-0.209069 -0.315709 -0.278762
-0.207663 -0.327997 -0.294862
-0.206257 -0.345672 -0.310961
-0.204685 -0.365434 -0.328961
-0.203113 -0.385195 -0.346961
-0.201541 -0.404956 -0.364961
-0.199969 -0.424718 -0.382960
-0.198396 -0.444479 -0.400960
-0.196824 -0.464240 -0.418960
-0.195252 -0.484002 -0.436959
-0.193680 -0.496237 -0.454959
-0.192108 -0.476476 -0.472959
-0.190536 -0.456714 -0.490959
-0.188814 -0.435067 -0.489324
-0.191118 -0.417162 -0.471185
-0.209528 -0.414227 -0.459363
-0.227937 -0.411292 -0.447542
-0.208776 -0.427233 -0.453698
-0.173514 -0.451265 -0.467561
-0.138252 -0.475296 -0.481423
-0.102990 -0.499328 -0.495285
-0.067728 -0.476641 -0.490852
-0.032466 -0.452610 -0.476990
0.005622 -0.426653 -0.462017
0.043709 -0.400696 -0.447044
0.081797 -0.374740 -0.432071
0.119884 -0.348783 -0.417098
0.157971 -0.322826 -0.402125
0.196059 -0.296870 -0.387152
0.234146 -0.270913 -0.372179
0.272234 -0.244957 -0.357206
0.310321 -0.219000 -0.342233
0.348408 -0.236259 -0.327260
0.389125 -0.264008 -0.311254
0.429843 -0.291757 -0.295247
0.470560 -0.319506 -0.279240
0.488723 -0.347255 -0.263233
0.448006 -0.375004 -0.247226
0.407289 -0.402753 -0.231219
0.366572 -0.430501 -0.215213
0.325855 -0.458250 -0.199206
0.285138 -0.485999 -0.183199
0.244420 -0.486252 -0.167192
0.201233 -0.456820 -0.150214
0.158046 -0.427387 -0.133237
0.114859 -0.397955 -0.116259
0.071672 -0.368523 -0.099281
0.028485 -0.339091 -0.082303
-0.014702 -0.309659 -0.065325
-0.057889 -0.280226 -0.048348
-0.101076 -0.250794 -0.031370
-0.144263 -0.221362 -0.014392
-0.187450 -0.191930 0.002586
-0.232973 -0.160906 0.020482
-0.278496 -0.162175 0.038378
-0.324019 -0.193199 0.056274
-0.369542 -0.224223 0.074170
-0.415065 -0.255247 0.092066
-0.460588 -0.286272 0.109963
-0.493889 -0.317296 0.127859
-0.448366 -0.348320 0.145755
-0.402842 -0.379344 0.163651
-0.357319 -0.410368 0.181547
-0.324683 -0.411831 0.184251
-0.314708 -0.366678 0.162856
-0.304733 -0.321525 0.141462
-0.294759 -0.276373 0.120067
-0.284784 -0.231220 0.098672
-0.274810 -0.186067 0.077277
-0.264835 -0.140915 0.055883
-0.254861 -0.095762 0.034488
-0.244886 -0.050610 0.013093
-0.234912 -0.032018 -0.008302
-0.224494 -0.079178 -0.030648
-0.214076 -0.126339 -0.052994
-0.203658 -0.173499 -0.075340
-0.193240 -0.220659 -0.097686
-0.182822 -0.267820 -0.120032
-0.172404 -0.314980 -0.142378
-0.161986 -0.362140 -0.164724
-0.151568 -0.409301 -0.187070
-0.141150 -0.456461 -0.209416
-0.130732 -0.496378 -0.231762
-0.119888 -0.447292 -0.255021
-0.109045 -0.398206 -0.278280
-0.098201 -0.349120 -0.301538
-0.087358 -0.300034 -0.324797
-0.076514 -0.250947 -0.348055
-0.065671 -0.201861 -0.371314
-0.054827 -0.152775 -0.394573
-0.043984 -0.103689 -0.417831
-0.033140 -0.054603 -0.441090
-0.022297 -0.005517 -0.464349
-0.011044 0.034791 -0.488485
0.000209 -0.016148 -0.487378
0.011462 -0.067087 -0.463242
0.022714 -0.118026 -0.439105
0.033967 -0.168965 -0.414968
0.045220 -0.219904 -0.390832
0.056473 -0.270843 -0.366695
0.067725 -0.321782 -0.342559
0.078978 -0.372721 -0.318422
0.090231 -0.423660 -0.294285
0.101879 -0.476387 -0.269302
0.113526 -0.470886 -0.244318
0.125174 -0.418159 -0.219334
0.136822 -0.365432 -0.194351
0.148470 -0.312705 -0.169367
0.160118 -0.259978 -0.144383
0.171765 -0.207252 -0.119400
0.183413 -0.154525 -0.094416
0.195061 -0.101798 -0.069432
0.206709 -0.049071 -0.044449
0.218738 0.005385 -0.018646
0.230768 0.059841 0.007158
0.242798 0.037018 0.032961
0.254828 -0.017438 0.058764
0.266857 -0.071895 0.084567
0.278887 -0.126351 0.110370
0.290917 -0.180807 0.136173
0.302946 -0.235263 0.161976
0.314976 -0.289719 0.187779
0.327006 -0.344175 0.213582
0.339406 -0.400307 0.240179
0.351805 -0.456439 0.266776
0.364205 -0.487429 0.293373
0.376605 -0.431297 0.319970
0.389005 -0.375165 0.346567
0.401405 -0.319032 0.373164
0.413805 -0.262900 0.399761
0.426205 -0.206768 0.426358
0.438604 -0.150636 0.452955
0.451004 -0.094504 0.479552
0.463764 -0.036745 0.493079
0.476523 0.021015 0.465711
0.489283 0.078774 0.438343
0.497957 0.136534 0.410974
0.485198 0.137269 0.383606
0.472438 0.079509 0.356237
0.459679 0.021750 0.328869
0.446919 -0.036010 0.301501
0.434160 -0.093769 0.274132
0.421400 -0.151528 0.246764
0.408291 -0.210871 0.218646
0.395182 -0.270213 0.190528
0.382073 -0.329555 0.162409
0.368963 -0.388897 0.134291
0.355854 -0.448239 0.106173
0.342745 -0.492419 0.078055
0.329636 -0.433077 0.049937
0.316527 -0.373735 0.021818
0.303418 -0.314393 -0.006300
0.290309 -0.255051 -0.034418
0.276859 -0.194167 -0.063267
0.263409 -0.133283 -0.092115
0.249959 -0.072399 -0.120964
0.236510 -0.011515 -0.149813
0.223060 0.049368 -0.178661
0.209610 0.110252 -0.207510
0.196161 0.171136 -0.236359
0.182711 0.232020 -0.265207
0.169261 0.292904 -0.294056
0.155812 0.344806 -0.322904
0.142030 0.282419 -0.352466
0.128248 0.220032 -0.382027
0.114466 0.157644 -0.411588
0.100685 0.095257 -0.441149
0.086903 0.032870 -0.470711
0.073121 -0.029518 -0.499728
0.059339 -0.091905 -0.470167
0.045557 -0.154292 -0.440606
0.031776 -0.216680 -0.411045
0.017994 -0.279067 -0.381483
0.003888 -0.342922 -0.351227
-0.010218 -0.406778 -0.320970
-0.024324 -0.470633 -0.290713
-0.038431 -0.465512 -0.260456
-0.052537 -0.401656 -0.230199
-0.066643 -0.337801 -0.199942
-0.080749 -0.273946 -0.169686
-0.094855 -0.210090 -0.139429
-0.108961 -0.146235 -0.109172
-0.123067 -0.082379 -0.078915
-0.137490 -0.017089 -0.047979
-0.151914 0.048202 -0.017042
-0.166337 0.113493 0.013895
-0.180760 0.178783 0.044832
-0.195183 0.244074 0.075768
-0.209606 0.309365 0.106705
-0.224029 0.374655 0.137642
-0.238452 0.439946 0.168579
-0.252875 0.408312 0.199515
-0.267299 0.343022 0.230452
-0.282032 0.276327 0.262054
-0.296765 0.209632 0.293656
-0.311499 0.142937 0.325258
-0.326232 0.076242 0.356860
-0.340965 0.009547 0.388463
-0.355699 -0.057148 0.420065
-0.370432 -0.123842 0.451667
-0.385166 -0.190537 0.483269
-0.399899 -0.257232 0.485129
-0.414632 -0.323927 0.453527
-0.429669 -0.391997 0.421273
-0.444706 -0.460068 0.389019
-0.459744 -0.471862 0.356765
-0.474781 -0.403792 0.324512
-0.489818 -0.335721 0.292258
-0.495145 -0.267651 0.260004
-0.480108 -0.199581 0.227750
-0.465071 -0.131511 0.195496
-0.450034 -0.063441 0.163243
-0.434997 0.004630 0.130989
-0.419662 0.074048 0.098096
-0.404327 0.143466 0.065204
-0.388992 0.212884 0.032311
-0.373657 0.282302 -0.000581
-0.358322 0.351721 -0.033474
-0.342987 0.421139 -0.066366
-0.327651 0.490557 -0.099259
-0.312316 0.559975 -0.132151
-0.296981 0.524866 -0.165044
-0.281646 0.455447 -0.197936
-0.266019 0.384707 -0.231455
-0.250392 0.313966 -0.264974
-0.234765 0.243226 -0.298493
-0.219138 0.172485 -0.332012
-0.203510 0.101744 -0.365531
-0.187883 0.031004 -0.399050
-0.172256 -0.039737 -0.432569
-0.156629 -0.110477 -0.466088
-0.141002 -0.181218 -0.499607
-0.125375 -0.251958 -0.466874
-0.109461 -0.323997 -0.432740
-0.093547 -0.396036 -0.398606
-0.077633 -0.468075 -0.364471
-0.061719 -0.459886 -0.330337
-0.045806 -0.387848 -0.296203
-0.029892 -0.315809 -0.262069
-0.013978 -0.243770 -0.227935
0.001936 -0.171732 -0.193801
0.017850 -0.099693 -0.159667
0.033764 -0.027654 -0.125532
0.049959 0.045660 -0.090794
0.066155 0.118973 -0.056055
0.082350 0.192287 -0.021317
0.098546 0.265601 0.013421
0.114741 0.338915 0.048160
0.130937 0.412228 0.082898
0.147132 0.485542 0.117636
0.163328 0.558856 0.152375
0.179523 0.632170 0.187113
0.195719 0.681663 0.221851
0.212191 0.607096 0.257184
0.228664 0.532529 0.292516
0.245136 0.457962 0.327848
0.261608 0.383395 0.363180
0.278081 0.308827 0.398512
0.294553 0.234260 0.433844
0.311025 0.159693 0.469177
0.327498 0.085126 0.495491
0.343970 0.010559 0.460159
0.360442 -0.064008 0.424827
0.377187 -0.139808 0.388911
0.393932 -0.215607 0.352994
0.410677 -0.291407 0.317078
0.427421 -0.367207 0.281162
0.444166 -0.443007 0.245246
0.460911 -0.481193 0.209329
0.477655 -0.405393 0.173413
0.494400 -0.329594 0.137497
0.488855 -0.253794 0.101581
0.472110 -0.177994 0.065664
0.455098 -0.100982 0.029173
0.438085 -0.023969 -0.007318
0.421072 0.053044 -0.043809
0.404060 0.130056 -0.080300
0.387047 0.207069 -0.116791
0.370034 0.284081 -0.153282
0.353022 0.361094 -0.189773
0.336009 0.438106 -0.226264
0.318996 0.515119 -0.262755
0.301984 0.592132 -0.299246
0.284707 0.670338 -0.336302
0.267431 0.748545 -0.373359
0.250155 0.772064 -0.410416
0.232878 0.693857 -0.447473
0.215602 0.615651 -0.484530
0.198325 0.537444 -0.478414
0.181049 0.459237 -0.441357
0.163773 0.381031 -0.404300
0.146496 0.302824 -0.367243
0.129220 0.224617 -0.330186
0.111684 0.145234 -0.292572
0.094147 0.065852 -0.254958
0.076611 -0.013531 -0.217344
0.059075 -0.092914 -0.179730
0.041539 -0.172296 -0.142116
0.024003 -0.251679 -0.104502
0.006466 -0.331062 -0.066888
-0.011070 -0.410445 -0.029274
-0.028606 -0.489827 0.008340
-0.046142 -0.430790 0.045954
-0.063935 -0.350248 0.084117
-0.081727 -0.269707 0.122281
-0.099519 -0.189165 0.160444
-0.117311 -0.108623 0.198607
-0.135103 -0.028082 0.236770
-0.152896 0.052460 0.274933
-0.170688 0.133002 0.313096
-0.188480 0.213543 0.351260
-0.206273 0.294085 0.389423
-0.224065 0.374627 0.427586
-0.242109 0.456311 0.466290
-0.260154 0.537995 0.495005
-0.278199 0.619679 0.456301
-0.296243 0.701363 0.417596
-0.314288 0.783047 0.378891
-0.332333 0.864731 0.340187
-0.350378 0.946415 0.301482
-0.368422 0.929268 0.262778
-0.386467 0.847584 0.224073
-0.404512 0.765900 0.185369
-0.422805 0.683089 0.146130
-0.441099 0.600278 0.106892
-0.459392 0.517467 0.067653
-0.477686 0.434656 0.028415
-0.495979 0.351845 -0.010824
-0.485727 0.269034 -0.050062
-0.467433 0.186223 -0.089300
-0.449140 0.103413 -0.128539
-0.430846 0.020602 -0.167777
-0.412553 -0.062209 -0.207016
-0.394014 -0.146132 -0.246781
-0.375474 -0.230054 -0.286546
-0.356935 -0.313977 -0.326311
-0.338396 -0.397899 -0.366077
-0.319857 -0.481822 -0.405842
-0.301318 -0.434256 -0.445607
-0.282779 -0.350333 -0.485372
-0.264240 -0.266411 -0.474862
-0.245701 -0.182489 -0.435097
-0.227161 -0.098566 -0.395332
-0.208380 -0.013547 -0.355047
-0.189599 0.071473 -0.314762
-0.170817 0.156493 -0.274477
-0.152036 0.241512 -0.234192
-0.133254 0.326532 -0.193907
-0.114473 0.411551 -0.153622
-0.095691 0.496571 -0.113337
-0.076910 0.581590 -0.073052
-0.058129 0.666610 -0.032767
-0.039347 0.751629 0.007518
-0.020327 0.837732 0.048316
-0.001306 0.923834 0.089114
0.017715 1.009937 0.129912
0.036736 1.035282 0.170711
0.055756 0.949180 0.211509
0.074777 0.863077 0.252307
0.093798 0.776975 0.293105
0.112818 0.690872 0.333903
0.131839 0.604770 0.374702
0.150860 0.518667 0.415500
0.170117 0.431495 0.456805
0.189374 0.344323 0.498110
0.208630 0.257150 0.460585
0.227887 0.169978 0.419280
0.247144 0.082806 0.377975
0.266401 -0.004367 0.336670
0.285658 -0.091539 0.295364
0.304915 -0.178711 0.254059
0.324173 -0.265884 0.212754
0.343430 -0.353056 0.171449
0.362920 -0.441285 0.129644
0.382410 -0.470486 0.087838
0.401901 -0.382257 0.046032
0.421391 -0.294028 0.004227
0.440882 -0.205799 -0.037579
0.460372 -0.117570 -0.079385
0.479863 -0.029341 -0.121190
0.499353 0.058888 -0.162996
0.481157 0.147117 -0.204802
0.461666 0.235346 -0.246607
0.441945 0.324619 -0.288908
0.422224 0.413892 -0.331208
0.419948 0.433013 -0.339817
0.443841 0.346907 -0.297889
0.467734 0.260801 -0.255960
0.491627 0.174695 -0.214031
0.484480 0.088588 -0.172103
0.460587 0.002482 -0.130174
0.436695 -0.083624 -0.088246
0.412802 -0.169730 -0.046317
0.388633 -0.256832 -0.003904
0.364464 -0.343934 0.038510
0.340295 -0.431036 0.080923
0.316125 -0.481863 0.123336
0.291956 -0.394761 0.165750
0.267787 -0.307659 0.208163
0.243618 -0.220557 0.250576
0.219449 -0.133456 0.292990
0.195280 -0.046354 0.335403
0.171111 0.040748 0.377817
0.146669 0.128834 0.420709
0.122227 0.216920 0.463602
0.097785 0.305006 0.493505
0.073343 0.393091 0.450613
0.048901 0.481177 0.407720
0.024459 0.569263 0.364827
0.000017 0.657349 0.321935
-0.024425 0.745435 0.279042
-0.048867 0.833522 0.236149
-0.073310 0.921608 0.193257
-0.098022 1.010667 0.149890
-0.122734 1.099726 0.106524
-0.147446 1.188785 0.063157
-0.172158 1.277844 0.019790
-0.196871 1.365098 -0.023576
-0.221583 1.276039 -0.066943
-0.246295 1.186980 -0.110309
-0.271007 1.097921 -0.153676
-0.295719 1.008862 -0.197042
-0.320431 0.919803 -0.240409
-0.345411 0.829781 -0.284244
-0.370390 0.739759 -0.328080
-0.395370 0.649737 -0.371915
-0.420349 0.559715 -0.415750
-0.445329 0.469693 -0.459586
-0.470308 0.379671 -0.496579
-0.495287 0.289648 -0.452744
-0.479733 0.199626 -0.408908
-0.454754 0.109604 -0.365073
-0.429774 0.019582 -0.321238
-0.404531 -0.071393 -0.276938
-0.379287 -0.162367 -0.232639
-0.354043 -0.253342 -0.188340
-0.328799 -0.344317 -0.144040
-0.303556 -0.435292 -0.099741
-0.278312 -0.473733 -0.055442
-0.253068 -0.382758 -0.011142
-0.227824 -0.291784 0.033157
-0.202581 -0.200809 0.077456
-0.177337 -0.109834 0.121756
-0.151832 -0.017917 0.166514
-0.126326 0.074001 0.211272
-0.100821 0.165918 0.256030
-0.075316 0.257836 0.300789
-0.049810 0.349753 0.345547
-0.024305 0.441671 0.390305
0.001200 0.533589 0.435064
0.026705 0.625506 0.479822
0.052211 0.717424 0.475420
0.077716 0.809341 0.430661
0.103480 0.902192 0.385448
0.129245 0.995043 0.340236
0.155009 1.087894 0.295023
0.180773 1.180745 0.249810
0.206537 1.273596 0.204597
0.232302 1.366447 0.159384
0.258066 1.409691 0.114172
0.283830 1.316840 0.068959
0.309594 1.223989 0.023746
0.335358 1.131138 -0.021467
0.361379 1.037364 -0.067129
0.387400 0.943589 -0.112792
0.413420 0.849814 -0.158455
0.439441 0.756039 -0.204117
0.465462 0.662264 -0.249780
0.491482 0.568490 -0.295443
0.482497 0.474715 -0.341105
0.456476 0.380940 -0.386768
0.430456 0.287166 -0.432430
0.404435 0.193391 -0.478093
0.378160 0.098702 -0.475799
0.351886 0.004012 -0.429691
0.325611 -0.090677 -0.383583
0.299336 -0.185367 -0.337475
0.273062 -0.280056 -0.291367
0.246787 -0.374746 -0.245259
0.220513 -0.469435 -0.199151
0.194238 -0.435875 -0.153042
0.167964 -0.341186 -0.106934
0.141689 -0.246496 -0.060826
0.115163 -0.150901 -0.014277
0.088637 -0.055305 0.032273
0.062112 0.040291 0.078822
0.035586 0.135886 0.125371
0.009060 0.231482 0.171921
-0.017466 0.327078 0.218470
-0.043992 0.422673 0.265020
-0.070518 0.518269 0.311569
-0.097044 0.613865 0.358119
-0.123570 0.709460 0.404668
-0.150345 0.805954 0.451654
-0.177120 0.902447 0.498641
-0.203895 0.998941 0.454373
-0.230670 1.095433 0.407387
-0.257445 1.191926 0.360400
-0.284220 1.288419 0.313414
-0.310995 1.384912 0.266428
-0.337770 1.481404 0.219441
-0.364545 1.577897 0.172455
-0.391320 1.530152 0.125468
-0.418342 1.432770 0.078049
-0.445363 1.335388 0.030629
-0.472385 1.238006 -0.016791
-0.499407 1.140624 -0.064210
-0.473571 1.043242 -0.111630
-0.446549 0.945860 -0.159049
-0.419528 0.848477 -0.206469
-0.392506 0.751094 -0.253888
-0.365484 0.653712 -0.301308
-0.338462 0.556329 -0.348727
-0.311196 0.458065 -0.396576
-0.283930 0.359801 -0.444425
-0.256663 0.261537 -0.492274
-0.229397 0.163273 -0.459877
-0.202130 0.065009 -0.412028
-0.174864 -0.033255 -0.364180
-0.147598 -0.131519 -0.316331
-0.120332 -0.229783 -0.268482
-0.093065 -0.328046 -0.220633
-0.065799 -0.426310 -0.172785
-0.038290 -0.474552 -0.124511
-0.010782 -0.375415 -0.076236
0.016727 -0.276277 -0.027962
0.044236 -0.177140 0.020312
0.071744 -0.078002 0.068586
0.099253 0.021135 0.116860
0.126762 0.120272 0.165134
0.154270 0.219410 0.213408
0.181779 0.318547 0.261682
0.209288 0.417685 0.309956
0.237037 0.517688 0.358652
0.264786 0.617691 0.407347
0.292535 0.717695 0.456043
0.320284 0.817698 0.495262
0.348033 0.917702 0.446566
0.375782 1.017705 0.397871
0.403531 1.117709 0.349175
0.431280 1.217712 0.300480
0.459028 1.317716 0.251784
0.486777 1.417719 0.203089
0.485236 1.518581 0.153975
0.457248 1.619443 0.104862
0.429261 1.720305 0.055748
0.401274 1.616776 0.006634
0.373287 1.515915 -0.042479
0.345300 1.415053 -0.091593
0.317313 1.314191 -0.140707
0.289326 1.213329 -0.189820
0.261339 1.112467 -0.238934
0.233352 1.011606 -0.288048
0.205129 0.909893 -0.337576
0.176905 0.808180 -0.387104
0.148682 0.706467 -0.436632
0.120459 0.604754 -0.486160
0.092236 0.503041 -0.464312
0.064012 0.401328 -0.414783
0.035789 0.299615 -0.365255
0.007566 0.197902 -0.315727
-0.020658 0.096189 -0.266199
-0.048881 -0.005524 -0.216671
-0.077338 -0.108080 -0.166732
-0.105796 -0.210637 -0.116792
-0.134254 -0.313194 -0.066853
-0.162711 -0.415751 -0.016914
-0.191169 -0.481692 0.033025
-0.219626 -0.379135 0.082964
-0.248084 -0.276578 0.132903
-0.276541 -0.174021 0.182842
-0.304999 -0.071464 0.232782
-0.333456 0.031093 0.282721
-0.362146 0.134487 0.333068
-0.390836 0.237881 0.383414
-0.419526 0.341275 0.433761
-0.448216 0.444669 0.484108
-0.476905 0.548064 0.465545
-0.494405 0.651458 0.415198
-0.465715 0.754852 0.364851
-0.437025 0.858247 0.314505
-0.408335 0.961641 0.264158
-0.379645 1.065035 0.213811
-0.350725 1.169260 0.163060
-0.321805 1.273485 0.112308
-0.292885 1.377709 0.061557
-0.263965 1.481934 0.010806
-0.235045 1.586159 -0.039945
-0.206124 1.690383 -0.090696
-0.177204 1.794608 -0.141448
-0.148284 1.898833 -0.192199
-0.119363 1.977390 -0.242950
-0.090443 1.873165 -0.293702
-0.061294 1.768117 -0.344854
-0.032145 1.663068 -0.396006
-0.002996 1.558020 -0.447159
0.026153 1.452972 -0.498311
0.055302 1.347923 -0.450536
0.084451 1.242875 -0.399384
0.113599 1.137826 -0.348232
0.142748 1.032778 -0.297079
0.171897 0.927729 -0.245927
0.201046 0.822681 -0.194774
0.230422 0.716815 -0.143224
0.259798 0.610949 -0.091674
0.289173 0.505082 -0.040123
0.318549 0.399216 0.011427
0.347925 0.293350 0.062978
0.377301 0.187484 0.114528
0.406677 0.081618 0.166079
0.436053 -0.024248 0.217629
0.465429 -0.130114 0.269180
0.494804 -0.235980 0.320730
0.475595 -0.342658 0.372676
0.445994 -0.449335 0.424621
0.416393 -0.443988 0.476567
0.386792 -0.337310 0.471488
0.357191 -0.230633 0.419542
0.327590 -0.123955 0.367597
0.297990 -0.017278 0.315652
0.268389 0.089399 0.263706
0.238788 0.196077 0.211761
0.209187 0.302754 0.159815
0.179363 0.410237 0.107478
0.149539 0.517719 0.055140
0.119714 0.625202 0.002803
0.089890 0.732684 -0.049535
0.060066 0.840167 -0.101873
0.030242 0.947650 -0.154210
0.000417 1.055132 -0.206548
-0.029407 1.162615 -0.258885
-0.059231 1.270098 -0.311223
-0.089055 1.377580 -0.363560
-0.119101 1.485862 -0.416287
-0.149147 1.594143 -0.469014
-0.179193 1.702424 -0.478260
-0.209239 1.810706 -0.425533
-0.239285 1.918987 -0.372807
-0.269331 2.027269 -0.320080
-0.299377 2.135551 -0.267354
-0.329424 2.185253 -0.214627
-0.359470 2.076970 -0.161900
-0.389516 1.968688 -0.109173
-0.419782 1.859613 -0.056061
-0.450048 1.750537 -0.002948
-0.480314 1.641462 0.050165
-0.489420 1.532387 0.103278
-0.459154 1.423311 0.156391
-0.428888 1.314236 0.209504
-0.398622 1.205161 0.262617
-0.368356 1.096085 0.315730
-0.338090 0.987010 0.368843
-0.307824 0.877936 0.421957
-0.277339 0.768073 0.475453
-0.246854 0.658210 0.471051
-0.216370 0.548347 0.417554
-0.185885 0.438485 0.364058
-0.155400 0.328623 0.310562
-0.124916 0.218760 0.257065
-0.094431 0.108898 0.203569
-0.063946 -0.000965 0.150072
-0.033462 -0.110827 0.096576
-0.002977 -0.220689 0.043079
0.027725 -0.331334 -0.010798
0.058426 -0.441978 -0.064675
0.089128 -0.447377 -0.118552
0.119829 -0.336733 -0.172430
0.150531 -0.226089 -0.226307
0.181233 -0.115444 -0.280184
0.211934 -0.004800 -0.334061
0.242636 0.105845 -0.387938
0.273338 0.216489 -0.441816
0.304039 0.327133 -0.495693
0.334957 0.438554 -0.450052
0.365874 0.549975 -0.395796
0.396791 0.661396 -0.341541
0.427708 0.772816 -0.287285
0.458626 0.884237 -0.233030
0.489543 0.995658 -0.178775
0.479540 1.107079 -0.124519
0.448623 1.218501 -0.070264
0.417706 1.329922 -0.016009
0.386788 1.441343 0.038246
0.355657 1.553535 0.092877
0.324527 1.665726 0.147508
0.293396 1.777918 0.202139
0.262265 1.890109 0.256770
0.231134 2.002301 0.311400
0.200003 2.114493 0.366031
0.168872 2.226686 0.420661
0.137741 2.338878 0.475292
0.106609 2.246790 0.470077
0.075478 2.134598 0.415447
0.044135 2.021640 0.360443
0.012791 1.908682 0.305439
-0.018552 1.795724 0.250435
-0.049896 1.682766 0.195432
-0.081239 1.569808 0.140428
-0.112583 1.456850 0.085424
-0.143926 1.343892 0.030420
-0.175270 1.230934 -0.024583
-0.206614 1.117976 -0.079587
-0.237957 1.005018 -0.134591
-0.269512 0.891299 -0.189965
-0.301066 0.777581 -0.245339
-0.332621 0.663862 -0.300713
-0.364176 0.550144 -0.356087
-0.395731 0.436425 -0.411461
-0.427285 0.322707 -0.466836
-0.458840 0.208988 -0.477790
-0.490395 0.095270 -0.422416
-0.478051 -0.018448 -0.367042
-0.446496 -0.132167 -0.311668
-0.414732 -0.246641 -0.255926
-0.382968 -0.361115 -0.200184
-0.351203 -0.475589 -0.144442
-0.319439 -0.409937 -0.088700
-0.287675 -0.295463 -0.032958
-0.255911 -0.180989 0.022784
-0.224146 -0.066515 0.078526
-0.192382 0.047959 0.134268
-0.160618 0.162433 0.190010
-0.128853 0.276907 0.245752
-0.096881 0.392132 0.301860
-0.064908 0.507356 0.357968
-0.032936 0.622581 0.414075
-0.000963 0.737806 0.470183
0.031010 0.853030 0.473709
0.062982 0.968255 0.417602
0.094955 1.083479 0.361494
0.126927 1.198704 0.305386
0.158900 1.313928 0.249279
0.190872 1.429152 0.193171
0.223052 1.545122 0.136701
0.255232 1.661093 0.080230
0.287411 1.777063 0.023759
0.319591 1.893033 -0.032712
0.351770 2.009004 -0.089182
0.383950 2.124975 -0.145653
0.416130 2.240947 -0.202124
0.448309 2.356918 -0.258595
0.480489 2.472890 -0.315065
0.487331 2.588861 -0.371536
0.454946 2.705572 -0.428367
0.422561 2.822283 -0.485199
0.390175 2.750317 -0.457970
0.357790 2.633606 -0.401138
0.325405 2.516896 -0.344306
0.293020 2.400185 -0.287475
0.260634 2.283474 -0.230643
0.228249 2.166764 -0.173812
0.195864 2.050053 -0.116980
0.163479 1.933342 -0.060149
0.130889 1.815894 -0.002959
0.098300 1.698447 0.054231
0.065710 1.581000 0.111422
0.033121 1.463552 0.168612
0.000531 1.346105 0.225802
-0.032058 1.228657 0.282992
-0.064648 1.111210 0.340182
-0.097237 0.993763 0.397372
-0.129827 0.876315 0.454562
-0.162416 0.758867 0.488248
-0.195209 0.640687 0.430701
-0.228001 0.522507 0.373155
-0.260794 0.404327 0.315608
-0.293586 0.286148 0.258062
-0.326378 0.167968 0.200515
-0.359171 0.049788 0.142969
-0.391963 -0.068391 0.085423
-0.424756 -0.186571 0.027876
-0.457548 -0.304751 -0.029670
-0.490340 -0.422930 -0.087217
-0.476665 -0.458163 -0.145117
-0.443671 -0.339256 -0.203018
-0.410676 -0.220349 -0.260918
-0.377682 -0.101442 -0.318819
-0.344687 0.017465 -0.376720
-0.311693 0.136371 -0.434620
-0.278699 0.255278 -0.492521
-0.245704 0.374185 -0.449579
-0.212710 0.493092 -0.391678
-0.179716 0.611999 -0.333778
-0.146521 0.731629 -0.275525
-0.113326 0.851258 -0.217273
-0.080131 0.970888 -0.159020
-0.046936 1.090518 -0.100768
-0.013741 1.210148 -0.042515
0.019454 1.329778 0.015738
0.052649 1.449408 0.073990
0.085844 1.569038 0.132243
0.119039 1.688668 0.190495
0.152234 1.808298 0.248748
0.185628 1.928646 0.307350
0.219022 2.048994 0.365953
0.252416 2.169343 0.424555
0.285811 2.289692 0.483157
0.319205 2.410041 0.458240
0.352600 2.530390 0.399638
0.385994 2.650739 0.341035
0.419388 2.771088 0.282433
0.452783 2.891437 0.223831
0.486177 3.011786 0.165228
0.480230 3.131069 0.106278
0.446638 3.010007 0.047328
0.413045 2.888945 -0.011622
0.379453 2.767883 -0.070573
0.345860 2.646821 -0.129523
0.312267 2.525760 -0.188473
0.278675 2.404698 -0.247423
0.245082 2.283636 -0.306373
0.211490 2.162574 -0.365324
0.177897 2.041512 -0.424274
0.144108 1.919740 -0.483570
0.110318 1.797968 -0.457134
0.076529 1.676196 -0.397838
0.042739 1.554423 -0.338543
0.008950 1.432651 -0.279247
-0.024840 1.310879 -0.219951
-0.058629 1.189106 -0.160655
-0.092419 1.067334 -0.101359
-0.126208 0.945562 -0.042063
-0.159997 0.823790 0.017233
-0.193983 0.701311 0.076873
-0.227968 0.578832 0.136513
-0.261954 0.456354 0.196152
-0.295939 0.333875 0.255792
-0.329924 0.211397 0.315432
-0.363910 0.088918 0.375072
-0.397895 -0.033560 0.434712
-0.431880 -0.156039 0.494351
-0.465866 -0.278517 0.446009
-0.499851 -0.400996 0.386369
-0.465969 -0.475824 0.326387
-0.431788 -0.352643 0.266406
-0.397608 -0.229463 0.206424
-0.363428 -0.106282 0.146443
-0.329247 0.016898 0.086461
-0.295067 0.140079 0.026480
-0.260887 0.263259 -0.033502
-0.226707 0.386439 -0.093483
-0.192527 0.509620 -0.153465
-0.158346 0.632800 -0.213446
-0.123973 0.756678 -0.273768
-0.089599 0.880556 -0.334089
-0.055225 1.004434 -0.394410
-0.020851 1.128313 -0.454732
0.013523 1.252192 -0.484947
0.047896 1.376071 -0.424625
0.082270 1.499949 -0.364304
0.116644 1.623828 -0.303983
0.151018 1.747707 -0.243661
0.185392 1.871585 -0.183340
0.219958 1.996158 -0.122680
0.254524 2.120729 -0.062021
0.289091 2.245301 -0.001362
0.323657 2.369872 0.059297
0.358223 2.494443 0.119957
0.392789 2.619015 0.180616
0.427355 2.743586 0.241275
0.461922 2.868157 0.301935
0.496488 2.992729 0.362594
0.468946 3.117300 0.423253
0.434188 3.242563 0.484249
0.399430 3.367826 0.454756
0.364672 3.493088 0.393761
0.329914 3.440474 0.332766
0.295157 3.315211 0.271771
0.260399 3.189948 0.210775
0.225641 3.064685 0.149780
0.190883 2.939423 0.088784
0.156125 2.814160 0.027789
0.121367 2.688897 -0.033206
0.086419 2.562948 -0.094536
0.051471 2.436998 -0.155865
0.016522 2.311049 -0.217195
-0.018426 2.185100 -0.278525
-0.053374 2.059150 -0.339854
-0.088323 1.933201 -0.401184
-0.123271 1.807251 -0.462513
-0.158219 1.681302 -0.476157
-0.193168 1.555353 -0.414827
-0.228116 1.429403 -0.353498
-0.263254 1.302772 -0.291836
-0.298392 1.176141 -0.230174
-0.333529 1.049510 -0.168512
-0.368667 0.922878 -0.106850
-0.403805 0.796247 -0.045188
-0.438943 0.669616 0.016474
-0.474081 0.542984 0.078136
-0.490781 0.416353 0.139798
-0.455644 0.289721 0.201460
-0.420506 0.163090 0.263122
-0.385180 0.035779 0.325115
-0.349853 -0.091531 0.387108
-0.314527 -0.218842 0.449100
-0.279201 -0.346152 0.488907
-0.243875 -0.473463 0.426914
-0.208549 -0.399227 0.364922
-0.173223 -0.271917 0.302929
-0.137896 -0.144606 0.240936
-0.102570 -0.017296 0.178944
-0.067244 0.110015 0.116951
-0.031730 0.238001 0.054630
0.003783 0.365987 -0.007692
0.039297 0.493972 -0.070013
0.074810 0.621958 -0.132335
0.110324 0.749945 -0.194656
0.145837 0.877931 -0.256978
0.181351 1.005917 -0.319299
0.216864 1.133902 -0.381621
0.252378 1.261888 -0.443942
0.287891 1.389873 -0.493737
0.323591 1.518531 -0.431088
0.313520 1.559509 -0.422823
0.234791 1.468969 -0.496134
0.156061 1.378428 -0.430555
0.077332 1.287887 -0.357244
-0.001397 1.197347 -0.283933
-0.080126 1.106806 -0.210622
-0.158855 1.016266 -0.137310
-0.237585 0.925725 -0.063999
-0.316314 0.835184 0.009312
-0.395452 0.744173 0.083004
-0.474590 0.653162 0.156696
-0.446271 0.562151 0.230388
-0.367133 0.471141 0.304080
-0.287995 0.380130 0.377771
-0.208857 0.289119 0.451463
-0.129719 0.198108 0.474845
-0.050580 0.107097 0.401153
0.028558 0.016086 0.327461
0.107696 -0.074925 0.253769
0.187241 -0.166403 0.179698
0.266786 -0.257882 0.105627
0.346331 -0.349361 0.031556
0.425876 -0.440840 -0.042514
0.494579 -0.467681 -0.116585
0.415034 -0.376202 -0.190656
0.335489 -0.284724 -0.264727
0.255943 -0.193245 -0.338798
0.176398 -0.101766 -0.412868
0.096853 -0.010287 -0.486939
0.016903 0.081657 -0.438613
-0.063046 0.173601 -0.364166
-0.142996 0.265546 -0.289718
-0.222946 0.357490 -0.215270
-0.302896 0.449434 -0.140822
-0.382846 0.541379 -0.066375
-0.462795 0.633323 0.008073
-0.457255 0.725267 0.082521
-0.377305 0.817212 0.156969
-0.297355 0.909156 0.231417
-0.217002 1.001564 0.306240
-0.136650 1.093971 0.381062
-0.056297 1.186379 0.455885
0.024055 1.278786 0.469292
0.104408 1.371194 0.394469
0.184761 1.463601 0.319646
0.265113 1.556008 0.244823
0.345466 1.648416 0.170000
0.425819 1.740823 0.095177
0.493829 1.833231 0.020354
0.413075 1.926100 -0.054842
0.332322 2.018968 -0.130038
0.251569 2.111837 -0.205234
0.170815 2.204706 -0.280430
0.090062 2.297575 -0.355626
0.009309 2.390444 -0.430822
-0.071445 2.483312 -0.493982
-0.152198 2.576181 -0.418786
-0.232952 2.669050 -0.343590
