-0.108169 0.112290 -0.010719
-0.110553 0.130528 0.007401
-0.112938 0.148767 0.025521
-0.115322 0.167005 0.043641
-0.115905 0.012711 0.054073
-0.120837 -0.136290 0.042855
-0.126334 -0.223809 0.016943
-0.131832 -0.277599 -0.008968
-0.137329 -0.304344 -0.034879
-0.142826 -0.335075 -0.060790
-0.148323 -0.364531 -0.086702
-0.155056 -0.375384 -0.118436
-0.161788 -0.396463 -0.150171
-0.168521 -0.432139 -0.181906
-0.175254 -0.449083 -0.213640
-0.181986 -0.456702 -0.245375
-0.188719 -0.464319 -0.277110
-0.195452 -0.471936 -0.308844
-0.202184 -0.479552 -0.340579
-0.208917 -0.487169 -0.372314
-0.215902 -0.487484 -0.365204
-0.224092 -0.484235 -0.337771
-0.231229 -0.482957 -0.314086
-0.228886 -0.499419 -0.324133
-0.226543 -0.484119 -0.334179
-0.224200 -0.467657 -0.344225
-0.221857 -0.451195 -0.354272
-0.219513 -0.434734 -0.364318
-0.217170 -0.418272 -0.374365
-0.214827 -0.401810 -0.384411
-0.212484 -0.385348 -0.394457
-0.209864 -0.366943 -0.405689
-0.207244 -0.348538 -0.416922
-0.204624 -0.330134 -0.428154
-0.202005 -0.311729 -0.439386
-0.199385 -0.293324 -0.450618
-0.196765 -0.301968 -0.461850
-0.194145 -0.320373 -0.473083
-0.191526 -0.338778 -0.484315
-0.188906 -0.357182 -0.495547
-0.186286 -0.375587 -0.493221
-0.183416 -0.395749 -0.480916
-0.185721 -0.411588 -0.475113
-0.208722 -0.410139 -0.495313
-0.231723 -0.408690 -0.484487
-0.254725 -0.407241 -0.464286
-0.277726 -0.405792 -0.444086
-0.300728 -0.404343 -0.423886
-0.323729 -0.402894 -0.403685
-0.346731 -0.401445 -0.383485
-0.369732 -0.399996 -0.363285
-0.394576 -0.398431 -0.341466
-0.419421 -0.396866 -0.319648
-0.444265 -0.395301 -0.297829
-0.469110 -0.393735 -0.276010
-0.493954 -0.392170 -0.254192
-0.481202 -0.390605 -0.232373
-0.456357 -0.389040 -0.210554
-0.431513 -0.387475 -0.188736
-0.406668 -0.385909 -0.166917
-0.381824 -0.384344 -0.145098
-0.355264 -0.382671 -0.121773
-0.328704 -0.380998 -0.098448
-0.302144 -0.379325 -0.075123
-0.275585 -0.377652 -0.051798
-0.249025 -0.375979 -0.028472
-0.222465 -0.374305 -0.005147
-0.195905 -0.372632 0.018178
-0.169346 -0.370959 0.041503
-0.142786 -0.369286 0.064828
-0.116226 -0.367613 0.088153
-0.088056 -0.365838 0.112893
-0.059885 -0.364064 0.137634
-0.031714 -0.362289 0.162374
-0.003543 -0.360514 0.187114
0.024628 -0.358739 0.211854
0.052798 -0.356965 0.236594
0.080969 -0.355190 0.261334
0.109140 -0.353415 0.286074
0.137311 -0.351640 0.310814
0.165482 -0.349866 0.335554
0.195176 -0.347995 0.361633
0.224871 -0.346124 0.387711
0.254565 -0.344254 0.413789
0.284260 -0.342383 0.439867
0.313955 -0.340512 0.465945
0.343650 -0.338642 0.492024
0.373344 -0.336771 0.481898
0.403039 -0.334900 0.455820
0.432734 -0.333030 0.429742
0.462429 -0.331159 0.403663
0.493573 -0.329197 0.376312
0.475283 -0.327235 0.348961
0.444139 -0.325273 0.321610
0.412995 -0.323311 0.294259
0.381851 -0.321349 0.266908
0.350707 -0.319388 0.239557
0.319563 -0.317426 0.212206
0.288419 -0.315464 0.184854
0.257275 -0.313502 0.157503
0.226131 -0.311540 0.130152
0.193602 -0.309491 0.101585
0.161074 -0.307442 0.073017
0.128545 -0.305392 0.044450
0.096016 -0.303343 0.015882
0.063487 -0.301294 -0.012685
0.030958 -0.299245 -0.041252
-0.001571 -0.297196 -0.069820
-0.034099 -0.295146 -0.098387
-0.066628 -0.293097 -0.126954
-0.099157 -0.291048 -0.155522
-0.133014 -0.288915 -0.185256
-0.166871 -0.286782 -0.214990
-0.200728 -0.284649 -0.244724
-0.234585 -0.282516 -0.274457
-0.268443 -0.280383 -0.304191
-0.302300 -0.278250 -0.333925
-0.336157 -0.276117 -0.363659
-0.370014 -0.273984 -0.393392
-0.403872 -0.271851 -0.423126
-0.437729 -0.269718 -0.452860
-0.472864 -0.267505 -0.483716
-0.492001 -0.265292 -0.485427
-0.456866 -0.263078 -0.454571
-0.421731 -0.260865 -0.423714
-0.386595 -0.258651 -0.392858
-0.351460 -0.256438 -0.362001
-0.316325 -0.254224 -0.331145
-0.281190 -0.252011 -0.300289
-0.246055 -0.249798 -0.269432
-0.210920 -0.247584 -0.238576
-0.174551 -0.245293 -0.206636
-0.138183 -0.243002 -0.174697
-0.101815 -0.240711 -0.142758
-0.065446 -0.238420 -0.110819
-0.029078 -0.236129 -0.078879
0.007290 -0.233838 -0.046940
0.043659 -0.231547 -0.015001
0.080027 -0.229256 0.016939
0.116396 -0.226965 0.048878
0.152764 -0.224674 0.080817
0.190325 -0.222308 0.113804
0.227886 -0.219941 0.146791
0.265447 -0.217575 0.179777
0.303008 -0.215209 0.212764
0.340569 -0.212843 0.245751
0.378130 -0.210477 0.278738
0.415691 -0.208111 0.311724
0.453252 -0.205744 0.344711
0.490813 -0.203378 0.377698
0.471625 -0.201012 0.410684
0.432908 -0.198573 0.444686
0.394191 -0.196134 0.478688
0.355474 -0.193695 0.487310
0.316757 -0.191256 0.453307
0.278040 -0.188817 0.419305
0.239323 -0.186378 0.385303
0.200606 -0.183939 0.351301
0.161889 -0.181500 0.317299
0.123172 -0.179061 0.283297
0.084455 -0.176622 0.249295
0.044615 -0.174112 0.214307
0.004775 -0.171603 0.179320
-0.035064 -0.169093 0.144332
-0.074904 -0.166583 0.109344
-0.114743 -0.164074 0.074356
-0.154583 -0.161564 0.039369
-0.194422 -0.159054 0.004381
-0.234262 -0.156545 -0.030607
-0.274101 -0.154035 -0.065595
-0.313941 -0.151525 -0.100582
-0.354872 -0.148947 -0.136529
-0.395803 -0.146368 -0.172475
-0.436734 -0.143790 -0.208422
-0.477665 -0.141211 -0.244368
-0.481404 -0.138633 -0.280315
-0.440473 -0.136054 -0.316261
-0.399541 -0.133476 -0.352208
-0.358610 -0.130897 -0.388154
-0.317679 -0.128319 -0.424100
-0.276748 -0.125740 -0.460047
-0.234754 -0.123095 -0.496927
-0.192759 -0.120449 -0.466193
-0.150764 -0.117804 -0.429312
-0.108770 -0.115158 -0.392432
-0.066775 -0.112513 -0.355551
-0.024781 -0.109867 -0.318671
0.017214 -0.107222 -0.281791
0.059208 -0.104577 -0.244910
0.101203 -0.101931 -0.208030
0.143197 -0.099286 -0.171150
0.186229 -0.096575 -0.133358
0.229261 -0.093864 -0.095567
0.272292 -0.091153 -0.057776
0.315324 -0.088442 -0.019985
0.358355 -0.085731 0.017806
0.401387 -0.083021 0.055597
0.444418 -0.080310 0.093388
0.487450 -0.077599 0.131179
0.469518 -0.074888 0.168970
0.426487 -0.072177 0.206761
0.382443 -0.069403 0.245442
0.338398 -0.066628 0.284122
0.294354 -0.063854 0.322803
0.250310 -0.061079 0.361483
0.206266 -0.058304 0.400163
0.162221 -0.055530 0.438844
0.118177 -0.052755 0.477524
0.074133 -0.049981 0.483795
0.030088 -0.047206 0.445115
-0.013956 -0.044431 0.406434
-0.058990 -0.041594 0.366885
-0.104024 -0.038758 0.327335
-0.149058 -0.035921 0.287785
-0.194092 -0.033084 0.248235
-0.239126 -0.030247 0.208686
-0.284161 -0.027410 0.169136
-0.329195 -0.024573 0.129586
-0.374229 -0.021736 0.090036
-0.419264 -0.018899 0.050487
-0.464298 -0.016062 0.010937
-0.489699 -0.013164 -0.029463
-0.443696 -0.010266 -0.069864
-0.397694 -0.007368 -0.110264
-0.351691 -0.004470 -0.150664
-0.305688 -0.001572 -0.191065
-0.259685 0.001326 -0.231465
-0.213682 0.004224 -0.271865
-0.167679 0.007122 -0.312266
-0.121677 0.010020 -0.352666
-0.075674 0.012918 -0.393066
-0.028723 0.015876 -0.434300
0.018229 0.018833 -0.475533
-0.044082 0.026671 -0.431960
-0.106392 0.034509 -0.388388
-0.168703 0.042347 -0.344815
-0.231014 0.050185 -0.301242
-0.293324 0.058023 -0.257669
-0.355635 0.065861 -0.214097
-0.417946 0.073699 -0.170524
-0.480256 0.081536 -0.126951
-0.456199 0.089530 -0.082516
-0.392655 0.097523 -0.038080
-0.329110 0.105516 0.006355
-0.265566 0.113509 0.050791
-0.202021 0.121502 0.095227
-0.138477 0.129495 0.139662
-0.074932 0.137488 0.184098
-0.011387 0.145482 0.228533
0.052157 0.153475 0.272969
0.115702 0.161468 0.317404
0.180457 0.169613 0.362686
0.245212 0.177759 0.407968
0.309967 0.185904 0.453250
0.374722 0.194049 0.498532
0.439477 0.202195 0.456186
0.495768 0.210340 0.410904
0.431013 0.218486 0.365622
0.366258 0.226631 0.320340
0.301503 0.234777 0.275058
0.236748 0.242922 0.229776
0.170804 0.251217 0.183663
0.104861 0.259512 0.137550
0.038918 0.267807 0.091437
-0.027026 0.276101 0.045324
-0.092969 0.284396 -0.000789
-0.158912 0.292691 -0.046902
-0.224856 0.300986 -0.093014
-0.290799 0.309281 -0.139127
-0.356742 0.317576 -0.185240
-0.422686 0.325871 -0.231353
-0.489796 0.334313 -0.278282
-0.443093 0.342754 -0.325212
-0.375983 0.351196 -0.372141
-0.308872 0.359638 -0.419070
-0.241761 0.368080 -0.465999
-0.174651 0.376522 -0.487072
-0.107540 0.384963 -0.440143
-0.040430 0.393405 -0.393214
0.026681 0.401847 -0.346285
0.093791 0.410289 -0.299355
0.162049 0.418875 -0.251624
0.230307 0.427461 -0.203893
0.298565 0.436047 -0.156161
0.366822 0.444633 -0.108430
0.435080 0.453219 -0.060698
0.496662 0.461805 -0.012967
0.428404 0.470391 0.034764
0.360147 0.478977 0.082496
0.291889 0.487563 0.130227
0.223631 0.496149 0.177959
0.154245 0.504877 0.226479
0.084859 0.513605 0.275000
0.015473 0.522333 0.323520
-0.053913 0.531061 0.372041
-0.123299 0.539789 0.420561
-0.192686 0.548517 0.469082
-0.262072 0.557245 0.482398
-0.331458 0.565973 0.433877
-0.400844 0.574700 0.385356
-0.470230 0.583428 0.336836
-0.459274 0.592296 0.287539
-0.388778 0.601163 0.238242
-0.318282 0.610031 0.188945
-0.247785 0.618898 0.139649
-0.177289 0.627765 0.090352
-0.106793 0.636633 0.041055
-0.036296 0.645500 -0.008242
0.034200 0.654367 -0.057539
0.104696 0.663235 -0.106835
0.175193 0.672102 -0.156132
0.246782 0.681107 -0.206193
0.318371 0.690112 -0.256254
0.389961 0.699117 -0.306316
0.461550 0.708122 -0.356377
0.466860 0.717128 -0.406438
0.395271 0.726133 -0.456499
0.323682 0.735138 -0.493440
0.252092 0.744143 -0.443379
0.180503 0.753148 -0.393318
0.108914 0.762153 -0.343257
0.036248 0.771293 -0.292443
-0.036418 0.773904 -0.241629
-0.109084 0.764764 -0.190815
-0.181750 0.755624 -0.140001
-0.254416 0.746483 -0.089187
-0.327082 0.737343 -0.038373
-0.399748 0.728202 0.012441
-0.472414 0.719062 0.063255
-0.454919 0.709922 0.114069
-0.402328 0.712657 0.163203
-0.467722 0.823875 0.197719
-0.337772 0.766219 0.232234
-0.207822 0.655001 0.266750
-0.077872 0.543783 0.301266
0.052078 0.432565 0.335781
0.182028 0.321347 0.370297
0.311978 0.210128 0.404812
0.441929 0.098910 0.439328
0.428121 -0.012308 0.473843
0.298171 -0.123527 0.491641
0.166378 -0.236323 0.456636
0.034585 -0.349119 0.421631
-0.097209 -0.461914 0.386625
-0.183080 -0.444146 0.345986
-0.085261 -0.425631 0.282809
0.012558 -0.407115 0.219633
0.110377 -0.388600 0.156457
0.208196 -0.370085 0.093280
0.306015 -0.351569 0.030104
0.403834 -0.333054 -0.033073
0.496998 -0.314283 -0.097121
0.397829 -0.295513 -0.161169
0.298661 -0.276742 -0.225217
0.199492 -0.257971 -0.289265
0.100324 -0.239201 -0.353312
0.001156 -0.220430 -0.417360
-0.098013 -0.201659 -0.481408
-0.197181 -0.182888 -0.454544
-0.296349 -0.164117 -0.390496
-0.395518 -0.145346 -0.326448
-0.496017 -0.126324 -0.261540
-0.403484 -0.107301 -0.196633
-0.302984 -0.088278 -0.131725
-0.202485 -0.069255 -0.066817
-0.101985 -0.050233 -0.001910
-0.001486 -0.031210 0.062998
0.099014 -0.012187 0.127906
0.199513 0.006836 0.192813
0.300013 0.025858 0.257721
0.400512 0.044881 0.322629
0.497674 0.064153 0.388385
0.395861 0.083424 0.454141
0.294048 0.102695 0.480103
0.192234 0.121967 0.414347
0.090421 0.141238 0.348591
-0.011392 0.160510 0.282835
-0.113205 0.179781 0.217078
-0.215019 0.199052 0.151322
-0.316832 0.218324 0.085566
-0.418645 0.237595 0.019810
-0.478244 0.257112 -0.046784
-0.375134 0.276629 -0.113378
-0.272023 0.296146 -0.179972
-0.168913 0.315663 -0.246566
-0.065803 0.335180 -0.313160
0.037308 0.354697 -0.379754
0.140418 0.374214 -0.446347
0.243528 0.393731 -0.487059
0.346639 0.413248 -0.420465
0.449749 0.432765 -0.353871
0.445860 0.452524 -0.286450
0.341468 0.472284 -0.219029
0.237077 0.492043 -0.151607
0.132686 0.511803 -0.084186
0.028295 0.531562 -0.016765
-0.076097 0.551322 0.050656
-0.180488 0.571081 0.118077
-0.284879 0.590841 0.185499
-0.389270 0.610600 0.252920
-0.333247 0.604975 0.256445
-0.206961 0.588269 0.232297
-0.080675 0.571564 0.208149
0.045610 0.554859 0.184001
0.171896 0.538153 0.159853
0.298181 0.521448 0.135706
0.424467 0.504742 0.111558
0.449248 0.488037 0.087410
0.322962 0.471332 0.063262
0.196676 0.454626 0.039114
0.070391 0.437921 0.014966
-0.057389 0.421018 -0.009468
-0.185169 0.404115 -0.033901
-0.312950 0.387212 -0.058335
-0.440730 0.370309 -0.082768
-0.431490 0.353406 -0.107202
-0.303710 0.336503 -0.131636
-0.175930 0.319600 -0.156070
-0.048150 0.302697 -0.180503
0.079630 0.285794 -0.204937
0.207411 0.268891 -0.229371
0.336668 0.251792 -0.254087
0.465925 0.234694 -0.278803
0.404817 0.217595 -0.303519
0.275560 0.200497 -0.328236
0.146302 0.183398 -0.352952
0.017045 0.166300 -0.377668
-0.112213 0.149202 -0.402384
-0.241470 0.132103 -0.427101
-0.370728 0.115004 -0.451817
-0.499985 0.097906 -0.476533
-0.369297 0.080614 -0.498471
-0.238579 0.063322 -0.473476
-0.107861 0.046031 -0.448480
0.022857 0.028739 -0.423485
0.153575 0.011447 -0.398489
0.284293 -0.005845 -0.373494
0.415011 -0.023136 -0.348498
0.454271 -0.040428 -0.323503
0.323553 -0.057720 -0.298507
0.192835 -0.075012 -0.273512
0.060672 -0.092494 -0.248240
-0.071490 -0.109977 -0.222968
-0.203653 -0.127460 -0.197697
-0.335815 -0.144943 -0.172425
-0.467978 -0.162426 -0.147154
-0.399860 -0.179909 -0.121882
-0.267697 -0.197391 -0.096610
-0.135535 -0.214874 -0.071339
-0.003372 -0.232357 -0.046067
0.128790 -0.249840 -0.020795
0.262381 -0.267512 0.004749
0.395973 -0.285183 0.030294
0.470436 -0.302855 0.055839
0.336845 -0.320527 0.081384
0.203253 -0.338199 0.106929
0.069662 -0.355871 0.132474
-0.063929 -0.373543 0.158019
-0.197521 -0.391215 0.183564
-0.331112 -0.408887 0.209108
-0.464703 -0.426559 0.234653
-0.400292 -0.444417 0.260468
-0.265287 -0.462276 0.286284
-0.130282 -0.480135 0.312099
0.004723 -0.497993 0.337914
0.139728 -0.484148 0.363729
0.274733 -0.466289 0.389544
0.409738 -0.448430 0.415359
0.455257 -0.430571 0.441174
0.320251 -0.412713 0.466989
0.185246 -0.394854 0.492804
0.048842 -0.376810 0.481113
-0.087562 -0.358766 0.455030
-0.223966 -0.340723 0.428948
-0.360370 -0.322679 0.402865
-0.496774 -0.304635 0.376782
-0.366822 -0.286591 0.350700
-0.230418 -0.268547 0.324617
-0.094014 -0.250503 0.298534
0.042390 -0.232460 0.272452
0.178794 -0.214416 0.246369
0.316583 -0.196188 0.220021
0.454372 -0.177961 0.193674
0.407839 -0.159734 0.167326
0.270050 -0.141507 0.140979
0.132261 -0.123280 0.114631
-0.005528 -0.105053 0.088284
-0.143316 -0.086826 0.061936
-0.281105 -0.068599 0.035589
-0.418894 -0.050372 0.009242
-0.443317 -0.032145 -0.017106
-0.304157 -0.013736 -0.043716
-0.164997 0.004672 -0.070325
-0.025837 0.023081 -0.096935
0.113323 0.041489 -0.123545
0.252483 0.059898 -0.150154
0.391643 0.078306 -0.176764
0.469197 0.096715 -0.203374
0.330037 0.115123 -0.229984
0.190878 0.133532 -0.256593
0.051718 0.151940 -0.283203
-0.088800 0.170528 -0.310072
-0.229318 0.189116 -0.336941
-0.369835 0.207704 -0.363811
-0.489647 0.226292 -0.390680
-0.349129 0.244880 -0.417549
-0.208612 0.263468 -0.444418
-0.068094 0.282056 -0.471287
0.072424 0.300644 -0.498156
0.212941 0.319232 -0.474974
0.353459 0.337820 -0.448105
0.495321 0.356586 -0.420979
0.362816 0.375352 -0.393852
0.220954 0.394118 -0.366726
0.079092 0.412884 -0.339600
-0.062771 0.431650 -0.312473
-0.204633 0.450416 -0.285347
-0.346495 0.469182 -0.258221
-0.488358 0.487948 -0.231094
-0.369780 0.506714 -0.203968
-0.227918 0.525479 -0.176841
-0.084723 0.544422 -0.149460
0.058471 0.563364 -0.122079
0.201665 0.582307 -0.094698
0.344860 0.601249 -0.067317
0.488054 0.620191 -0.039936
0.368751 0.639134 -0.012555
0.225557 0.658076 0.014826
0.082362 0.677018 0.042208
-0.060832 0.695961 0.069589
-0.204026 0.714903 0.096970
-0.348541 0.734020 0.124603
-0.493055 0.753137 0.152237
-0.362431 0.772254 0.179870
-0.217917 0.791371 0.207504
-0.073403 0.810488 0.235137
0.071111 0.829605 0.262771
0.215625 0.848722 0.290404
0.360140 0.867839 0.318038
0.495346 0.886956 0.345672
0.350832 0.906073 0.373305
0.205010 0.925363 0.401189
0.059188 0.944653 0.429072
-0.086634 0.963943 0.456956
-0.232456 0.983232 0.484840
-0.378278 1.002522 0.487277
-0.475900 1.021811 0.459393
-0.330077 1.041101 0.431509
-0.184255 1.060390 0.403626
-0.038433 1.079679 0.375742
0.107389 1.098968 0.347858
0.254507 1.118429 0.319727
0.401625 1.137890 0.291596
0.451256 1.157351 0.263464
0.304138 1.176812 0.235333
0.157020 1.196273 0.207202
0.009902 1.215734 0.179070
-0.137217 1.235195 0.150939
-0.284335 1.254656 0.122807
-0.431453 1.274117 0.094676
-0.421429 1.293578 0.066544
-0.273026 1.313209 0.038167
-0.124622 1.332840 0.009790
0.023781 1.352472 -0.018587
0.172184 1.372103 -0.046964
0.320587 1.391734 -0.075341
0.468990 1.411366 -0.103718
0.382607 1.430997 -0.132096
0.234204 1.450629 -0.160473
0.085801 1.470260 -0.188850
-0.062603 1.489891 -0.217227
-0.212280 1.509691 -0.245848
-0.361957 1.529490 -0.274468
-0.488366 1.549290 -0.303089
-0.338689 1.569089 -0.331710
-0.189012 1.588889 -0.360330
-0.039335 1.608688 -0.388951
0.110342 1.628488 -0.417572
0.260019 1.648287 -0.446192
0.409696 1.668087 -0.474813
0.440627 1.687886 -0.496566
0.289687 1.707852 -0.467704
0.138747 1.727819 -0.438842
-0.012193 1.747785 -0.409979
-0.163134 1.755129 -0.381117
-0.314074 1.735162 -0.352254
-0.465014 1.715196 -0.323392
-0.384046 1.695229 -0.294530
-0.233106 1.675263 -0.265667
-0.082166 1.655297 -0.236805
0.068774 1.635330 -0.207943
0.220967 1.615198 -0.178841
0.373160 1.595066 -0.149739
0.474648 1.574934 -0.120637
0.322455 1.554802 -0.091536
0.170262 1.534670 -0.062434
0.018069 1.514538 -0.033332
-0.134123 1.494406 -0.004230
-0.286316 1.474274 0.024871
-0.438509 1.454142 0.053973
-0.409298 1.434010 0.083075
-0.255863 1.413713 0.112414
-0.102428 1.393417 0.141754
0.051007 1.373120 0.171093
0.204442 1.352823 0.200432
0.357877 1.332527 0.229772
0.488687 1.312230 0.259111
0.335252 1.291934 0.288450
0.181817 1.271637 0.317789
0.028382 1.251341 0.347128
-0.125053 1.231044 0.376468
-0.279721 1.210584 0.406043
-0.434388 1.190124 0.435618
-0.410944 1.169664 0.465192
-0.256277 1.149204 0.494767
-0.101609 1.128744 0.475658
0.053059 1.108285 0.446083
0.207726 1.087825 0.416508
0.362394 1.067365 0.386933
0.482939 1.046905 0.357358
0.328271 1.026445 0.327783
0.172381 1.005823 0.297974
0.016491 0.985201 0.268165
-0.139399 0.964580 0.238356
-0.295290 0.943959 0.208548
-0.451180 0.923337 0.178739
-0.392930 0.902716 0.148930
-0.237039 0.882094 0.119121
-0.081149 0.861473 0.089313
0.074741 0.840852 0.059504
0.230631 0.820230 0.029695
0.387735 0.799448 -0.000346
0.455162 0.778665 -0.030386
0.298058 0.757883 -0.060427
0.140955 0.737101 -0.090468
-0.016149 0.716318 -0.120509
-0.173252 0.695536 -0.150549
-0.330356 0.674754 -0.180590
-0.487459 0.653971 -0.210631
-0.355437 0.633189 -0.240672
-0.198334 0.612407 -0.270712
-0.040026 0.591465 -0.300984
0.118281 0.570524 -0.331255
0.276588 0.549582 -0.361526
0.434895 0.528641 -0.391797
0.406797 0.507699 -0.422068
0.248490 0.486758 -0.452339
0.090183 0.465816 -0.482610
-0.068125 0.444875 -0.487119
-0.226432 0.423933 -0.456848
-0.384739 0.402992 -0.426576
-0.455759 0.381892 -0.396077
-0.296257 0.360793 -0.365578
-0.136755 0.339693 -0.335078
0.022747 0.318594 -0.304579
0.182249 0.297494 -0.274079
0.341751 0.276395 -0.243580
0.498747 0.255296 -0.213081
0.339245 0.234196 -0.182581
0.179743 0.213097 -0.152082
0.020240 0.191997 -0.121582
-0.140448 0.170741 -0.090856
-0.301136 0.149485 -0.060130
-0.461824 0.128229 -0.029404
-0.377488 0.106972 0.001322
-0.216800 0.085716 0.032049
-0.056112 0.064460 0.062775
0.104576 0.043203 0.093501
0.265264 0.021947 0.124227
0.425952 0.000691 0.154953
0.413360 -0.020565 0.185680
0.251494 -0.041977 0.216631
0.089629 -0.063389 0.247582
-0.072236 -0.084801 0.278533
-0.234101 -0.106213 0.309485
-0.395967 -0.127625 0.340436
-0.442168 -0.149037 0.371387
-0.280303 -0.170450 0.402338
-0.118437 -0.191862 0.433289
0.043428 -0.213274 0.464241
0.205293 -0.234686 0.495192
0.368327 -0.256252 0.473633
0.468639 -0.277819 0.442459
0.305605 -0.299386 0.411284
0.142571 -0.320953 0.380109
-0.020463 -0.342519 0.348935
-0.183497 -0.364086 0.317760
-0.346530 -0.385653 0.286585
-0.490436 -0.407220 0.255410
-0.327402 -0.428786 0.224236
-0.164368 -0.450353 0.193061
-0.000173 -0.472073 0.161664
0.164021 -0.493794 0.130268
0.328215 -0.484486 0.098871
0.492410 -0.462766 0.067474
0.343396 -0.441046 0.036078
0.179202 -0.419326 0.004681
0.015007 -0.397605 -0.026716
-0.149187 -0.375885 -0.058112
-0.313382 -0.354165 -0.089509
-0.477576 -0.332445 -0.120906
-0.357077 -0.310572 -0.152523
-0.191731 -0.288700 -0.184140
-0.026384 -0.266827 -0.215757
0.138962 -0.244954 -0.247374
0.304309 -0.223082 -0.278991
0.469655 -0.201209 -0.310608
0.364998 -0.179337 -0.342225
0.199651 -0.157464 -0.373842
0.034305 -0.135592 -0.405459
-0.131042 -0.113719 -0.437075
-0.297533 -0.091695 -0.468911
-0.464024 -0.069672 -0.499253
-0.369485 -0.047648 -0.467417
-0.323534 -0.022079 -0.494364
-0.251437 0.027950 -0.428260
-0.179339 0.077978 -0.362157
-0.107242 0.128007 -0.296053
-0.035145 0.178035 -0.229949
0.036953 0.228063 -0.163846
0.109050 0.278092 -0.097742
0.181640 0.328462 -0.031187
0.254229 0.378832 0.035368
0.326819 0.429202 0.101922
0.399408 0.479572 0.168477
0.471998 0.529942 0.235032
0.455413 0.580312 0.301587
0.382823 0.630683 0.368142
0.310234 0.681053 0.434697
0.237644 0.731423 0.498748
0.165055 0.781793 0.432194
0.091976 0.832502 0.365191
0.018898 0.883211 0.298187
-0.054181 0.933921 0.231184
-0.127259 0.984630 0.164181
-0.200338 1.035339 0.097178
-0.273416 1.086048 0.030175
-0.346494 1.136758 -0.036828
-0.419572 1.187467 -0.103831
-0.492651 1.238176 -0.170834
-0.434271 1.288885 -0.237837
-0.360707 1.339932 -0.305285
-0.287143 1.390979 -0.372734
-0.213579 1.442025 -0.440182
-0.140015 1.493072 -0.492370
-0.066451 1.544118 -0.424921
0.007113 1.595165 -0.357473
0.080677 1.646212 -0.290025
0.154241 1.697258 -0.222576
0.227805 1.748305 -0.155128
0.301369 1.799351 -0.087680
0.375415 1.850732 -0.019789
0.449461 1.902112 0.048101
0.476492 1.953493 0.115992
0.402446 2.004873 0.183882
0.328400 2.056255 0.251773
0.254354 2.107636 0.319664
0.180307 2.159018 0.387554
0.106261 2.210399 0.455445
0.032215 2.261781 0.476665
-0.041832 2.313163 0.408774
-0.116357 2.364876 0.340444
-0.190883 2.416589 0.272114
-0.265409 2.468302 0.203784
-0.339934 2.520015 0.135454
-0.414460 2.571728 0.067124
-0.488985 2.623441 -0.001206
-0.436489 2.675153 -0.069535
-0.361964 2.726866 -0.137865
-0.287439 2.765199 -0.206195
-0.212913 2.713486 -0.274525
-0.137911 2.661442 -0.343292
-0.062909 2.609398 -0.412058
0.012093 2.557353 -0.480825
0.087094 2.505309 -0.450409
0.162096 2.453264 -0.381642
0.237098 2.401220 -0.312876
0.312100 2.349176 -0.244109
0.387102 2.297131 -0.175343
0.462103 2.245087 -0.106576
0.462895 2.193043 -0.037809
0.387420 2.140671 0.031391
0.311945 2.088300 0.100592
0.236470 2.035929 0.169792
0.160995 1.983558 0.238992
0.085520 1.931185 0.308193
0.010045 1.878813 0.377393
-0.065430 1.826441 0.446594
-0.140905 1.774069 0.484206
-0.216380 1.721697 0.415006
-0.291855 1.669324 0.345805
-0.367800 1.616626 0.276174
-0.443746 1.563927 0.206542
-0.480309 1.511228 0.136910
-0.404364 1.458529 0.067279
-0.328419 1.405830 -0.002353
-0.252473 1.353131 -0.071985
-0.176528 1.300432 -0.141616
-0.100583 1.247734 -0.211248
-0.024638 1.195035 -0.280879
0.051308 1.142336 -0.350511
0.127720 1.089313 -0.420571
0.204133 1.036290 -0.490631
0.280546 0.983267 -0.439308
0.356958 0.930243 -0.369248
0.433371 0.877220 -0.299188
0.490217 0.824197 -0.229128
0.413804 0.771174 -0.159068
0.337391 0.718151 -0.089007
0.260979 0.665128 -0.018947
0.184566 0.612105 0.051113
0.107689 0.558760 0.121599
0.030812 0.505415 0.192085
-0.046065 0.452070 0.262571
-0.122943 0.398724 0.333057
-0.199820 0.345379 0.403543
-0.276697 0.292034 0.474029
-0.353574 0.238689 0.455485
-0.430451 0.185344 0.384999
-0.492672 0.131998 0.314513
-0.415794 0.078653 0.244027
-0.338456 0.024988 0.173117
-0.261117 -0.028678 0.102208
-0.183778 -0.082343 0.031298
-0.106439 -0.136009 -0.039611
-0.029100 -0.189674 -0.110520
0.048239 -0.243340 -0.181430
0.125578 -0.297006 -0.252339
0.202917 -0.350671 -0.323248
0.280256 -0.404337 -0.394158
0.357594 -0.458002 -0.465067
0.435392 -0.488014 -0.463603
0.486810 -0.434030 -0.392273
0.409012 -0.380046 -0.320943
0.331214 -0.326062 -0.249613
0.253417 -0.272078 -0.178283
0.175619 -0.218094 -0.106952
0.097821 -0.164110 -0.035622
0.020023 -0.110126 0.035708
-0.057775 -0.056142 0.107038
-0.135573 -0.002158 0.178369
-0.213827 0.052143 0.250117
-0.292081 0.106444 0.321866
-0.370336 0.160744 0.393614
-0.448590 0.215045 0.465363
-0.473156 0.269346 0.462889
-0.394901 0.323647 0.391140
-0.316647 0.377947 0.319392
-0.238393 0.432248 0.247643
-0.160138 0.486549 0.175895
-0.081884 0.540849 0.104146
-0.003176 0.595465 0.031982
0.075531 0.650081 -0.040183
0.154239 0.704696 -0.112347
0.232947 0.759312 -0.184512
0.311655 0.813928 -0.256676
0.390363 0.868544 -0.328841
0.469071 0.923159 -0.401005
0.452221 0.977775 -0.473170
0.373513 1.032391 -0.454666
0.294805 1.087007 -0.382501
0.215647 1.141935 -0.309923
0.136488 1.196863 -0.237345
0.057329 1.251791 -0.164767
-0.021830 1.306719 -0.092189
-0.100989 1.361647 -0.019611
-0.180148 1.416575 0.052967
-0.259307 1.471503 0.125545
-0.338466 1.526431 0.198123
-0.417624 1.581359 0.270702
-0.496783 1.636287 0.343280
-0.423609 1.691526 0.416269
-0.344002 1.746766 0.489258
-0.264395 1.802005 0.437753
-0.184787 1.857244 0.364764
-0.105180 1.912483 0.291774
-0.025572 1.967722 0.218785
0.054035 2.022962 0.145796
0.133642 2.078201 0.072807
0.213250 2.133440 -0.000183
0.292857 2.188679 -0.073172
0.372911 2.244228 -0.146570
0.452964 2.299778 -0.219968
0.466982 2.355327 -0.293366
0.386929 2.410876 -0.366764
0.306875 2.466425 -0.440163
0.226822 2.521974 -0.486439
0.146769 2.577523 -0.413041
0.066715 2.633072 -0.339643
-0.013338 2.688622 -0.266245
-0.093392 2.744171 -0.192847
-0.173888 2.800027 -0.119042
-0.254385 2.855884 -0.045237
-0.334882 2.911741 0.028567
-0.415379 2.967597 0.102372
-0.495876 3.023454 0.176177
-0.423627 3.079311 0.249982
-0.343130 3.135168 0.323787
-0.262633 3.191024 0.397592
-0.182136 3.246881 0.471397
-0.101639 3.302738 0.454799
-0.020701 3.358900 0.380589
0.060237 3.415061 0.306380
0.141175 3.471223 0.232171
0.222113 3.527385 0.157961
0.303051 3.583547 0.083752
0.383989 3.550528 0.009543
0.464927 3.494366 -0.064666
0.454135 3.438204 -0.138876
0.373197 3.382042 -0.213085
0.292259 3.325880 -0.287294
0.210882 3.269413 -0.361906
0.129505 3.212946 -0.436517
0.048129 3.156479 -0.488871
-0.033248 3.100012 -0.414260
-0.114625 3.043545 -0.339648
-0.196001 2.987078 -0.265036
-0.277378 2.930611 -0.190425
-0.358755 2.874144 -0.115813
-0.440132 2.817677 -0.041202
-0.478492 2.761209 0.033410
-0.396679 2.704440 0.108421
-0.314866 2.647670 0.183433
-0.233053 2.590900 0.258444
-0.303993 2.594282 0.276921
-0.476770 2.637764 0.257708
-0.350453 2.681247 0.238495
-0.177676 2.724730 0.219282
-0.004899 2.768213 0.200069
0.167878 2.811696 0.180856
0.340655 2.855178 0.161643
0.485652 2.898892 0.142328
0.311958 2.942606 0.123013
0.138265 2.986320 0.103698
-0.035429 3.030035 0.084384
-0.209122 3.073749 0.065069
-0.382816 3.117463 0.045754
-0.443491 3.161177 0.026439
-0.269797 3.204891 0.007124
-0.096103 3.248605 -0.012191
0.077590 3.292319 -0.031506
0.252195 3.336262 -0.050922
0.426801 3.380205 -0.070339
0.398594 3.424148 -0.089755
0.223989 3.468091 -0.109171
0.049384 3.512033 -0.128588
-0.125222 3.555976 -0.148004
-0.299827 3.599919 -0.167420
-0.474432 3.643862 -0.186837
-0.350963 3.687805 -0.206253
-0.176357 3.731748 -0.225669
-0.000845 3.775920 -0.245187
0.174667 3.820092 -0.264704
0.350180 3.824509 -0.284221
0.474308 3.780337 -0.303738
0.298796 3.736165 -0.323256
0.123283 3.691993 -0.342773
-0.052229 3.647821 -0.362290
-0.227741 3.603650 -0.381807
-0.403254 3.559478 -0.401325
-0.421234 3.515306 -0.420842
-0.244819 3.470908 -0.440459
-0.068404 3.426509 -0.460077
0.108010 3.382111 -0.479695
0.284425 3.337713 -0.499312
0.460840 3.293314 -0.481070
0.362745 3.248916 -0.461452
0.186330 3.204518 -0.441835
0.009916 3.160120 -0.422217
-0.166499 3.115721 -0.402599
-0.342914 3.071323 -0.382981
-0.479774 3.026698 -0.363264
-0.302461 2.982073 -0.343547
-0.125149 2.937449 -0.323830
0.052164 2.892824 -0.304113
0.229476 2.848199 -0.284395
0.406789 2.803574 -0.264678
0.415899 2.758949 -0.244961
0.238586 2.714324 -0.225244
0.061274 2.669700 -0.205526
-0.116039 2.625075 -0.185809
-0.294244 2.580226 -0.165992
-0.472450 2.535377 -0.146175
-0.349344 2.490528 -0.126359
-0.171139 2.445679 -0.106542
0.007067 2.400830 -0.086725
0.185273 2.355981 -0.066909
0.363478 2.311132 -0.047092
0.458316 2.266284 -0.027275
0.280110 2.221435 -0.007458
0.101905 2.176586 0.012358
-0.077190 2.131513 0.032274
-0.256285 2.086440 0.052189
-0.435379 2.041367 0.072105
-0.385526 1.996294 0.092020
-0.206432 1.951221 0.111936
-0.027337 1.906147 0.131852
0.151758 1.861074 0.151767
0.330852 1.816001 0.171683
0.490053 1.770928 0.191598
