0.143449 0.197600 -0.257964
0.163947 0.191940 -0.243320
0.184445 0.186281 -0.228675
0.204943 0.177216 -0.214030
0.225441 0.012711 -0.199385
0.245939 -0.136290 -0.184740
0.266437 -0.223809 -0.170095
0.286935 -0.277599 -0.155450
0.299097 -0.305515 -0.148266
0.283832 -0.335896 -0.165046
0.292232 -0.364531 -0.158331
0.302520 -0.374861 -0.150106
0.312809 -0.396463 -0.141882
0.323097 -0.432139 -0.133657
0.311658 -0.448996 -0.140762
0.300218 -0.455919 -0.147866
0.306418 -0.457962 -0.162437
0.312618 -0.469453 -0.177008
0.318818 -0.480943 -0.191579
0.325018 -0.492434 -0.206150
0.331218 -0.496075 -0.220721
0.338378 -0.482807 -0.237547
0.345537 -0.469539 -0.254372
0.352697 -0.456271 -0.271197
0.359856 -0.443002 -0.288022
0.367015 -0.429734 -0.304847
0.374175 -0.416466 -0.321673
0.381334 -0.403197 -0.338498
0.388494 -0.389929 -0.355323
0.395653 -0.376661 -0.372148
0.402812 -0.363393 -0.388973
0.410817 -0.348558 -0.407785
0.418821 -0.333724 -0.426596
0.426825 -0.318889 -0.445407
0.434830 -0.304055 -0.464218
0.442834 -0.289221 -0.483029
0.450838 -0.302501 -0.498159
0.458843 -0.317336 -0.479348
0.466847 -0.332170 -0.460537
0.474851 -0.347004 -0.441726
0.482855 -0.361839 -0.422914
0.491624 -0.378089 -0.402308
0.499608 -0.394339 -0.381701
0.490839 -0.410589 -0.361095
0.483379 -0.422678 -0.344698
0.487691 -0.397324 -0.366186
0.492003 -0.371969 -0.387675
0.496315 -0.346615 -0.409164
0.499373 -0.321260 -0.430652
0.495061 -0.295905 -0.452141
0.490749 -0.270551 -0.473630
0.486091 -0.268575 -0.496840
0.481434 -0.295962 -0.479949
0.476776 -0.323348 -0.456738
0.472119 -0.350734 -0.433528
0.467461 -0.378120 -0.410317
0.462804 -0.405507 -0.387106
0.458146 -0.432893 -0.363896
0.453489 -0.460279 -0.340685
0.448831 -0.487665 -0.317474
0.444174 -0.484948 -0.294264
0.439194 -0.455671 -0.269451
0.434215 -0.426394 -0.244637
0.429236 -0.397117 -0.219824
0.424257 -0.367839 -0.195011
0.419278 -0.338562 -0.170198
0.414299 -0.309285 -0.145385
0.409320 -0.280008 -0.120572
0.404341 -0.250731 -0.095759
0.399362 -0.221454 -0.070946
0.394383 -0.192177 -0.046133
0.389102 -0.192918 -0.019814
0.383821 -0.223971 0.006504
0.378540 -0.255024 0.032822
0.373259 -0.286077 0.059141
0.367978 -0.317130 0.085459
0.362697 -0.348183 0.111777
0.357416 -0.379236 0.138095
0.352135 -0.410289 0.164414
0.340716 -0.431012 0.190106
0.314973 -0.427631 0.214336
0.287838 -0.424067 0.239878
0.260702 -0.420503 0.265419
0.233567 -0.416940 0.290961
0.206432 -0.413376 0.316502
0.224791 -0.417051 0.309444
0.262648 -0.423828 0.288415
0.300505 -0.430605 0.267385
0.338362 -0.437382 0.246356
0.376219 -0.444159 0.225327
0.414076 -0.450936 0.204297
0.453781 -0.458044 0.182241
0.493486 -0.465152 0.160186
0.466810 -0.472260 0.138130
0.427105 -0.479367 0.116074
0.387400 -0.486475 0.094018
0.347695 -0.493583 0.071962
0.307991 -0.499309 0.049907
0.268286 -0.492201 0.027851
0.228581 -0.485093 0.005795
0.188876 -0.477986 -0.016261
0.147406 -0.470562 -0.039297
0.105936 -0.463138 -0.062334
0.064466 -0.455714 -0.085370
0.022995 -0.448290 -0.108407
-0.018475 -0.440867 -0.131443
-0.059945 -0.433443 -0.154480
-0.101416 -0.426019 -0.177516
-0.142886 -0.418595 -0.200553
-0.184356 -0.411172 -0.223589
-0.225826 -0.403748 -0.246626
-0.268915 -0.396566 -0.270784
-0.311890 -0.390203 -0.295214
-0.354865 -0.383840 -0.319644
-0.397840 -0.377476 -0.344073
-0.440816 -0.371113 -0.368503
-0.483791 -0.364749 -0.392933
-0.473234 -0.358386 -0.417363
-0.430259 -0.352023 -0.441793
-0.387283 -0.345659 -0.466223
-0.344308 -0.339296 -0.490653
-0.299711 -0.332692 -0.483995
-0.255113 -0.326089 -0.458643
-0.210516 -0.319485 -0.433292
-0.165919 -0.312882 -0.407940
-0.121321 -0.306278 -0.382588
-0.076724 -0.299674 -0.357236
-0.032126 -0.293071 -0.331884
0.012471 -0.286467 -0.306532
0.057068 -0.279864 -0.281180
0.101666 -0.273260 -0.255828
0.147829 -0.266425 -0.229586
0.193991 -0.259590 -0.203344
0.240154 -0.252754 -0.177102
0.286317 -0.245919 -0.150861
0.332479 -0.239084 -0.124619
0.378642 -0.232249 -0.098377
0.424805 -0.225413 -0.072135
0.470967 -0.218578 -0.045893
0.482870 -0.211743 -0.019652
0.436708 -0.204907 0.006590
0.389031 -0.197848 0.033693
0.341354 -0.190788 0.060795
0.293678 -0.183729 0.087897
0.246001 -0.176670 0.115000
0.198325 -0.169610 0.142102
0.150648 -0.162551 0.169204
0.102971 -0.155491 0.196307
0.055295 -0.148432 0.223409
0.007618 -0.141373 0.250512
-0.040059 -0.134313 0.277614
-0.089203 -0.127036 0.305551
-0.138347 -0.119760 0.333487
-0.187491 -0.112483 0.361423
-0.236635 -0.105206 0.389360
-0.285779 -0.097930 0.417296
-0.334923 -0.090653 0.445233
-0.384067 -0.083376 0.473169
-0.433211 -0.076100 0.498895
-0.482355 -0.068823 0.470958
-0.468501 -0.061546 0.443022
-0.417933 -0.054059 0.414275
-0.367364 -0.046571 0.385529
-0.316795 -0.039083 0.356783
-0.266227 -0.031596 0.328036
-0.215658 -0.024108 0.299290
-0.165089 -0.016620 0.270543
-0.114521 -0.009133 0.241797
-0.063952 -0.001645 0.213050
-0.013383 0.005843 0.184304
0.037186 0.013330 0.155558
0.089140 0.021023 0.126023
0.141094 0.028716 0.096489
0.193049 0.036409 0.066955
0.245003 0.044102 0.037421
0.296958 0.051794 0.007887
0.348912 0.059487 -0.021647
0.400866 0.067180 -0.051182
0.452821 0.074873 -0.080716
0.495225 0.082566 -0.110250
0.443271 0.090259 -0.139784
0.389966 0.098151 -0.170085
0.336662 0.106044 -0.200387
0.283358 0.113937 -0.230688
0.230054 0.121830 -0.260990
0.176750 0.129722 -0.291291
0.123446 0.137615 -0.321593
0.070142 0.145508 -0.351894
0.016837 0.153400 -0.382196
-0.036467 0.161293 -0.412497
-0.089771 0.169186 -0.442799
-0.144391 0.177273 -0.473848
-0.199012 0.185361 -0.495102
-0.253632 0.193449 -0.464052
-0.308253 0.201536 -0.433002
-0.362873 0.209624 -0.401952
-0.417494 0.217711 -0.370902
-0.472114 0.225799 -0.339852
-0.473265 0.233887 -0.308803
-0.418645 0.241974 -0.277753
-0.364024 0.250062 -0.246703
-0.308118 0.258340 -0.214922
-0.252212 0.266618 -0.183142
-0.196307 0.274895 -0.151362
-0.140401 0.283173 -0.119581
-0.084495 0.291451 -0.087801
-0.028589 0.299729 -0.056020
0.024417 0.296555 -0.024588
0.051323 0.190311 0.003710
0.078228 0.084068 0.032008
0.105134 -0.022176 0.060307
0.132645 -0.130807 0.089241
0.160155 -0.239438 0.118175
0.187666 -0.348070 0.147109
0.215176 -0.456701 0.176044
0.242687 -0.434668 0.204978
0.270197 -0.326037 0.233912
0.297708 -0.217405 0.262847
0.325218 -0.108774 0.291781
0.352729 -0.000143 0.320715
0.380239 0.108489 0.349649
0.408341 0.219457 0.379206
0.436444 0.330424 0.408762
0.464546 0.441392 0.438319
0.492648 0.401520 0.467875
0.479250 0.290552 0.497431
0.451148 0.179584 0.473012
0.423046 0.068616 0.443456
0.394944 -0.042352 0.413899
0.366842 -0.153319 0.384343
0.338740 -0.264287 0.354786
0.310058 -0.377543 0.324620
0.281376 -0.490799 0.294454
0.252694 -0.395945 0.264289
0.224013 -0.282689 0.234123
0.195331 -0.169433 0.203956
0.166650 -0.056177 0.173790
0.137968 0.057079 0.143624
0.109286 0.170335 0.113458
0.080605 0.283591 0.083292
0.051923 0.396847 0.053126
0.022673 0.498650 0.022363
-0.006576 0.383151 -0.008401
-0.035826 0.267653 -0.039164
-0.065076 0.152154 -0.069928
-0.094325 0.036655 -0.100691
-0.123575 -0.078844 -0.131455
-0.152825 -0.194343 -0.162218
-0.182074 -0.309842 -0.192981
-0.211324 -0.425341 -0.223745
-0.240574 -0.459160 -0.254508
-0.270381 -0.341461 -0.285858
-0.300187 -0.223762 -0.317207
-0.329994 -0.106063 -0.348556
-0.359801 0.011636 -0.379906
-0.389608 0.129335 -0.411255
-0.419414 0.247034 -0.442605
-0.449221 0.364734 -0.473954
-0.479028 0.482433 -0.494697
-0.491165 0.600132 -0.463347
-0.461358 0.502645 -0.431998
-0.431004 0.382786 -0.400073
-0.400650 0.262927 -0.368148
-0.370296 0.143068 -0.336224
-0.339942 0.023209 -0.304299
-0.309588 -0.096650 -0.272374
-0.279235 -0.216509 -0.240449
-0.248881 -0.336367 -0.208524
-0.218527 -0.456226 -0.176600
-0.188173 -0.423915 -0.144675
-0.157819 -0.304056 -0.112750
-0.126928 -0.182075 -0.080260
-0.096037 -0.060095 -0.047771
-0.065146 0.061886 -0.015281
-0.034255 0.183866 0.017209
-0.003364 0.305847 0.049699
0.027527 0.427827 0.082189
0.058419 0.549807 0.114679
0.089310 0.662211 0.147168
0.120201 0.540231 0.179658
0.151092 0.418251 0.212148
0.182511 0.294185 0.245193
0.213930 0.170119 0.278239
0.245350 0.046053 0.311284
0.276769 -0.078013 0.344329
0.308188 -0.202078 0.377374
0.339607 -0.326144 0.410419
0.371026 -0.450210 0.443464
0.402445 -0.425724 0.476509
0.433864 -0.301658 0.490446
0.465283 -0.177592 0.457401
0.497222 -0.051476 0.423809
0.470840 0.074641 0.390218
0.438901 0.200757 0.356626
0.406962 0.326874 0.323035
0.390921 0.400058 0.303812
0.411973 0.349734 0.318115
0.433025 0.299410 0.332418
0.454077 0.249086 0.346721
0.475129 0.198763 0.361024
0.496181 0.148439 0.375327
0.482430 0.097310 0.389859
0.461040 0.046181 0.404391
0.439651 -0.004949 0.418923
0.418262 -0.056078 0.433455
0.396873 -0.107207 0.447987
0.375484 -0.158336 0.462518
0.354095 -0.209465 0.477050
0.332706 -0.260594 0.491582
0.311316 -0.311723 0.493886
0.289927 -0.362852 0.479354
0.268207 -0.414774 0.464597
0.246486 -0.466696 0.449839
0.224765 -0.481382 0.435082
0.203044 -0.429460 0.420325
0.181324 -0.377538 0.405568
0.159603 -0.325616 0.390811
0.137882 -0.273695 0.376053
0.116162 -0.221773 0.361296
0.094441 -0.169851 0.346539
0.072720 -0.117929 0.331782
0.050673 -0.065227 0.316803
0.028626 -0.012524 0.301824
0.006578 0.040179 0.286845
-0.015469 0.092881 0.271866
-0.037516 0.145584 0.256887
-0.059564 0.198287 0.241908
-0.081611 0.250989 0.226929
-0.103658 0.303692 0.211950
-0.125706 0.356395 0.196971
-0.147753 0.409097 0.181992
-0.170122 0.462569 0.166794
-0.192491 0.516041 0.151596
-0.214860 0.569513 0.136399
-0.237230 0.622985 0.121201
-0.259599 0.676457 0.106003
-0.281968 0.729929 0.090805
-0.304337 0.783401 0.075608
-0.326707 0.836873 0.060410
-0.349076 0.838562 0.045212
-0.371445 0.785090 0.030014
-0.394132 0.730860 0.014601
-0.416818 0.676629 -0.000813
-0.439505 0.622398 -0.016226
-0.462191 0.568168 -0.031639
-0.484878 0.513937 -0.047053
-0.492436 0.459706 -0.062466
-0.469750 0.405476 -0.077879
-0.447063 0.351245 -0.093293
-0.424377 0.297014 -0.108706
-0.401690 0.242784 -0.124119
-0.378691 0.187805 -0.139745
-0.355692 0.132826 -0.155371
-0.332692 0.077848 -0.170997
-0.313742 0.032437 -0.189146
-0.331236 0.073140 -0.230005
-0.348730 0.113842 -0.270863
-0.366224 0.154545 -0.311722
-0.383718 0.195247 -0.352581
-0.401212 0.235950 -0.393439
-0.418706 0.276652 -0.434298
-0.436435 0.317901 -0.475705
-0.454164 0.359150 -0.482888
-0.471892 0.400399 -0.441481
-0.489621 0.441647 -0.400074
-0.492650 0.482896 -0.358667
-0.474921 0.524145 -0.317260
-0.457192 0.565394 -0.275853
-0.439463 0.606643 -0.234446
-0.421735 0.647891 -0.193038
-0.404006 0.689140 -0.151631
-0.386045 0.730928 -0.109683
-0.368085 0.772717 -0.067735
-0.350124 0.814505 -0.025787
-0.332163 0.856293 0.016162
-0.314203 0.898081 0.058110
-0.296242 0.939870 0.100058
-0.278281 0.981658 0.142007
-0.260321 1.023446 0.183955
-0.242360 1.065233 0.225903
-0.224399 1.107021 0.267851
-0.206210 1.085445 0.310334
-0.188021 1.043125 0.352817
-0.169831 1.000804 0.395299
-0.151642 0.958484 0.437782
-0.133452 0.916163 0.480264
-0.115263 0.873843 0.477253
-0.097074 0.831522 0.434770
-0.078884 0.789202 0.392288
-0.060695 0.746881 0.349805
-0.042506 0.704561 0.307323
-0.024090 0.661715 0.264312
-0.005675 0.618868 0.221302
0.012740 0.576022 0.178291
0.031155 0.533176 0.135281
0.049571 0.490330 0.092270
0.067986 0.447484 0.049260
0.086401 0.404637 0.006250
0.104817 0.361791 -0.036761
0.123232 0.318945 -0.079771
0.141647 0.276099 -0.122782
0.160286 0.232733 -0.166313
0.178924 0.189368 -0.209845
0.197563 0.146002 -0.253377
0.216201 0.102637 -0.296909
0.234840 0.059271 -0.340440
0.253478 0.015906 -0.383972
0.272117 -0.027460 -0.427504
0.290756 -0.070825 -0.471035
0.309394 -0.114191 -0.485433
0.328033 -0.157556 -0.441901
0.346892 -0.201435 -0.397854
0.365752 -0.245314 -0.353807
0.384611 -0.289192 -0.309761
0.403470 -0.333071 -0.265714
0.422329 -0.376950 -0.221667
0.441188 -0.420829 -0.177620
0.460048 -0.464708 -0.133573
0.478907 -0.491413 -0.089526
0.497766 -0.447535 -0.045479
0.483375 -0.403656 -0.001432
0.464298 -0.359270 0.043124
0.445221 -0.314884 0.087681
0.426144 -0.270497 0.132237
0.407067 -0.226111 0.176793
0.387989 -0.181725 0.221350
0.368912 -0.137340 0.265906
0.349835 -0.092954 0.310462
0.330758 -0.048568 0.355018
0.311681 -0.004182 0.399575
0.292604 0.040204 0.444131
0.273311 0.085092 0.489190
0.254018 0.129980 0.465750
0.234726 0.174867 0.420690
0.215433 0.219755 0.375631
0.196140 0.264642 0.330571
0.176848 0.309530 0.285511
0.157555 0.354417 0.240452
0.138262 0.399305 0.195392
0.118970 0.444193 0.150333
0.099677 0.489080 0.105273
0.080171 0.534464 0.059715
0.060665 0.579848 0.014158
0.041159 0.625231 -0.031400
0.021653 0.670615 -0.076958
0.002147 0.715998 -0.122515
-0.017358 0.761382 -0.168073
-0.036864 0.806765 -0.213630
-0.056370 0.852149 -0.259188
-0.075876 0.897533 -0.304746
-0.095382 0.942916 -0.350303
-0.115099 0.988790 -0.396353
-0.134816 1.034664 -0.442404
-0.154532 1.080539 -0.488454
-0.174249 1.126413 -0.465496
-0.193966 1.172287 -0.419446
-0.213683 1.218161 -0.373395
-0.233399 1.264035 -0.327345
-0.253116 1.309909 -0.281295
-0.272833 1.334094 -0.235245
-0.292550 1.288220 -0.189195
-0.312476 1.241860 -0.142657
-0.332401 1.195501 -0.096120
-0.352327 1.149142 -0.049582
-0.372252 1.102782 -0.003045
-0.392178 1.056423 0.043493
-0.412103 1.010064 0.090030
-0.432029 0.963704 0.136568
-0.451954 0.917344 0.183105
-0.471880 0.870984 0.229643
-0.491805 0.824624 0.276180
-0.488063 0.777784 0.323200
-0.467931 0.730944 0.370220
-0.447799 0.684103 0.417239
-0.427668 0.637263 0.464259
-0.407536 0.590423 0.488721
-0.387404 0.543583 0.441701
-0.367272 0.496742 0.394682
-0.347140 0.449902 0.347662
-0.327009 0.403062 0.300642
-0.306877 0.356222 0.253622
-0.286541 0.308907 0.206125
-0.266205 0.261591 0.158628
-0.245868 0.214275 0.111131
-0.225532 0.166960 0.063634
-0.205196 0.119644 0.016137
-0.184859 0.072328 -0.031360
-0.164523 0.025013 -0.078857
-0.144186 -0.022303 -0.126354
-0.123850 -0.069619 -0.173852
-0.103514 -0.116934 -0.221349
-0.082975 -0.164721 -0.269318
-0.062437 -0.212507 -0.317288
-0.041898 -0.260294 -0.365258
-0.021359 -0.308080 -0.413228
-0.000821 -0.355867 -0.461198
0.019718 -0.403653 -0.490833
0.040257 -0.451440 -0.442863
0.060795 -0.499226 -0.394893
0.081334 -0.452987 -0.346923
0.101308 -0.417509 -0.307774
0.116349 -0.493540 -0.348408
0.131389 -0.430429 -0.389041
0.146429 -0.354398 -0.429674
0.161470 -0.278367 -0.470308
0.176510 -0.202336 -0.489059
0.191550 -0.126304 -0.448425
0.206591 -0.050273 -0.407792
0.221631 0.025758 -0.367159
0.236671 0.101789 -0.326525
0.251712 0.177820 -0.285892
0.266896 0.254579 -0.244870
0.269792 0.181355 -0.297406
0.272688 0.108131 -0.349942
0.275585 0.034908 -0.402478
0.278481 -0.038316 -0.455014
0.281377 -0.111540 -0.492449
0.284273 -0.184763 -0.439913
0.287169 -0.257987 -0.387377
0.290065 -0.331211 -0.334841
0.292962 -0.404435 -0.282305
0.295885 -0.478346 -0.229275
0.298808 -0.447743 -0.176246
0.301732 -0.373832 -0.123216
0.304655 -0.299921 -0.070187
0.307578 -0.226009 -0.017157
0.310502 -0.152098 0.035872
0.313425 -0.078187 0.088902
0.316348 -0.004276 0.141931
0.319271 0.069636 0.194961
0.322195 0.143547 0.247990
0.325145 0.218139 0.301508
0.328096 0.292732 0.355026
0.331046 0.367324 0.408544
0.333996 0.441917 0.462063
0.336947 0.516509 0.484419
0.339897 0.591101 0.430901
0.342848 0.665694 0.377383
0.345798 0.740286 0.323865
0.348749 0.814878 0.270347
0.351699 0.889470 0.216829
0.354676 0.964738 0.162826
0.357653 1.040005 0.108824
0.360630 1.115273 0.054821
0.363607 1.190540 0.000818
0.366584 1.265808 -0.053184
0.369561 1.341076 -0.107187
0.372538 1.416343 -0.161189
0.375515 1.491611 -0.215192
0.378492 1.566878 -0.269195
0.381469 1.642146 -0.323197
0.384472 1.633010 -0.377680
0.387476 1.557073 -0.432162
0.390479 1.481137 -0.486645
0.393483 1.405201 -0.458873
0.396486 1.329265 -0.404390
0.399489 1.253328 -0.349908
0.402493 1.177392 -0.295425
0.405496 1.101456 -0.240942
0.408500 1.025519 -0.186460
0.411503 0.949583 -0.131977
0.414533 0.872983 -0.077019
0.417563 0.796384 -0.022060
0.420592 0.719784 0.032898
0.423622 0.643184 0.087857
0.426652 0.566584 0.142815
0.429682 0.489985 0.197774
0.432711 0.413385 0.252732
0.435741 0.336785 0.307691
0.438771 0.260185 0.362649
0.441800 0.183586 0.417608
0.444856 0.106328 0.473038
0.447912 0.029071 0.471532
0.450967 -0.048186 0.416102
0.454023 -0.125443 0.360672
0.457079 -0.202701 0.305241
0.460134 -0.279958 0.249811
0.463190 -0.357215 0.194381
0.466245 -0.434472 0.138951
0.469301 -0.488271 0.083520
0.472357 -0.411013 0.028090
0.475438 -0.333104 -0.027808
0.478520 -0.255195 -0.083706
0.481601 -0.177286 -0.139604
0.484683 -0.099376 -0.195502
0.487765 -0.021467 -0.251400
0.490846 0.056442 -0.307298
0.493928 0.134351 -0.363196
0.497009 0.212260 -0.419094
0.499909 0.290170 -0.474992
0.496828 0.368079 -0.469110
0.493720 0.446635 -0.412748
0.490613 0.525191 -0.356386
0.487506 0.603747 -0.300024
0.484399 0.682303 -0.243662
0.481292 0.760859 -0.187300
0.478185 0.839415 -0.130938
0.475077 0.917970 -0.074577
0.471970 0.996526 -0.018215
0.468863 1.075082 0.038147
0.465756 1.153637 0.094509
0.462623 1.232834 0.151331
0.459491 1.312031 0.208153
0.456358 1.391227 0.264975
0.453226 1.470424 0.321797
0.450093 1.549621 0.378619
0.446961 1.628817 0.435441
0.443828 1.708014 0.492263
0.440696 1.787211 0.450915
0.437563 1.866407 0.394093
0.434431 1.830496 0.337271
0.431273 1.750663 0.279993
0.428115 1.670830 0.222714
0.424958 1.590996 0.165436
0.421800 1.511163 0.108158
0.418643 1.431330 0.050879
0.415485 1.351496 -0.006399
0.412328 1.271663 -0.063678
0.409170 1.191830 -0.120956
0.406013 1.111997 -0.178235
0.402855 1.032163 -0.235513
0.399672 0.951699 -0.293244
0.396490 0.871235 -0.350975
0.393307 0.790770 -0.408707
0.390125 0.710306 -0.466438
0.386942 0.629841 -0.475831
0.383759 0.549377 -0.418099
0.380577 0.468912 -0.360368
0.377394 0.388448 -0.302637
0.374212 0.307984 -0.244906
0.371029 0.227520 -0.187175
0.367822 0.146429 -0.128994
0.364614 0.065339 -0.070814
0.361407 -0.015752 -0.012633
0.358200 -0.096842 0.045547
0.354992 -0.177933 0.103728
0.351785 -0.259023 0.161908
0.348578 -0.340114 0.220089
0.345370 -0.421204 0.278269
0.342163 -0.497705 0.336449
0.338956 -0.416614 0.394630
0.335724 -0.334902 0.453256
0.332492 -0.253190 0.488118
0.329261 -0.171478 0.429492
0.326029 -0.089767 0.370865
0.322797 -0.008055 0.312239
0.319565 0.073657 0.253613
0.316333 0.155369 0.194987
0.313102 0.237081 0.136360
0.309870 0.318793 0.077734
0.306638 0.400505 0.019108
0.303382 0.482834 -0.039961
0.300126 0.565162 -0.099030
0.296870 0.647490 -0.158099
0.293613 0.729819 -0.217167
0.290357 0.812147 -0.276236
0.287101 0.894475 -0.335305
0.283845 0.976804 -0.394374
0.280589 1.059132 -0.453443
0.277332 1.141460 -0.487489
0.274076 1.223788 -0.428420
0.270796 1.306730 -0.368912
0.267515 1.389671 -0.309404
0.264235 1.472612 -0.249896
0.260955 1.555553 -0.190388
0.257674 1.638494 -0.130880
0.254394 1.721435 -0.071372
0.251114 1.804376 -0.011864
0.247833 1.887317 0.047644
0.244553 1.970258 0.107152
0.241272 2.053199 0.166660
0.237968 2.136748 0.226604
0.234663 2.220297 0.286548
0.231359 2.303846 0.346492
0.228054 2.387395 0.406435
0.224750 2.470944 0.466379
0.221445 2.429348 0.473677
0.218141 2.345799 0.413733
0.214836 2.262250 0.353790
0.211532 2.178701 0.293846
0.208228 2.095152 0.233902
0.204899 2.010999 0.173525
0.201571 1.926848 0.113149
0.198243 1.842697 0.052772
0.194914 1.758546 -0.007605
0.191586 1.674395 -0.067982
0.188258 1.590244 -0.128358
0.184929 1.506093 -0.188735
0.181601 1.421942 -0.249112
0.178273 1.337791 -0.309489
0.174944 1.253640 -0.369865
0.171592 1.168889 -0.430672
0.168240 1.084139 -0.491479
0.164888 0.999388 -0.447715
0.161536 0.914637 -0.386908
0.158184 0.829887 -0.326102
0.154832 0.745136 -0.265295
0.151480 0.660385 -0.204489
0.148128 0.575635 -0.143682
0.144776 0.490884 -0.082876
0.141424 0.406134 -0.022069
0.138049 0.320788 0.039164
0.134673 0.235443 0.100397
0.131297 0.150098 0.161630
0.127922 0.064753 0.222863
0.124546 -0.020593 0.284096
0.121171 -0.105938 0.345329
0.117795 -0.191283 0.406562
0.114420 -0.276628 0.467796
0.111044 -0.361974 0.470971
0.107669 -0.447319 0.409738
0.104270 -0.466745 0.348082
0.100871 -0.380809 0.286425
0.097472 -0.294874 0.224768
0.094073 -0.208938 0.163111
0.090674 -0.123002 0.101454
0.087275 -0.037066 0.039797
0.083876 0.048870 -0.021860
0.080477 0.134806 -0.083517
0.077078 0.220742 -0.145174
0.073679 0.306678 -0.206831
0.070257 0.393200 -0.268909
0.066835 0.479723 -0.330987
0.063413 0.566245 -0.393065
0.059990 0.652768 -0.455142
0.056568 0.739291 -0.482780
0.053146 0.825813 -0.420702
0.049724 0.912336 -0.358624
0.046302 0.998859 -0.296546
0.042880 1.085381 -0.234468
0.039457 1.171903 -0.172390
0.036012 1.259008 -0.109894
0.032567 1.346113 -0.047398
0.029122 1.433218 0.015097
0.025677 1.520323 0.077593
0.022232 1.607428 0.140089
0.018786 1.694533 0.202585
0.015341 1.781638 0.265081
0.011896 1.868743 0.327577
0.008451 1.955848 0.390072
0.005006 2.042954 0.452568
0.001537 2.130637 0.484521
-0.001931 2.218320 0.421609
-0.005399 2.306003 0.358698
-0.008867 2.393687 0.295787
-0.012335 2.481370 0.232876
-0.015803 2.569053 0.169965
-0.019271 2.653649 0.107054
-0.022739 2.565966 0.044142
-0.026207 2.478283 -0.018769
-0.029675 2.390599 -0.081680
-0.033166 2.302342 -0.145003
-0.036657 2.214084 -0.208327
-0.040148 2.125826 -0.271651
-0.043639 2.037568 -0.334974
-0.047129 1.949310 -0.398298
-0.050620 1.861051 -0.461622
-0.054111 1.772792 -0.475055
-0.057602 1.684533 -0.411731
-0.061093 1.596274 -0.348407
-0.064583 1.508015 -0.285084
-0.068097 1.419185 -0.221350
-0.071610 1.330355 -0.157617
-0.075124 1.241525 -0.093883
-0.078637 1.152695 -0.030150
-0.082150 1.063865 0.033584
-0.085664 0.975035 0.097317
-0.089177 0.886205 0.161051
-0.092691 0.797375 0.224784
-0.096204 0.708545 0.288518
-0.099717 0.619715 0.352251
-0.103253 0.530317 0.416392
-0.106789 0.440919 0.480533
-0.110325 0.351521 0.455326
-0.113861 0.262124 0.391185
-0.117397 0.172726 0.327044
-0.120933 0.083328 0.262904
-0.124469 -0.006070 0.198763
-0.128005 -0.095467 0.134622
-0.131540 -0.184865 0.070481
-0.135076 -0.274263 0.006341
-0.138635 -0.364225 -0.058205
-0.142193 -0.454187 -0.122750
-0.145751 -0.455851 -0.187296
-0.149309 -0.365890 -0.251841
-0.152868 -0.275928 -0.316387
-0.156426 -0.185966 -0.380932
-0.159984 -0.096004 -0.445478
-0.163542 -0.006042 -0.489977
-0.161394 -0.060134 -0.471250
-0.157818 -0.150240 -0.406646
-0.154221 -0.240907 -0.341640
-0.150623 -0.331574 -0.276634
-0.147026 -0.422241 -0.211628
-0.143428 -0.487092 -0.146622
-0.139830 -0.396425 -0.081616
-0.136233 -0.305758 -0.016610
-0.132635 -0.215091 0.048396
-0.129038 -0.124424 0.113402
-0.125440 -0.033757 0.178408
-0.121842 0.056910 0.243414
-0.118223 0.148135 0.308820
-0.114603 0.239359 0.374226
-0.110983 0.330584 0.439632
-0.107363 0.421809 0.494962
-0.103743 0.513034 0.429556
-0.100124 0.604259 0.364150
-0.096504 0.695484 0.298744
-0.092884 0.786709 0.233338
-0.089264 0.877934 0.167932
-0.085645 0.969159 0.102525
-0.082003 1.060938 0.036722
-0.078361 1.152717 -0.029082
-0.074719 1.244496 -0.094886
-0.071077 1.336276 -0.160689
-0.067436 1.428055 -0.226493
-0.063794 1.519834 -0.292297
-0.060152 1.611613 -0.358101
-0.056510 1.703393 -0.423905
-0.052869 1.795172 -0.489708
-0.049227 1.886951 -0.444488
-0.045563 1.979282 -0.378289
-0.041900 2.071613 -0.312090
-0.038236 2.163943 -0.245891
-0.034572 2.256273 -0.179692
-0.030909 2.348603 -0.113493
-0.027245 2.440933 -0.047294
-0.023581 2.533262 0.018905
-0.019918 2.625592 0.085104
-0.016254 2.717922 0.151303
-0.012590 2.810252 0.217502
-0.008905 2.903131 0.284094
-0.005220 2.996009 0.350686
-0.001534 3.088887 0.417277
0.002151 3.181766 0.483869
0.005836 3.170804 0.449539
0.009522 3.077925 0.382947
0.013207 2.985047 0.316355
0.016893 2.892169 0.249764
0.020578 2.799290 0.183172
0.024263 2.706412 0.116580
0.027970 2.612988 0.049598
0.031677 2.519563 -0.017385
0.035384 2.426139 -0.084367
0.039091 2.332715 -0.151349
0.042798 2.239290 -0.218332
0.046505 2.145866 -0.285314
0.050212 2.052442 -0.352297
0.053919 1.959018 -0.419279
0.057626 1.865595 -0.486262
0.061333 1.772172 -0.446756
0.065062 1.678206 -0.379385
0.068790 1.584241 -0.312014
0.072519 1.490275 -0.244643
0.076247 1.396310 -0.177273
0.079976 1.302344 -0.109902
0.083704 1.208379 -0.042531
0.087433 1.114413 0.024839
0.091161 1.020448 0.092210
0.094890 0.926483 0.159581
0.098618 0.832518 0.226952
0.102368 0.738014 0.294708
0.106118 0.643510 0.362465
0.109868 0.549006 0.430222
0.113618 0.454503 0.497979
0.117368 0.359999 0.434265
0.121117 0.265496 0.366508
0.124867 0.170992 0.298751
0.128617 0.076489 0.230994
0.132367 -0.018015 0.163238
0.136117 -0.112518 0.095481
0.139888 -0.207557 0.027340
0.143659 -0.302596 -0.040801
0.147430 -0.397635 -0.108941
0.151201 -0.492674 -0.177082
0.154972 -0.412287 -0.245223
0.158743 -0.317248 -0.313363
0.162514 -0.222209 -0.381504
0.166285 -0.127170 -0.449645
0.170056 -0.032131 -0.482215
0.173827 0.062908 -0.414074
0.177620 0.158479 -0.345552
0.181412 0.254050 -0.277029
0.185204 0.349622 -0.208507
0.188996 0.445193 -0.139985
0.192788 0.540764 -0.071462
0.196581 0.636335 -0.002940
0.200373 0.731907 0.065583
0.204165 0.827478 0.134105
0.207957 0.923049 0.202627
0.211749 1.018620 0.271150
0.215563 1.114721 0.340052
0.219376 1.210822 0.408954
0.223189 1.306922 0.477856
0.227002 1.403023 0.453242
0.230815 1.499123 0.384340
0.234629 1.595224 0.315438
0.238442 1.691324 0.246536
0.242255 1.787425 0.177634
0.246068 1.883526 0.108732
0.249881 1.979626 0.039830
0.253715 2.076253 -0.029450
0.257550 2.172879 -0.098730
0.261384 2.269505 -0.168009
0.265218 2.366132 -0.237289
0.269052 2.462758 -0.306569
0.272886 2.559384 -0.375848
0.276720 2.656010 -0.445128
0.280554 2.752637 -0.485592
0.284388 2.849263 -0.416313
0.288222 2.945889 -0.347033
0.292077 3.043040 -0.277378
0.295932 3.140191 -0.207723
0.299787 3.237342 -0.138067
0.303642 3.334492 -0.068412
0.307497 3.431643 0.001243
0.311352 3.528794 0.070898
0.315207 3.508022 0.140553
0.319062 3.410871 0.210208
0.322916 3.313720 0.279863
0.326771 3.216570 0.349519
0.330647 3.118897 0.419547
0.334522 3.021224 0.489576
0.338398 2.923551 0.440396
0.342273 2.825878 0.370367
0.346149 2.728205 0.300338
0.350024 2.630532 0.230310
0.353900 2.532859 0.160281
0.357775 2.435186 0.090253
0.361651 2.337513 0.020224
0.365526 2.239840 -0.049805
0.369422 2.141650 -0.120205
0.373318 2.043460 -0.190605
0.377214 1.945269 -0.261005
0.381111 1.847079 -0.331405
0.385007 1.748889 -0.401805
0.388903 1.650698 -0.472206
0.392799 1.552508 -0.457394
0.396695 1.454318 -0.386994
0.400591 1.356128 -0.316594
0.404487 1.257937 -0.246194
0.408404 1.159232 -0.175424
0.412320 1.060527 -0.104654
0.416237 0.961821 -0.033885
0.420153 0.863115 0.036885
0.424070 0.764409 0.107655
0.427987 0.665703 0.178424
0.431903 0.566998 0.249194
0.435820 0.468292 0.319964
0.439736 0.369586 0.390734
0.443653 0.270881 0.461503
0.447590 0.171662 0.467359
0.451527 0.072444 0.396222
0.455464 -0.026775 0.325085
0.459401 -0.125993 0.253948
0.463338 -0.225212 0.182810
0.467274 -0.324430 0.111673
0.471211 -0.423649 0.040536
0.475148 -0.477133 -0.030601
0.479085 -0.377914 -0.101739
0.483022 -0.278696 -0.172876
0.446185 -0.279533 -0.148270
0.382152 -0.347413 -0.059591
0.318118 -0.415293 0.029088
0.254085 -0.483173 0.117767
0.190052 -0.448947 0.206446
0.126018 -0.381067 0.295125
0.061985 -0.313187 0.383804
-0.002049 -0.245306 0.472483
-0.066082 -0.177426 0.438838
-0.130115 -0.109546 0.350160
-0.194475 -0.041321 0.261029
-0.258834 0.026905 0.171899
-0.323193 0.095130 0.082769
-0.387552 0.163355 -0.006361
-0.451912 0.231581 -0.095492
-0.483729 0.299806 -0.184622
-0.419370 0.368032 -0.273752
-0.355010 0.436257 -0.362882
-0.290651 0.504483 -0.452012
-0.226292 0.572708 -0.458858
-0.161608 0.641277 -0.369278
-0.096925 0.709847 -0.279699
-0.032241 0.778416 -0.190120
0.032442 0.846985 -0.100541
0.097126 0.915554 -0.010962
0.161809 0.984123 0.078618
0.226492 1.052693 0.168197
0.291176 1.121262 0.257776
0.355859 1.189831 0.347355
0.420543 1.258400 0.436935
0.485549 1.327311 0.473039
0.449445 1.396223 0.383013
0.384439 1.465134 0.292987
0.319433 1.534045 0.202961
0.254427 1.602957 0.112935
0.189421 1.671868 0.022909
0.124415 1.740779 -0.067117
0.059409 1.809691 -0.157143
-0.005597 1.878602 -0.247169
