-0.007411 0.120032 0.067637
-0.027367 0.106347 0.076645
-0.047323 0.092663 0.085654
-0.067279 0.078978 0.094662
-0.087235 0.012711 0.103671
-0.107191 -0.136290 0.112679
-0.127147 -0.223809 0.121688
-0.147103 -0.277599 0.130696
-0.167059 -0.304344 0.139704
-0.187015 -0.335075 0.148713
-0.179875 -0.364531 0.145839
-0.156910 -0.382106 0.136083
-0.133945 -0.398867 0.126327
-0.110979 -0.432139 0.116571
-0.101413 -0.452741 0.106017
-0.099160 -0.478557 0.089441
-0.096907 -0.495626 0.072865
-0.094653 -0.469810 0.056289
-0.092400 -0.443994 0.039713
-0.090147 -0.418178 0.023137
-0.087894 -0.392361 0.006561
-0.085293 -0.393631 -0.012579
-0.082691 -0.423441 -0.031719
-0.080089 -0.453251 -0.050859
-0.077488 -0.483061 -0.069999
-0.074886 -0.487129 -0.089140
-0.072284 -0.457319 -0.108280
-0.069683 -0.427509 -0.127420
-0.067081 -0.397699 -0.146560
-0.064479 -0.367889 -0.165700
-0.061878 -0.338079 -0.184841
-0.058969 -0.304750 -0.206240
-0.056060 -0.326190 -0.227639
-0.053151 -0.359518 -0.249039
-0.050243 -0.392847 -0.270438
-0.047334 -0.426175 -0.291837
-0.044425 -0.459504 -0.313237
-0.041516 -0.492832 -0.334636
-0.038608 -0.473839 -0.356035
-0.035699 -0.440511 -0.377434
-0.032790 -0.407182 -0.398834
-0.029604 -0.370672 -0.422276
-0.026417 -0.334163 -0.445718
-0.023231 -0.297653 -0.469159
-0.020045 -0.305937 -0.492601
-0.016858 -0.342447 -0.483957
-0.013672 -0.378956 -0.460515
-0.010486 -0.415466 -0.437073
-0.001091 -0.444568 -0.411921
0.033137 -0.444040 -0.379928
0.067366 -0.443512 -0.347935
0.104337 -0.442942 -0.313379
0.141308 -0.442372 -0.278822
0.178279 -0.441802 -0.244266
0.215250 -0.441232 -0.209710
0.252221 -0.440662 -0.175154
0.289192 -0.440092 -0.140597
0.326163 -0.439521 -0.106041
0.363134 -0.438951 -0.071485
0.400104 -0.438381 -0.036928
0.437075 -0.437811 -0.002372
0.476599 -0.437202 0.034570
0.483877 -0.436592 0.071512
0.444354 -0.435983 0.108454
0.404830 -0.435373 0.145397
0.365307 -0.434764 0.182339
0.325783 -0.434154 0.219281
0.286260 -0.433545 0.256223
0.246736 -0.432935 0.293166
0.207213 -0.432326 0.330108
0.167689 -0.431717 0.367050
0.125768 -0.431070 0.406234
0.083847 -0.430424 0.445417
0.041926 -0.429777 0.484600
0.000005 -0.429131 0.476217
-0.041916 -0.428484 0.437034
-0.083837 -0.427838 0.397850
-0.125758 -0.427192 0.358667
-0.167679 -0.426545 0.319484
-0.209600 -0.425899 0.280301
-0.251521 -0.425252 0.241118
-0.287803 -0.426301 0.204065
-0.252921 -0.442916 0.205261
-0.218039 -0.459531 0.206458
-0.183157 -0.476146 0.207654
-0.148274 -0.492761 0.208851
-0.113392 -0.490624 0.210048
-0.078510 -0.474009 0.211244
-0.043628 -0.457394 0.212441
-0.008746 -0.440779 0.213637
0.026136 -0.424164 0.214834
0.062721 -0.406737 0.216089
0.099306 -0.389311 0.217344
0.135890 -0.371885 0.218599
0.172475 -0.354458 0.219854
0.209060 -0.337032 0.221109
0.245645 -0.319606 0.222364
0.282229 -0.302179 0.223619
0.318814 -0.284753 0.224874
0.355399 -0.267327 0.226129
0.391984 -0.249901 0.227384
0.430195 -0.231699 0.228694
0.468406 -0.213498 0.230005
0.493382 -0.195297 0.231316
0.455171 -0.177096 0.232626
0.416960 -0.158895 0.233937
0.378748 -0.140694 0.235248
0.340537 -0.122493 0.236558
0.302326 -0.104292 0.237869
0.264114 -0.086091 0.239180
0.225903 -0.067890 0.240491
0.186131 -0.048946 0.241855
0.146359 -0.030002 0.243219
0.106587 -0.011058 0.244584
0.066816 0.007887 0.245948
0.027044 0.024516 0.247312
-0.012728 0.005572 0.248677
-0.052500 -0.013372 0.250041
-0.092271 -0.032317 0.251405
-0.132043 -0.051261 0.252770
-0.171815 -0.070205 0.254134
-0.213088 -0.089865 0.255550
-0.245124 -0.110452 0.257544
-0.194030 -0.139396 0.264741
-0.142936 -0.168340 0.271937
-0.091842 -0.197284 0.279134
-0.040748 -0.226228 0.286331
0.010346 -0.255172 0.293527
0.061441 -0.284117 0.300724
0.112535 -0.313061 0.307921
0.163629 -0.342005 0.315117
0.216517 -0.371965 0.322566
0.269404 -0.401924 0.330016
0.322292 -0.431884 0.337465
0.375179 -0.461844 0.344914
0.428067 -0.491804 0.352363
0.480954 -0.478236 0.359812
0.466158 -0.448276 0.367261
0.413271 -0.418316 0.374710
0.360383 -0.388356 0.382159
0.307496 -0.358396 0.389608
0.252874 -0.327453 0.397302
0.198252 -0.296511 0.404995
0.143630 -0.265569 0.412689
0.089008 -0.234627 0.420382
0.034386 -0.203684 0.428076
-0.020236 -0.172742 0.435769
-0.074858 -0.141799 0.443463
-0.129480 -0.110857 0.451156
-0.184102 -0.079915 0.458849
-0.238724 -0.048972 0.466543
-0.295027 -0.017077 0.474473
-0.351330 0.014817 0.482403
-0.407633 0.046712 0.490333
-0.463937 0.078607 0.498263
-0.479760 0.110501 0.493807
-0.423457 0.127395 0.485876
-0.367154 0.095501 0.477946
-0.310851 0.063606 0.470016
-0.254548 0.031711 0.462086
-0.198245 -0.000183 0.454156
-0.140309 -0.033003 0.445996
-0.199999 -0.001124 0.458261
-0.214130 0.017992 0.460878
-0.121959 0.007328 0.440982
-0.029788 -0.003337 0.421086
0.062382 -0.014001 0.401191
0.154553 -0.024666 0.381295
0.246724 -0.035330 0.361399
0.338895 -0.045995 0.341504
0.431066 -0.056659 0.321608
0.474238 -0.067616 0.301167
0.379541 -0.078573 0.280726
0.284845 -0.089529 0.260284
0.190148 -0.100486 0.239843
0.095451 -0.111443 0.219402
0.000755 -0.122399 0.198961
-0.093942 -0.133356 0.178521
-0.188638 -0.144313 0.158080
-0.283335 -0.155269 0.137639
-0.378031 -0.166226 0.117198
-0.475188 -0.177467 0.096226
-0.427656 -0.188709 0.075254
-0.330499 -0.199950 0.054282
-0.233343 -0.211191 0.033310
-0.136186 -0.222432 0.012338
-0.039030 -0.233674 -0.008634
0.058127 -0.244915 -0.029606
0.155283 -0.256156 -0.050578
0.252440 -0.267398 -0.071550
0.349597 -0.278639 -0.092522
0.449152 -0.290158 -0.114012
0.451292 -0.301677 -0.135502
0.351736 -0.313196 -0.156992
0.252180 -0.324715 -0.178482
0.152624 -0.336234 -0.199972
0.053068 -0.347753 -0.221462
-0.046488 -0.359271 -0.242951
-0.146043 -0.370790 -0.264441
-0.245599 -0.382309 -0.285931
-0.345155 -0.393828 -0.307421
-0.447054 -0.405618 -0.329417
-0.451048 -0.417408 -0.351412
-0.349149 -0.429198 -0.373408
-0.247250 -0.440989 -0.395403
-0.145352 -0.452779 -0.417399
-0.043453 -0.464569 -0.439395
0.058445 -0.476359 -0.461390
-0.002820 -0.469376 -0.448375
-0.104877 -0.457700 -0.426607
-0.206934 -0.446024 -0.404838
-0.311284 -0.434086 -0.382581
-0.415635 -0.422147 -0.360324
-0.480015 -0.410209 -0.338067
-0.375664 -0.398270 -0.315809
-0.271314 -0.386332 -0.293552
-0.166963 -0.374393 -0.271295
-0.062613 -0.362455 -0.249037
0.041738 -0.350516 -0.226780
0.146088 -0.338578 -0.204523
0.250439 -0.326639 -0.182266
0.357033 -0.314444 -0.159530
0.463628 -0.302249 -0.136794
0.429777 -0.290054 -0.114058
0.323182 -0.277859 -0.091321
0.216587 -0.265664 -0.068585
0.109992 -0.253468 -0.045849
0.003397 -0.241273 -0.023113
-0.103198 -0.229078 -0.000377
-0.209792 -0.216883 0.022359
-0.316387 -0.204688 0.045095
-0.425180 -0.192241 0.068300
-0.466027 -0.179795 0.091505
-0.357234 -0.167348 0.114709
-0.248442 -0.154901 0.137914
-0.139649 -0.142455 0.161119
-0.030856 -0.130008 0.184324
0.077937 -0.117561 0.207529
0.186730 -0.105115 0.230734
0.295523 -0.092668 0.253938
0.404316 -0.080222 0.277143
0.484737 -0.067528 0.300808
0.373789 -0.054835 0.324473
0.262842 -0.042142 0.348137
0.151894 -0.029449 0.371802
0.040947 -0.016756 0.395466
-0.070001 -0.004063 0.419131
-0.180948 0.008630 0.442795
-0.291895 0.021324 0.466460
-0.402843 0.034017 0.490124
-0.486210 0.046710 0.486211
-0.373149 0.059645 0.462096
-0.260088 0.072580 0.437981
-0.147027 0.085515 0.413866
-0.033966 0.098450 0.389751
0.079095 0.111385 0.365635
0.192156 0.124320 0.341520
0.305216 0.137254 0.317405
0.418277 0.150189 0.293290
0.468662 0.163124 0.269175
0.355601 0.176059 0.245060
0.240466 0.189232 0.220502
0.125330 0.202404 0.195944
0.010194 0.215576 0.171387
-0.104941 0.228749 0.146829
-0.220077 0.241921 0.122271
-0.335212 0.255093 0.097714
-0.450348 0.268266 0.073156
-0.434516 0.281438 0.048598
-0.319381 0.294610 0.024040
-0.204245 0.307783 -0.000517
-0.087072 0.321188 -0.025510
0.030102 0.334593 -0.050502
0.147276 0.347999 -0.075495
0.264449 0.361404 -0.100487
0.381622 0.374810 -0.125479
0.498796 0.388215 -0.150472
0.384030 0.401620 -0.175464
0.313075 0.411090 -0.195885
0.426993 0.404814 -0.198018
0.459090 0.398539 -0.200152
0.343224 0.392156 -0.202322
0.227359 0.385773 -0.204493
0.111494 0.379390 -0.206663
-0.004371 0.373008 -0.208833
-0.120236 0.366625 -0.211003
-0.236101 0.360242 -0.213173
-0.351966 0.353859 -0.215344
-0.467832 0.347476 -0.217514
-0.416303 0.341094 -0.219684
-0.300438 0.334711 -0.221854
-0.182658 0.328223 -0.224060
-0.064877 0.321734 -0.226266
0.052903 0.315246 -0.228473
0.170683 0.308758 -0.230679
0.288464 0.302270 -0.232885
0.406244 0.295781 -0.235091
0.475976 0.289293 -0.237297
0.358195 0.282805 -0.239503
0.240415 0.276317 -0.241709
0.122635 0.269828 -0.243915
0.002970 0.263236 -0.246157
-0.116695 0.256644 -0.248398
-0.236360 0.250052 -0.250640
-0.356025 0.243460 -0.252881
-0.475690 0.236868 -0.255123
-0.404645 0.230276 -0.257364
-0.284980 0.223684 -0.259605
-0.165315 0.217092 -0.261847
-0.045650 0.210501 -0.264088
0.074015 0.203909 -0.266330
0.195535 0.197214 -0.268606
0.317056 0.190520 -0.270882
0.438576 0.183826 -0.273158
0.439903 0.177132 -0.275434
0.318383 0.170438 -0.277710
0.196863 0.163743 -0.279986
0.075342 0.157049 -0.282262
-0.046178 0.150355 -0.284538
-0.167698 0.143661 -0.286814
-0.289219 0.136967 -0.289090
-0.412567 0.130172 -0.291400
-0.464085 0.123377 -0.293710
-0.340737 0.116582 -0.296021
-0.217390 0.109787 -0.298331
-0.094042 0.102992 -0.300641
0.029306 0.096198 -0.302951
0.152654 0.089403 -0.305262
0.276002 0.082608 -0.307572
0.399350 0.075813 -0.309882
0.477302 0.069018 -0.312192
0.352154 0.062124 -0.314537
0.227005 0.055230 -0.316881
0.101857 0.048336 -0.319225
-0.023292 0.041442 -0.321569
-0.148441 0.034548 -0.323914
-0.273589 0.027654 -0.326258
-0.398738 0.020760 -0.328602
-0.476114 0.013866 -0.330946
-0.350965 0.006972 -0.333291
-0.225816 0.000078 -0.335635
-0.098893 -0.006914 -0.338012
-0.095693 -0.003144 -0.331223
-0.216219 0.011388 -0.315266
-0.336744 0.025919 -0.299309
-0.457269 0.040451 -0.283352
-0.422205 0.054983 -0.267396
-0.301680 0.069515 -0.251439
-0.181155 0.084047 -0.235482
-0.060629 0.098579 -0.219525
0.059896 0.113110 -0.203569
0.182084 0.127843 -0.187392
0.304272 0.142575 -0.171215
0.426460 0.157307 -0.155038
0.451353 0.172040 -0.138861
0.329165 0.186772 -0.122684
0.206977 0.201504 -0.106508
0.084789 0.216237 -0.090331
-0.037399 0.230969 -0.074154
-0.159586 0.245701 -0.057977
-0.281774 0.260434 -0.041800
-0.405602 0.275364 -0.025406
-0.470570 0.290294 -0.009012
-0.346742 0.305224 0.007382
-0.222914 0.320154 0.023775
-0.099086 0.335084 0.040169
0.024743 0.350014 0.056563
0.148571 0.364944 0.072957
0.272399 0.379874 0.089351
0.396227 0.394804 0.105745
0.479945 0.409734 0.122139
0.354498 0.424860 0.138747
0.229052 0.439985 0.155356
0.103605 0.455110 0.171964
-0.021842 0.470235 0.188572
-0.147289 0.485361 0.205180
-0.272736 0.500486 0.221789
-0.398183 0.515611 0.238397
-0.476371 0.530737 0.255005
-0.350924 0.545862 0.271613
-0.225477 0.560987 0.288222
-0.098432 0.576305 0.305041
0.028613 0.591623 0.321861
0.155658 0.606940 0.338681
0.282703 0.622258 0.355501
0.409748 0.637576 0.372321
0.463207 0.652894 0.389141
0.336162 0.668212 0.405960
0.209118 0.683529 0.422780
0.082073 0.698847 0.439600
-0.044972 0.714165 0.456420
-0.173595 0.729673 0.473449
-0.302219 0.745181 0.490477
-0.430842 0.760689 0.492494
-0.440535 0.776197 0.475465
-0.311912 0.791705 0.458436
-0.183289 0.807213 0.441408
-0.054665 0.822721 0.424379
0.073958 0.838229 0.407350
0.202581 0.853736 0.390321
0.331204 0.869244 0.373293
0.461386 0.884941 0.356057
0.408432 0.900637 0.338822
0.278249 0.916333 0.321587
0.148067 0.932030 0.304351
0.017885 0.947726 0.287116
-0.112297 0.963422 0.269881
-0.242480 0.979118 0.252646
-0.372662 0.956837 0.235410
-0.497156 0.941140 0.218175
-0.366974 0.925444 0.200940
-0.235251 0.909562 0.183501
-0.103528 0.893681 0.166062
0.028195 0.877799 0.148622
0.159918 0.861917 0.131183
0.291641 0.846036 0.113744
0.423364 0.830154 0.096305
0.444913 0.814272 0.078866
0.313190 0.798391 0.061426
0.181467 0.782509 0.043987
0.049744 0.766627 0.026548
-0.083502 0.750562 0.008907
-0.216748 0.734496 -0.008734
-0.349993 0.718430 -0.026374
-0.483239 0.702364 -0.044015
-0.383515 0.686298 -0.061656
-0.250269 0.670232 -0.079297
-0.117023 0.654167 -0.096938
0.016223 0.638101 -0.114578
0.149468 0.622035 -0.132219
0.282714 0.605969 -0.149860
0.417466 0.589722 -0.167700
0.447783 0.573475 -0.185540
0.313031 0.557228 -0.203380
0.178280 0.540981 -0.221220
0.043528 0.524734 -0.239060
-0.091223 0.508487 -0.256901
-0.225974 0.492240 -0.274741
-0.360726 0.475993 -0.292581
-0.495477 0.459746 -0.310421
-0.369771 0.443499 -0.328262
-0.233531 0.427072 -0.346299
-0.097290 0.410645 -0.364336
0.038950 0.394218 -0.382373
0.175191 0.377792 -0.400411
0.311431 0.361365 -0.418448
0.447671 0.344938 -0.436485
0.416088 0.328511 -0.454523
0.279848 0.312085 -0.472560
0.143607 0.295658 -0.490597
0.007367 0.279231 -0.491366
-0.130347 0.262627 -0.473134
-0.268060 0.246023 -0.454901
-0.405773 0.229419 -0.436669
-0.456514 0.212815 -0.418437
-0.318800 0.196210 -0.400205
-0.181087 0.179606 -0.381973
-0.043374 0.163002 -0.363741
0.094340 0.146398 -0.345508
0.232053 0.129794 -0.327276
0.369766 0.113189 -0.309044
0.491063 0.096409 -0.290619
0.351892 0.079630 -0.272193
0.212722 0.062850 -0.253768
0.073551 0.046070 -0.235343
-0.065620 0.029290 -0.216918
-0.204790 0.012510 -0.198492
-0.343961 -0.004270 -0.180067
-0.483132 -0.021050 -0.161642
-0.377698 -0.037830 -0.143216
-0.238527 -0.054610 -0.124791
-0.097914 -0.071564 -0.106175
0.042698 -0.088517 -0.087559
0.183311 -0.105471 -0.068943
0.323924 -0.122425 -0.050326
0.464537 -0.139379 -0.031710
0.394850 -0.156332 -0.013094
0.254237 -0.173286 0.005522
0.113624 -0.190240 0.024138
-0.026989 -0.207194 0.042754
-0.167602 -0.224148 0.061370
-0.309643 -0.241274 0.080176
-0.451683 -0.258399 0.098981
-0.406276 -0.275525 0.117786
-0.264236 -0.292651 0.136591
-0.122195 -0.309777 0.155396
0.019845 -0.326903 0.174201
0.161886 -0.344029 0.193007
0.303926 -0.361155 0.211812
0.445967 -0.378281 0.230617
0.411993 -0.395407 0.249422
0.268539 -0.412703 0.268414
0.125085 -0.429999 0.287407
-0.018369 -0.447296 0.306399
-0.161823 -0.464592 0.325392
-0.305277 -0.481889 0.344384
-0.448730 -0.499185 0.363376
-0.407816 -0.483519 0.382369
-0.264362 -0.466222 0.401361
-0.120908 -0.448926 0.420354
0.022546 -0.431630 0.439346
0.167399 -0.414165 0.458524
0.312253 -0.396699 0.477701
0.457106 -0.379234 0.496879
0.398040 -0.361769 0.483944
0.253187 -0.344304 0.464766
0.108333 -0.326839 0.445589
-0.036520 -0.309374 0.426411
-0.181374 -0.291909 0.407234
-0.326227 -0.274444 0.388056
-0.471081 -0.256979 0.368879
-0.382680 -0.239347 0.349518
-0.236440 -0.221715 0.330157
-0.090200 -0.204082 0.310796
0.056039 -0.186450 0.291435
0.202279 -0.168818 0.272074
0.348519 -0.151186 0.252712
0.494759 -0.133553 0.233351
0.359002 -0.115921 0.213990
0.212762 -0.098289 0.194629
0.066522 -0.080657 0.175268
-0.081090 -0.062859 0.155725
-0.228703 -0.045061 0.136182
-0.376316 -0.027263 0.116639
-0.476071 -0.009465 0.097097
-0.328459 0.008332 0.077554
-0.180846 0.026130 0.058011
-0.033233 0.043928 0.038468
0.114380 0.061726 0.018925
0.261993 0.079524 -0.000618
0.409605 0.097321 -0.020161
0.441422 0.115283 -0.039884
0.292448 0.133245 -0.059607
0.143475 0.151207 -0.079330
-0.005498 0.169169 -0.099053
-0.154472 0.187131 -0.118776
-0.303445 0.205093 -0.138499
-0.452418 0.223054 -0.158222
-0.398609 0.241016 -0.177945
-0.249636 0.258978 -0.197668
-0.100662 0.276940 -0.217391
0.049659 0.295064 -0.237292
0.199981 0.313189 -0.257194
0.350302 0.331313 -0.277095
0.499376 0.349437 -0.296997
0.349055 0.367561 -0.316898
0.198734 0.385686 -0.336800
0.048412 0.403810 -0.356701
-0.101910 0.421934 -0.376602
-0.252231 0.440058 -0.396504
-0.402553 0.458183 -0.416405
-0.445790 0.476468 -0.436484
-0.294132 0.494754 -0.456562
-0.142474 0.513039 -0.476640
0.009184 0.531325 -0.496719
0.160841 0.549610 -0.483203
0.312499 0.567896 -0.463124
0.464157 0.586181 -0.443046
0.384185 0.604467 -0.422968
0.232528 0.622752 -0.402889
0.080870 0.641038 -0.382811
-0.072112 0.659483 -0.362557
-0.225095 0.677928 -0.342303
-0.378077 0.696374 -0.322050
-0.468941 0.714819 -0.301796
-0.315959 0.733264 -0.281542
-0.162976 0.751709 -0.261289
-0.009994 0.770155 -0.241035
0.142988 0.788600 -0.220781
0.295970 0.807045 -0.200527
0.448953 0.825490 -0.180274
0.396752 0.844094 -0.159846
0.242456 0.862698 -0.139418
0.088161 0.881302 -0.118991
-0.066135 0.899906 -0.098563
-0.220430 0.918509 -0.078136
-0.374725 0.937113 -0.057708
-0.470979 0.955717 -0.037280
-0.316683 0.974321 -0.016853
-0.162388 0.992925 0.003575
-0.008093 1.011528 0.024002
0.147505 1.030288 0.044602
0.303103 1.049048 0.065202
0.458700 1.067808 0.085803
0.385702 1.086568 0.106403
0.230105 1.105328 0.127003
0.074507 1.124088 0.147603
-0.081090 1.142848 0.168203
-0.236688 1.161608 0.188802
-0.392286 1.180368 0.209402
-0.452117 1.199128 0.230002
-0.295228 1.218044 0.250773
-0.138339 1.236960 0.271544
0.018550 1.255876 0.292315
0.175439 1.274793 0.313087
0.332327 1.293709 0.333858
0.489216 1.312625 0.354629
0.353895 1.331541 0.375400
0.197006 1.350457 0.396171
0.040117 1.369373 0.416942
-0.116772 1.388289 0.437713
-0.274942 1.407360 0.458653
-0.433111 1.426432 0.479594
-0.408719 1.445503 0.499466
-0.250550 1.464574 0.478525
-0.092380 1.483645 0.457584
0.065789 1.502716 0.436644
0.223959 1.521787 0.415703
0.063189 1.514505 0.490766
-0.097580 1.507222 0.434171
-0.258350 1.499940 0.359108
-0.420411 1.492599 0.283443
-0.417528 1.485258 0.207777
-0.255467 1.477917 0.132111
-0.093406 1.470576 0.056446
0.068655 1.463235 -0.019220
0.230716 1.455894 -0.094886
0.392777 1.448553 -0.170552
0.445163 1.441212 -0.246217
0.283102 1.433871 -0.321883
0.121041 1.426530 -0.397549
-0.042301 1.419132 -0.473813
-0.205644 1.411734 -0.449924
-0.368986 1.404336 -0.373660
-0.467672 1.396938 -0.297396
-0.304330 1.389540 -0.221132
-0.140988 1.382142 -0.144868
0.022354 1.374744 -0.068604
0.185696 1.367345 0.007660
0.349038 1.359947 0.083923
0.487620 1.352549 0.160187
0.323007 1.345093 0.237045
0.158393 1.337636 0.313902
-0.006220 1.330180 0.390760
-0.170833 1.322723 0.467617
-0.335446 1.315266 0.455525
-0.499941 1.307810 0.378668
-0.335327 1.300353 0.301810
-0.170714 1.292897 0.224953
-0.006101 1.285440 0.148096
0.158512 1.277984 0.071238
0.324387 1.270470 -0.006208
0.490262 1.262956 -0.083654
0.343864 1.255443 -0.161101
0.177989 1.247929 -0.238547
0.012114 1.240415 -0.315994
-0.153760 1.232901 -0.393440
-0.319635 1.225387 -0.470886
-0.485510 1.217874 -0.451667
-0.348616 1.210360 -0.374221
-0.182741 1.202846 -0.296774
-0.015614 1.195276 -0.218744
0.151512 1.187707 -0.140713
0.318639 1.180137 -0.062682
0.485766 1.172567 0.015349
0.347108 1.164997 0.093380
0.179981 1.157427 0.171411
0.012854 1.149858 0.249441
-0.154272 1.142288 0.327472
-0.321399 1.134718 0.405503
-0.488526 1.127148 0.483534
-0.343105 1.119522 0.437855
-0.174736 1.111897 0.359244
-0.006367 1.104271 0.280633
0.162002 1.096645 0.202022
0.330372 1.089019 0.123411
0.498741 1.081393 0.044800
0.332890 1.073768 -0.033811
0.164521 1.066142 -0.112422
-0.003848 1.058516 -0.191033
-0.172217 1.050890 -0.269644
-0.341820 1.043208 -0.348831
-0.488577 1.035526 -0.428018
-0.318975 1.027845 -0.492795
-0.149372 1.020163 -0.413608
0.020231 1.012481 -0.334421
0.189833 1.004799 -0.255234
0.359436 0.997117 -0.176048
0.470961 0.989435 -0.096861
0.301359 0.981753 -0.017674
0.131756 0.974072 0.061513
-0.039071 0.966334 0.141272
-0.209898 0.958597 0.221030
-0.380726 0.950860 0.300789
-0.448447 0.943123 0.380548
-0.277620 0.935385 0.460307
-0.106793 0.927648 0.459935
0.064035 0.919911 0.380176
0.234862 0.912173 0.300417
0.405689 0.904436 0.220658
0.423484 0.896699 0.140900
0.251441 0.888906 0.060573
0.079397 0.881113 -0.019753
-0.092646 0.873321 -0.100079
-0.264689 0.865528 -0.180406
-0.436732 0.857735 -0.260732
-0.391225 0.849943 -0.341059
-0.219182 0.842150 -0.421385
-0.047138 0.834357 -0.498288
0.124905 0.826564 -0.417962
0.296948 0.818772 -0.337635
0.470198 0.810924 -0.256745
0.356551 0.803077 -0.175855
0.183301 0.795229 -0.094965
0.010050 0.787382 -0.014075
-0.163200 0.779534 0.066815
-0.336451 0.771686 0.147705
-0.490299 0.763839 0.228595
-0.317048 0.755991 0.309485
-0.143798 0.748144 0.390375
0.029452 0.740296 0.471265
0.203902 0.732394 0.447285
0.378351 0.724493 0.365835
0.447199 0.716591 0.284386
0.272750 0.708689 0.202936
0.098301 0.700787 0.121486
-0.076149 0.692886 0.040036
-0.250598 0.684984 -0.041414
-0.425048 0.677082 -0.122864
-0.400503 0.669180 -0.204314
-0.226054 0.661278 -0.285763
-0.050413 0.653323 -0.367769
0.125227 0.645368 -0.449775
0.300867 0.637412 -0.468219
0.476508 0.629457 -0.386213
0.347852 0.621501 -0.304207
0.172212 0.613546 -0.222201
-0.003428 0.605590 -0.140196
-0.179069 0.597635 -0.058190
-0.354709 0.589679 0.023816
-0.469651 0.581724 0.105822
-0.292828 0.573715 0.188380
-0.116005 0.565706 0.270938
0.060819 0.557697 0.353496
0.237642 0.549688 0.436054
0.414465 0.541679 0.481388
0.408712 0.533670 0.398829
0.231889 0.525661 0.316271
0.055066 0.517651 0.233713
-0.121757 0.509642 0.151155
-0.298580 0.501633 0.068597
-0.476578 0.493571 -0.014510
-0.345424 0.485509 -0.097616
-0.167426 0.477446 -0.180723
0.010572 0.469384 -0.263829
0.188570 0.461321 -0.346936
0.366568 0.453259 -0.430043
0.455434 0.445196 -0.486850
0.277436 0.437134 -0.403744
0.099438 0.429072 -0.320637
-0.078560 0.421009 -0.237530
-0.257725 0.412894 -0.153879
-0.436890 0.404779 -0.070227
-0.383945 0.396664 0.013425
-0.204779 0.388548 0.097076
-0.025614 0.380433 0.180728
0.153551 0.372318 0.264379
0.332716 0.364203 0.348031
0.488119 0.356088 0.431682
0.308953 0.347973 0.484666
0.129788 0.339857 0.401014
-0.050537 0.331690 0.316821
-0.230862 0.323522 0.232628
-0.411187 0.315355 0.148435
-0.408489 0.307187 0.064242
-0.228164 0.299019 -0.019951
-0.047839 0.290852 -0.104144
0.132486 0.282684 -0.188337
0.312811 0.274516 -0.272530
0.493136 0.266349 -0.356723
0.326539 0.258181 -0.440916
0.145062 0.249961 -0.474353
-0.036415 0.241741 -0.389622
-0.217892 0.233522 -0.304891
-0.399369 0.225302 -0.220160
-0.419154 0.217082 -0.135429
-0.237677 0.208862 -0.050698
-0.056200 0.200642 0.034033
0.125277 0.192422 0.118764
0.306755 0.184202 0.203495
0.488232 0.175982 0.288226
0.329146 0.167710 0.373492
0.146524 0.159438 0.458757
-0.036098 0.151167 0.455977
-0.218720 0.142895 0.370711
-0.401342 0.134623 0.285446
-0.416036 0.126351 0.200180
-0.233414 0.118080 0.114914
-0.050792 0.109808 0.029649
0.131830 0.101536 -0.055617
0.314452 0.093264 -0.140882
0.498212 0.084941 -0.226679
0.318028 0.076618 -0.312476
0.134268 0.068294 -0.398273
-0.049492 0.059971 -0.484070
-0.233252 0.051648 -0.430133
-0.417012 0.043324 -0.344336
-0.399228 0.035001 -0.258539
-0.215468 0.026678 -0.172742
-0.031708 0.018355 -0.086945
0.152052 0.010031 -0.001148
0.336943 0.001657 0.085177
0.478167 -0.006718 0.171502
0.293276 -0.015092 0.257826
0.108385 -0.023467 0.344151
-0.076505 -0.031841 0.430476
-0.261396 -0.040216 0.483199
-0.446287 -0.048590 0.396874
-0.368823 -0.056965 0.310549
-0.183932 -0.065339 0.224225
0.000959 -0.073714 0.137900
0.186974 -0.082139 0.051050
0.372988 -0.090565 -0.035799
0.440997 -0.098990 -0.122649
0.254982 -0.107416 -0.209499
0.068967 -0.115841 -0.296348
-0.117047 -0.124266 -0.383198
-0.303062 -0.132692 -0.470048
-0.489077 -0.141117 -0.443103
-0.324908 -0.149543 -0.356253
-0.138894 -0.157968 -0.269403
0.048238 -0.166444 -0.182032
0.235370 -0.174920 -0.094661
0.422502 -0.183396 -0.007290
0.390366 -0.191872 0.080082
0.203233 -0.200349 0.167453
0.016102 -0.208825 0.254824
-0.171030 -0.217301 0.342195
-0.358162 -0.225777 0.429567
-0.454706 -0.234253 0.483062
-0.267573 -0.242729 0.395691
-0.079331 -0.251255 0.307801
0.108912 -0.259782 0.219912
0.297154 -0.268308 0.132022
0.485397 -0.276835 0.044132
0.326361 -0.285361 -0.043758
0.138118 -0.293887 -0.131648
-0.050124 -0.302414 -0.219537
-0.238367 -0.310940 -0.307427
-0.426609 -0.319467 -0.395317
-0.385148 -0.327993 -0.483206
-0.195802 -0.336569 -0.428388
-0.006455 -0.345146 -0.339983
0.182892 -0.353722 -0.251578
0.372238 -0.362298 -0.163172
0.438415 -0.370874 -0.074767
0.249068 -0.379451 0.013638
0.059722 -0.388027 0.102044
-0.129625 -0.396603 0.190449
-0.318971 -0.405179 0.278854
-0.491682 -0.413755 0.367260
-0.301238 -0.422381 0.456177
-0.110793 -0.431007 0.454905
0.079651 -0.439633 0.365987
0.270095 -0.448259 0.277069
0.460540 -0.456885 0.188151
0.349016 -0.465511 0.099233
0.158572 -0.474137 0.010316
-0.031872 -0.482763 -0.078602
-0.222317 -0.491389 -0.167520
-0.412761 -0.499985 -0.256438
-0.395703 -0.491309 -0.345865
-0.204168 -0.482634 -0.435292
-0.012632 -0.473958 -0.475280
0.178904 -0.465283 -0.385853
0.370439 -0.456607 -0.296426
0.438025 -0.447932 -0.206999
0.246489 -0.439257 -0.117571
0.054954 -0.430581 -0.028144
-0.136582 -0.421906 0.061283
-0.328118 -0.413230 0.150711
-0.479262 -0.404506 0.240645
-0.286641 -0.395781 0.330579
-0.094020 -0.387056 0.420513
0.098601 -0.378332 0.489553
0.291222 -0.369607 0.399619
0.483843 -0.360882 0.309684
0.323537 -0.352158 0.219750
0.130916 -0.343433 0.129816
-0.061705 -0.334709 0.039882
-0.254326 -0.325984 -0.050052
-0.448026 -0.317210 -0.140490
-0.358274 -0.308437 -0.230927
-0.164574 -0.299663 -0.321365
0.029126 -0.290890 -0.411803
0.222826 -0.282116 -0.497759
0.416525 -0.273343 -0.407321
0.389775 -0.264569 -0.316883
0.196075 -0.255796 -0.226445
0.002375 -0.247022 -0.136008
-0.191325 -0.238249 -0.045570
-0.386098 -0.229427 0.045369
-0.419129 -0.220605 0.136308
-0.224356 -0.211783 0.227247
-0.029582 -0.202960 0.318186
0.165191 -0.194138 0.409125
0.359964 -0.185316 0.499937
0.445263 -0.176494 0.408998
0.250490 -0.167672 0.318059
0.055717 -0.158850 0.227120
-0.139056 -0.150028 0.136181
-0.334897 -0.141157 0.044744
-0.469263 -0.132287 -0.046693
-0.273423 -0.123416 -0.138131
-0.077582 -0.114546 -0.229568
0.118258 -0.105675 -0.321005
0.314098 -0.096805 -0.412442
0.490061 -0.087934 -0.496121
0.294221 -0.079064 -0.404684
0.098381 -0.070193 -0.313247
-0.097460 -0.061323 -0.221810
-0.294362 -0.052404 -0.129877
-0.491264 -0.043486 -0.037944
-0.311835 -0.034567 0.053989
-0.114933 -0.025649 0.145922
0.081969 -0.016730 0.237855
0.278871 -0.007811 0.329787
0.475773 0.001107 0.421720
0.327325 0.010026 0.486347
0.130423 0.018944 0.394414
-0.066478 0.027863 0.302482
-0.264436 0.036829 0.210056
-0.462394 0.045796 0.117630
-0.339648 0.054762 0.025204
-0.141691 0.063728 -0.067221
0.056267 0.072695 -0.159647
0.254224 0.081661 -0.252073
0.452182 0.090627 -0.344499
0.349860 0.099594 -0.436924
0.151902 0.108560 -0.470650
-0.046055 0.117527 -0.378225
-0.245063 0.126541 -0.285308
-0.444071 0.135555 -0.192392
-0.356921 0.144569 -0.099476
-0.157914 0.153583 -0.006560
0.041094 0.162597 0.086356
0.240102 0.171611 0.179272
0.439110 0.180625 0.272188
0.361883 0.189639 0.365104
0.162875 0.198653 0.458020
-0.036133 0.207667 0.449063
-0.236185 0.216728 0.355660
-0.436238 0.225789 0.262256
-0.363709 0.234850 0.168852
-0.163657 0.243912 0.075448
0.036396 0.252973 -0.017956
0.236448 0.262034 -0.111359
0.436501 0.271096 -0.204763
0.363447 0.280157 -0.298167
0.163394 0.289219 -0.391571
-0.036658 0.298280 -0.484974
-0.237750 0.307388 -0.421137
-0.438842 0.316497 -0.327248
-0.360066 0.325605 -0.233359
-0.158975 0.334714 -0.139470
0.042117 0.343822 -0.045581
0.243209 0.352931 0.048308
0.444301 0.362039 0.142197
0.354608 0.371148 0.236087
0.153516 0.380256 0.329975
-0.047576 0.389365 0.423864
-0.249701 0.398520 0.481764
-0.451827 0.407675 0.387392
-0.346047 0.416831 0.293020
-0.143922 0.425986 0.198649
0.058204 0.435141 0.104277
0.260329 0.444296 0.009905
0.462455 0.453452 -0.084467
0.335419 0.462607 -0.178838
0.133294 0.471762 -0.273210
-0.068832 0.480918 -0.367582
-0.271986 0.490119 -0.462434
-0.475140 0.499321 -0.442714
-0.321706 0.508523 -0.347862
-0.118552 0.517725 -0.253010
0.084603 0.526926 -0.158158
0.287757 0.536128 -0.063306
0.490911 0.545330 0.031546
0.305935 0.554532 0.126398
0.102781 0.563733 0.221250
-0.100373 0.572935 0.316103
-0.304551 0.582183 0.411432
-0.491271 0.591432 0.493238
-0.287094 0.600680 0.397908
-0.082916 0.609928 0.302578
0.121261 0.619176 0.207248
0.325439 0.628425 0.111918
0.470384 0.637673 0.016588
0.266206 0.646921 -0.078742
0.062028 0.656169 -0.174071
-0.142149 0.665418 -0.269401
-0.347345 0.674712 -0.365207
-0.447459 0.684006 -0.461012
-0.242262 0.693300 -0.443183
-0.037067 0.702594 -0.347378
0.168129 0.711888 -0.251573
0.373326 0.721183 -0.155767
0.421478 0.730477 -0.059962
0.216282 0.739771 0.035844
0.011086 0.749065 0.131649
