-0.288215 0.118344 0.296174
-0.262978 0.123208 0.298642
-0.237741 0.128072 0.301109
-0.212504 0.132936 0.303576
-0.187267 0.012711 0.306044
-0.162029 -0.136290 0.308511
-0.136792 -0.223809 0.310978
-0.111555 -0.277599 0.313446
-0.086318 -0.304344 0.315913
-0.061080 -0.335075 0.318380
-0.035843 -0.364531 0.320848
-0.028967 -0.374729 0.309735
-0.038114 -0.396463 0.289200
-0.041957 -0.433731 0.274899
-0.059765 -0.448952 0.263865
-0.077573 -0.453774 0.252830
-0.095381 -0.458138 0.241796
-0.113190 -0.462501 0.230762
-0.102312 -0.460713 0.235883
-0.084262 -0.457386 0.245042
-0.066213 -0.454060 0.254202
-0.045371 -0.450218 0.264778
-0.024529 -0.446377 0.275355
-0.003688 -0.442536 0.285931
0.017154 -0.438695 0.296508
0.037996 -0.434853 0.307084
0.058838 -0.431012 0.317661
0.079679 -0.427171 0.328238
0.100521 -0.423330 0.338814
0.121363 -0.419489 0.349391
0.142204 -0.415647 0.359967
0.165506 -0.411353 0.371792
0.146305 -0.390699 0.414417
0.122382 -0.368228 0.460464
0.098458 -0.345757 0.493488
0.098462 -0.345479 0.493521
0.122393 -0.367393 0.460367
0.146324 -0.389308 0.414255
0.170256 -0.411223 0.368144
0.194187 -0.433138 0.322032
0.218118 -0.455053 0.275920
0.244333 -0.479059 0.225407
0.270549 -0.496934 0.174893
0.296764 -0.472928 0.124380
0.319179 -0.458666 0.109375
0.332728 -0.467142 0.177221
0.346277 -0.475618 0.245067
0.359826 -0.484094 0.312913
0.361465 -0.483808 0.328010
0.345241 -0.470380 0.263981
0.329017 -0.456953 0.199953
0.311493 -0.442449 0.130794
0.293969 -0.427945 0.061635
0.276445 -0.413442 -0.007523
0.258921 -0.398938 -0.076682
0.241397 -0.384435 -0.145841
0.223873 -0.369931 -0.214999
0.206513 -0.363152 -0.273277
0.190628 -0.425892 -0.233629
0.174744 -0.488633 -0.193980
0.158859 -0.448627 -0.154331
0.141878 -0.381555 -0.111945
0.124897 -0.314482 -0.069559
0.107915 -0.247410 -0.027172
0.090934 -0.187525 0.015214
0.073953 -0.254597 0.057601
0.056972 -0.321670 0.099987
0.039991 -0.388742 0.142373
0.026208 -0.430982 0.164947
0.025219 -0.373891 0.108273
0.024230 -0.316801 0.051598
0.023181 -0.256247 -0.008514
0.022133 -0.195693 -0.068627
0.021084 -0.190774 -0.128740
0.020035 -0.251327 -0.188852
0.018986 -0.311881 -0.248965
0.017937 -0.372434 -0.309077
0.016889 -0.432988 -0.369190
0.015840 -0.493542 -0.429302
0.014791 -0.445905 -0.489415
0.013742 -0.385351 -0.450473
0.012637 -0.321522 -0.387109
0.011531 -0.257693 -0.323744
0.010425 -0.193864 -0.260380
0.009320 -0.130035 -0.197016
0.008214 -0.130390 -0.133652
0.007109 -0.194219 -0.070288
0.006003 -0.258048 -0.006923
0.004898 -0.321877 0.056441
0.003792 -0.385706 0.119805
0.002687 -0.449535 0.183169
0.001527 -0.483520 0.249626
0.000368 -0.416576 0.316083
-0.000792 -0.349632 0.382540
-0.001951 -0.282687 0.448997
-0.003111 -0.215743 0.484547
-0.004270 -0.148798 0.418090
-0.005430 -0.081854 0.351633
-0.006589 -0.036925 0.285176
-0.007749 -0.103869 0.218719
-0.008908 -0.170814 0.152262
-0.011370 -0.226184 0.095117
-0.025085 -0.150593 0.148370
-0.038800 -0.075002 0.201624
-0.052515 -0.046570 0.254877
-0.066231 -0.122161 0.308131
-0.079946 -0.197752 0.361384
-0.093661 -0.273343 0.414638
-0.107376 -0.348934 0.467891
-0.121091 -0.424525 0.478855
-0.134807 -0.499884 0.425602
-0.149082 -0.421206 0.370174
-0.163357 -0.342529 0.314746
-0.177632 -0.263851 0.259318
-0.191907 -0.185174 0.203890
-0.206182 -0.106496 0.148462
-0.220457 -0.027819 0.093034
-0.234733 0.001328 0.037606
-0.249008 -0.077350 -0.017822
-0.263283 -0.156027 -0.073249
-0.277558 -0.234705 -0.128677
-0.292373 -0.316352 -0.186198
-0.307187 -0.398000 -0.243718
-0.322001 -0.479648 -0.301238
-0.336815 -0.438705 -0.358758
-0.351629 -0.357057 -0.416279
-0.366443 -0.275410 -0.473799
-0.381257 -0.193762 -0.468681
-0.396072 -0.112114 -0.411160
-0.410886 -0.030467 -0.353640
-0.425700 0.031861 -0.296120
-0.441034 -0.052653 -0.236581
-0.456368 -0.137166 -0.177042
-0.471702 -0.221679 -0.117503
-0.487037 -0.306193 -0.057963
-0.497629 -0.390706 0.001576
-0.482295 -0.475219 0.061115
-0.466961 -0.440267 0.120654
-0.451627 -0.355754 0.180193
-0.436292 -0.271240 0.239732
-0.420958 -0.186727 0.299271
-0.405121 -0.099442 0.360763
-0.389284 -0.012157 0.422255
-0.373447 0.075128 0.483746
-0.357610 0.004348 0.454762
-0.341774 -0.082937 0.393270
-0.325937 -0.170222 0.331778
-0.310100 -0.257507 0.270287
-0.294263 -0.344792 0.208795
-0.278426 -0.432077 0.147303
-0.262589 -0.480638 0.085811
-0.246265 -0.390667 0.022427
-0.229940 -0.300695 -0.040957
-0.213616 -0.210724 -0.104341
-0.197291 -0.120753 -0.167726
-0.180967 -0.030781 -0.231110
-0.164643 0.059190 -0.294494
-0.148318 0.111719 -0.357878
-0.131994 0.021747 -0.421262
-0.115670 -0.068224 -0.484647
-0.099345 -0.158195 -0.451969
-0.082548 -0.250775 -0.386747
-0.065750 -0.343355 -0.321526
-0.048952 -0.435934 -0.256304
-0.032155 -0.471486 -0.191082
-0.015357 -0.378906 -0.125860
0.001441 -0.286326 -0.060638
0.018238 -0.193747 0.004584
0.035036 -0.101167 0.069806
0.051833 -0.008587 0.135027
0.068631 0.083992 0.200249
0.085889 0.148382 0.267258
0.103147 0.053266 0.334267
0.120405 -0.041851 0.401277
0.137663 -0.136967 0.468286
0.154921 -0.232084 0.464705
0.172178 -0.327201 0.397696
0.189436 -0.422317 0.330687
0.206694 -0.482566 0.263678
0.223952 -0.387450 0.196669
0.241210 -0.292333 0.129660
0.258916 -0.194746 0.060910
0.276623 -0.097158 -0.007840
0.294329 0.000429 -0.076589
0.312035 0.098017 -0.145339
0.329741 0.195604 -0.214089
0.347447 0.207933 -0.282839
0.365153 0.110346 -0.351589
0.382860 0.012758 -0.420339
0.400566 -0.084830 -0.489088
0.418272 -0.182417 -0.442162
0.436415 -0.282415 -0.371714
0.454559 -0.382412 -0.301267
0.472702 -0.482410 -0.230819
0.490845 -0.417593 -0.160371
0.491011 -0.317595 -0.089924
0.472868 -0.217598 -0.019476
0.454725 -0.117600 0.050972
0.446070 -0.222145 -0.010563
0.438469 -0.349417 -0.086763
0.430868 -0.476689 -0.162963
0.423750 -0.477162 -0.225039
0.418174 -0.372715 -0.249974
0.412598 -0.222591 -0.274910
0.407022 -0.072468 -0.299845
0.401447 0.077656 -0.324781
0.395871 0.227779 -0.349717
0.390295 0.377903 -0.374652
0.384720 0.275148 -0.399588
0.379144 0.125025 -0.424523
0.373568 -0.025099 -0.449459
0.367867 -0.178596 -0.474955
0.362166 -0.332093 -0.499549
0.356466 -0.485591 -0.474052
0.350765 -0.360912 -0.448556
0.345064 -0.207414 -0.423060
0.339363 -0.053917 -0.397564
0.333662 0.099581 -0.372068
0.327961 0.253078 -0.346572
0.322260 0.406575 -0.321075
0.316559 0.321230 -0.295579
0.310736 0.164431 -0.269535
0.304913 0.007632 -0.243490
0.299089 -0.149167 -0.217446
0.293266 -0.305966 -0.191401
0.287442 -0.462764 -0.165357
0.281619 -0.380437 -0.139312
0.275796 -0.223638 -0.113268
0.269972 -0.066840 -0.087224
0.264149 0.089959 -0.061179
0.258326 0.246758 -0.035135
0.252382 0.406790 -0.008553
0.246439 0.434473 0.018028
0.240495 0.274441 0.044609
0.234551 0.114409 0.071191
0.228608 -0.045623 0.097772
0.222664 -0.205655 0.124354
0.216720 -0.365687 0.150935
0.210777 -0.474280 0.177517
0.204833 -0.314248 0.204098
0.198890 -0.154216 0.230680
0.192828 0.008985 0.257787
0.186767 0.172187 0.284895
0.180705 0.335388 0.312003
0.174644 0.498590 0.339111
0.168583 0.381577 0.366219
0.162521 0.218376 0.393327
0.156460 0.055174 0.420435
0.150399 -0.108027 0.447543
0.144337 -0.271229 0.474651
0.138276 -0.434430 0.498241
0.132099 -0.399260 0.470617
0.125922 -0.232950 0.442993
0.119746 -0.066640 0.415368
0.113569 0.099671 0.387744
0.107392 0.265981 0.360120
0.101215 0.432291 0.332495
0.095039 0.598601 0.304871
0.088862 0.467627 0.277247
0.082685 0.301317 0.249622
0.076508 0.135007 0.221998
0.070218 -0.034355 0.193867
0.063928 -0.203717 0.165736
0.057638 -0.373079 0.137604
0.051348 -0.457559 0.109473
0.045058 -0.288196 0.081342
0.038768 -0.118834 0.053211
0.032478 0.050528 0.025080
0.026188 0.219890 -0.003051
0.019897 0.389252 -0.031182
0.013607 0.558614 -0.059314
0.007206 0.685698 -0.087943
0.000804 0.513338 -0.116572
-0.005597 0.340978 -0.145201
-0.011998 0.168618 -0.173830
-0.018400 -0.003742 -0.202459
-0.024801 -0.176102 -0.231088
-0.031203 -0.348462 -0.259717
-0.037604 -0.479179 -0.288346
-0.044006 -0.306819 -0.316976
-0.050407 -0.134459 -0.345605
-0.056918 0.040848 -0.374723
-0.063429 0.216154 -0.403842
-0.069940 0.391460 -0.432960
-0.076451 0.566766 -0.462079
-0.082962 0.742073 -0.491198
-0.089473 0.605743 -0.479684
-0.095984 0.430437 -0.450565
-0.102494 0.255131 -0.421446
-0.109005 0.079825 -0.392328
-0.115516 -0.095482 -0.363209
-0.122135 -0.273686 -0.333609
-0.128753 -0.451890 -0.304009
-0.135372 -0.369906 -0.274409
-0.141990 -0.191701 -0.244809
-0.148609 -0.013497 -0.215209
-0.155227 0.164707 -0.185609
-0.161846 0.342911 -0.156010
-0.168464 0.521115 -0.126410
-0.175083 0.699319 -0.096810
-0.181701 0.812830 -0.067210
-0.188426 0.631774 -0.037137
-0.195150 0.450718 -0.007063
-0.201875 0.269663 0.023010
-0.208599 0.088607 0.053084
-0.215324 -0.092449 0.083157
-0.222048 -0.273504 0.113231
-0.228772 -0.454560 0.143304
-0.235497 -0.364384 0.173378
-0.242221 -0.183329 0.203451
-0.248946 -0.002273 0.233525
-0.255774 0.181590 0.264065
-0.262603 0.365452 0.294604
-0.269432 0.549315 0.325144
-0.276260 0.733178 0.355683
-0.283089 0.724938 0.386223
-0.289917 0.541075 0.416763
-0.296746 0.357212 0.447302
-0.303575 0.173349 0.477842
-0.310403 -0.010514 0.491618
-0.317232 -0.194377 0.461079
-0.324163 -0.381004 0.430080
-0.331095 -0.432368 0.399080
-0.338026 -0.245740 0.368081
-0.344958 -0.059112 0.337082
-0.351889 0.127516 0.306083
-0.358820 0.314144 0.275084
-0.365752 0.500771 0.244085
-0.372683 0.687400 0.213085
-0.379615 0.863012 0.182086
-0.392087 0.686431 0.159571
-0.455343 0.599023 0.214191
-0.481401 0.511616 0.268811
-0.418145 0.424208 0.323430
-0.354890 0.336799 0.378050
-0.332287 0.389243 0.328307
-0.319848 0.476649 0.252472
-0.307410 0.564055 0.176637
-0.294971 0.651461 0.100803
-0.282532 0.738867 0.024968
-0.270093 0.826273 -0.050866
-0.257478 0.914919 -0.127777
-0.244862 0.834089 -0.204687
-0.232247 0.745443 -0.281597
-0.219632 0.656797 -0.358508
-0.207017 0.568151 -0.435418
-0.194402 0.479505 -0.487672
-0.181786 0.390859 -0.410762
-0.169171 0.302213 -0.333851
-0.156556 0.213567 -0.256941
-0.143941 0.124921 -0.180031
-0.131152 0.035052 -0.102060
-0.118362 -0.054817 -0.024088
-0.105573 -0.144686 0.053883
-0.092784 -0.234554 0.131854
-0.079995 -0.324423 0.209825
-0.067206 -0.414292 0.287796
-0.054416 -0.495839 0.365768
-0.041627 -0.405970 0.443739
-0.028838 -0.316101 0.478290
-0.016049 -0.226232 0.400319
-0.003088 -0.135157 0.321301
0.009873 -0.044082 0.242283
0.022834 0.046993 0.163265
0.035795 0.138068 0.084247
0.048756 0.229143 0.005229
0.061717 0.320219 -0.073788
0.074677 0.411294 -0.152806
0.087638 0.502369 -0.231824
0.100599 0.593445 -0.310842
0.113560 0.684520 -0.389860
0.126690 0.776785 -0.469911
0.139821 0.869051 -0.450038
0.152951 0.961317 -0.369988
0.166081 1.053582 -0.289937
0.179212 1.122721 -0.209886
0.192342 1.030455 -0.129835
0.205472 0.938189 -0.049784
0.218603 0.845924 0.030267
0.231733 0.753658 0.110317
0.244863 0.661393 0.190368
0.258161 0.567952 0.271439
0.271458 0.474511 0.352510
0.284756 0.381070 0.433580
0.298053 0.287629 0.485349
0.311351 0.194187 0.404279
0.324648 0.100746 0.323208
0.337946 0.007305 0.242137
0.351243 -0.086136 0.161067
0.364541 -0.179577 0.079996
0.377838 -0.273018 -0.001075
0.391301 -0.367620 -0.083152
0.404764 -0.462223 -0.165230
0.418227 -0.443175 -0.247308
0.431690 -0.348573 -0.329386
0.445153 -0.253971 -0.411463
0.458616 -0.159369 -0.493541
0.472079 -0.064767 -0.424381
0.485541 0.029835 -0.342304
0.499004 0.124437 -0.260226
0.487533 0.219039 -0.178148
0.473907 0.314787 -0.095076
0.460281 0.410536 -0.012003
0.446655 0.506285 0.071070
0.433029 0.602033 0.154142
0.419403 0.697782 0.237215
0.405777 0.793531 0.320288
0.392151 0.889280 0.403360
0.378525 0.935482 0.486433
0.364900 0.839733 0.430494
0.351274 0.743984 0.347421
0.337486 0.647102 0.263366
0.323699 0.550220 0.179310
0.309912 0.453338 0.095254
0.296125 0.356456 0.011198
0.282338 0.259574 -0.072858
0.268551 0.162692 -0.156913
0.254764 0.065810 -0.240969
0.240976 -0.031071 -0.325025
0.227189 -0.127953 -0.409081
0.213402 -0.224835 -0.493136
0.199455 -0.322837 -0.421836
0.185509 -0.420839 -0.336809
0.171562 -0.481159 -0.251781
0.157615 -0.383157 -0.166754
0.143669 -0.285155 -0.081726
0.129722 -0.187153 0.003301
0.115776 -0.089151 0.088329
0.101829 0.008851 0.173357
0.087882 0.106853 0.258384
0.073936 0.204855 0.343412
0.059832 0.303964 0.429400
0.045727 0.403073 0.484612
0.031623 0.502183 0.398623
0.017519 0.601292 0.312635
0.003415 0.700401 0.226647
-0.010690 0.799511 0.140658
-0.024794 0.898620 0.054670
-0.038898 0.997730 -0.031318
-0.053002 1.096839 -0.117307
-0.067106 1.195948 -0.203295
-0.081366 1.296153 -0.290234
-0.095626 1.273159 -0.377172
-0.109887 1.172954 -0.464110
-0.124147 1.072749 -0.448951
-0.138407 0.972545 -0.362013
-0.152667 0.872340 -0.275074
-0.166927 0.772136 -0.188136
-0.181187 0.671932 -0.101197
-0.195447 0.571727 -0.014259
-0.209707 0.471523 0.072680
-0.224121 0.370235 0.160558
-0.238536 0.268948 0.248437
-0.252950 0.167660 0.336315
-0.267364 0.066372 0.424194
-0.281778 -0.034916 0.487928
-0.296192 -0.136204 0.400050
-0.310607 -0.237491 0.312171
-0.325021 -0.338779 0.224293
-0.339435 -0.440067 0.136414
-0.353849 -0.458646 0.048536
-0.368416 -0.356286 -0.040272
-0.382983 -0.253926 -0.129081
-0.397549 -0.151567 -0.217889
-0.412116 -0.049207 -0.306698
-0.426683 0.053153 -0.395506
-0.441250 0.155512 -0.484315
-0.455817 0.257872 -0.426877
-0.470383 0.360232 -0.338068
-0.484950 0.462591 -0.249260
-0.499517 0.564951 -0.160451
-0.485765 0.668371 -0.070723
-0.471048 0.771792 0.019006
-0.456330 0.875213 0.108735
-0.441613 0.978633 0.198464
-0.426895 1.082053 0.288192
-0.412178 1.185473 0.377921
-0.397460 1.288893 0.467650
-0.382742 1.392313 0.442621
-0.368025 1.441221 0.352892
-0.353307 1.337801 0.263164
-0.338440 1.233331 0.172524
-0.323573 1.128861 0.081884
-0.308706 1.024390 -0.008756
-0.293839 0.919920 -0.099395
-0.278971 0.815450 -0.190035
-0.264104 0.710980 -0.280675
-0.249237 0.606509 -0.371314
-0.234370 0.502039 -0.461954
-0.219503 0.397569 -0.447407
-0.204635 0.293099 -0.356767
-0.189620 0.187589 -0.265225
-0.174605 0.082079 -0.173684
-0.159590 -0.023431 -0.082142
-0.144575 -0.128941 0.009399
-0.129560 -0.234451 0.100941
-0.114545 -0.339961 0.192483
-0.099529 -0.445470 0.284024
-0.084514 -0.449020 0.375566
-0.069499 -0.343510 0.467108
-0.054484 -0.238000 0.441351
-0.039323 -0.131461 0.348916
-0.024161 -0.024922 0.256481
-0.008999 0.081617 0.164047
0.006162 0.188157 0.071612
0.021324 0.294696 -0.020823
0.036485 0.401236 -0.113258
0.051647 0.507775 -0.205692
0.066808 0.614314 -0.298127
0.081970 0.720853 -0.390561
0.097131 0.827392 -0.482996
0.112438 0.934951 -0.423685
0.127745 1.042510 -0.330365
0.143051 1.150069 -0.237046
0.158358 1.257628 -0.143726
0.173665 1.365187 -0.050407
0.188971 1.472746 0.042912
0.204278 1.580305 0.136231
0.219585 1.505315 0.229551
0.234891 1.397756 0.322870
0.250198 1.290197 0.416189
0.265648 1.181628 0.489615
0.281099 1.073060 0.395419
0.296549 0.964491 0.301224
0.312000 0.855922 0.207028
0.327450 0.747354 0.112833
0.342900 0.638785 0.018637
0.358351 0.530216 -0.075558
0.373801 0.421648 -0.169754
0.389252 0.313079 -0.263950
0.404702 0.204510 -0.358145
0.420295 0.094941 -0.453209
0.435888 -0.014629 -0.451727
0.451481 -0.124198 -0.356664
0.467074 -0.233768 -0.261600
0.482666 -0.343337 -0.166536
0.498259 -0.452906 -0.071472
0.486148 -0.437524 0.023591
0.470555 -0.327955 0.118655
0.454962 -0.218385 0.213719
0.439369 -0.108816 0.308783
0.423635 0.001745 0.404707
0.407902 0.112306 0.499369
0.392168 0.222867 0.403445
0.376434 0.333428 0.307521
0.360700 0.443989 0.211597
0.344966 0.554550 0.115673
0.329232 0.665111 0.019749
0.313499 0.775673 -0.076175
0.297765 0.886234 -0.172099
0.282031 0.996795 -0.268023
0.266157 1.108339 -0.364800
0.250283 1.219883 -0.461577
0.234409 1.331428 -0.441646
0.218536 1.442972 -0.344870
0.202662 1.554516 -0.248093
0.186788 1.666060 -0.151316
0.170914 1.777604 -0.054540
0.155041 1.750702 0.042237
0.139167 1.639158 0.139014
0.123293 1.527614 0.235790
0.107281 1.415096 0.333412
0.091268 1.302577 0.431034
0.075256 1.190059 0.471344
0.059243 1.077541 0.373722
0.043231 0.965023 0.276100
0.027218 0.852505 0.178478
0.011206 0.739987 0.080856
-0.004806 0.627469 -0.016766
-0.020819 0.514951 -0.114388
-0.036831 0.402433 -0.212010
-0.052981 0.288949 -0.310470
-0.069131 0.175465 -0.408930
-0.085281 0.061981 -0.492610
-0.101431 -0.051503 -0.394150
-0.117580 -0.164986 -0.295690
-0.133730 -0.278470 -0.197230
-0.149880 -0.391954 -0.098770
-0.166030 -0.494562 -0.000310
-0.182180 -0.381078 0.098150
-0.198330 -0.267594 0.196610
-0.214616 -0.153152 0.295900
-0.230902 -0.038711 0.395191
-0.247188 0.075731 0.494482
-0.263474 0.190172 0.406227
-0.279760 0.304614 0.306936
-0.296046 0.419055 0.207645
-0.312332 0.533497 0.108354
-0.328618 0.647938 0.009064
-0.344905 0.762380 -0.090227
-0.361191 0.876821 -0.189518
-0.377612 0.992212 -0.289633
-0.394033 1.107603 -0.389747
-0.410455 1.222994 -0.489862
-0.426876 1.338385 -0.410023
-0.443298 1.453776 -0.309909
-0.459719 1.569167 -0.209794
-0.476140 1.684558 -0.109679
-0.492562 1.799949 -0.009565
-0.491017 1.859458 0.090550
-0.474596 1.744067 0.190665
-0.458040 1.627734 0.291597
-0.441485 1.511401 0.392529
-0.424929 1.395069 0.493461
-0.408374 1.278736 0.405606
-0.391818 1.162403 0.304674
-0.375263 1.046070 0.203742
-0.358707 0.929737 0.102810
-0.342152 0.813404 0.001878
-0.325596 0.697070 -0.099054
-0.309041 0.580737 -0.199986
-0.292352 0.463470 -0.301729
-0.275664 0.346202 -0.403472
-0.258975 0.228934 -0.494786
-0.242287 0.111667 -0.393043
-0.225599 -0.005601 -0.291300
-0.208911 -0.122869 -0.189557
-0.192222 -0.240137 -0.087815
-0.175534 -0.357404 0.013928
-0.158846 -0.474672 0.115671
-0.142158 -0.408060 0.217414
-0.125337 -0.289866 0.319961
-0.108517 -0.171671 0.422508
-0.091697 -0.053476 0.474945
-0.074876 0.064718 0.372398
-0.058056 0.182913 0.269851
-0.041236 0.301108 0.167304
-0.024416 0.419303 0.064757
-0.007595 0.537497 -0.037790
0.009225 0.655692 -0.140337
0.026045 0.773887 -0.242885
0.042996 0.893002 -0.346230
0.059947 1.012116 -0.449575
0.076899 1.131230 -0.447080
0.093850 1.250344 -0.343735
0.110801 1.369458 -0.240389
0.127752 1.488572 -0.137044
0.144703 1.607686 -0.033699
0.161654 1.726800 0.069646
0.178605 1.845914 0.172991
0.195557 1.869472 0.276336
0.212638 1.749444 0.380473
0.229719 1.629417 0.484610
0.246800 1.509390 0.411253
0.263881 1.389363 0.307116
0.280962 1.269336 0.202979
0.298042 1.149309 0.098841
0.315123 1.029282 -0.005296
0.332204 0.909255 -0.109433
0.349285 0.789228 -0.213570
0.366366 0.669201 -0.317707
0.383576 0.548268 -0.422630
0.400786 0.427335 -0.472447
0.414652 0.350993 -0.409627
0.415141 0.453018 -0.484786
0.415630 0.555043 -0.379198
0.374897 0.463991 -0.433153
0.329583 0.351485 -0.495164
0.284269 0.238979 -0.423481
0.238955 0.126474 -0.351799
0.193642 0.013969 -0.280116
0.147991 -0.099373 -0.207900
0.102340 -0.212715 -0.135684
0.056689 -0.326057 -0.063469
0.011039 -0.439399 0.008747
-0.034612 -0.447259 0.080963
-0.080263 -0.333917 0.153178
-0.125914 -0.220576 0.225394
-0.171564 -0.107234 0.297610
-0.217215 0.006108 0.369826
-0.262866 0.119450 0.442042
-0.308851 0.233622 0.485214
-0.354836 0.347795 0.412469
-0.400822 0.461967 0.339724
-0.446807 0.576139 0.266979
-0.492792 0.690311 0.194234
-0.461222 0.804484 0.121490
-0.415237 0.918656 0.048745
-0.369252 1.032828 -0.024000
-0.323267 1.147001 -0.096745
-0.277281 1.261173 -0.169490
-0.230964 1.376170 -0.242760
-0.184647 1.491166 -0.316029
-0.138330 1.606163 -0.389299
-0.092012 1.721159 -0.462569
-0.045695 1.836156 -0.464161
0.000622 1.951152 -0.390891
0.046939 2.066149 -0.317621
0.093257 2.181145 -0.244351
0.139574 2.296141 -0.171081
0.185891 2.411138 -0.097811
0.232538 2.470021 -0.024019
0.279185 2.354207 0.049772
0.325832 2.238393 0.123564
0.372479 2.122578 0.197355
0.419125 2.006764 0.271147
0.465772 1.890949 0.344938
0.487581 1.775133 0.418730
0.440934 1.659318 0.492521
0.394287 1.543503 0.433687
0.347640 1.427687 0.359896
0.300666 1.311059 0.285587
0.253692 1.194430 0.211277
0.206718 1.077802 0.136968
0.159743 0.961174 0.062658
0.112769 0.844546 -0.011651
0.065795 0.727918 -0.085960
0.018821 0.611290 -0.160270
-0.028154 0.494663 -0.234579
-0.075128 0.378035 -0.308888
-0.122102 0.261407 -0.383198
-0.169401 0.143972 -0.458021
-0.216701 0.026537 -0.467155
-0.264000 -0.090898 -0.392332
-0.311299 -0.208333 -0.317508
-0.358598 -0.325768 -0.242685
-0.405898 -0.443203 -0.167861
-0.453197 -0.439362 -0.093037
-0.499504 -0.321927 -0.018214
-0.452205 -0.204493 0.056610
-0.404905 -0.087058 0.131434
-0.357283 0.031179 0.206768
-0.309661 0.149416 0.282102
-0.262038 0.267652 0.357437
-0.214416 0.385889 0.432771
-0.166794 0.504125 0.491895
-0.119172 0.622362 0.416561
-0.071550 0.740598 0.341226
-0.023927 0.858835 0.265892
0.023695 0.977071 0.190558
0.071317 1.095308 0.115223
0.036741 1.022345 0.156124
-0.018464 0.901384 0.226211
-0.073670 0.780422 0.296298
-0.128875 0.659460 0.366385
-0.184081 0.538499 0.436471
-0.239286 0.417537 0.493442
-0.294492 0.296575 0.423355
-0.349697 0.175613 0.353269
-0.404903 0.054651 0.283182
-0.460108 -0.066311 0.213095
-0.484319 -0.188076 0.142543
-0.428747 -0.309842 0.071990
-0.373174 -0.431608 0.001438
-0.317602 -0.446627 -0.069115
-0.262030 -0.324861 -0.139667
-0.206457 -0.203095 -0.210220
-0.150885 -0.081330 -0.280772
-0.095313 0.040436 -0.351325
-0.039740 0.162202 -0.421877
0.015832 0.283967 -0.492430
0.071769 0.406531 -0.436555
0.127705 0.529095 -0.365540
0.183642 0.651659 -0.294525
0.239579 0.774223 -0.223510
0.295515 0.896787 -0.152495
0.351452 1.019351 -0.081480
0.407388 1.141915 -0.010465
0.463325 1.264478 0.060551
0.480738 1.387042 0.131566
0.424802 1.509606 0.202581
0.368503 1.632964 0.274056
0.312204 1.756322 0.345531
0.255906 1.879679 0.417005
0.199607 2.003037 0.488480
0.143308 2.126395 0.440045
0.087009 2.249753 0.368570
0.030711 2.373111 0.297095
-0.025588 2.496468 0.225620
-0.081887 2.619826 0.154145
-0.138186 2.743184 0.082671
-0.194844 2.756086 0.010739
-0.251503 2.631942 -0.061192
-0.308161 2.507797 -0.133124
-0.364820 2.383652 -0.205055
-0.421478 2.259508 -0.276987
-0.478136 2.135363 -0.348918
-0.465205 2.011219 -0.420850
-0.408547 1.887073 -0.492781
-0.351888 1.762927 -0.435287
-0.295230 1.638782 -0.363356
-0.238214 1.513853 -0.290970
-0.181198 1.388924 -0.218585
-0.124182 1.263995 -0.146200
-0.067166 1.139066 -0.073814
-0.010150 1.014137 -0.001429
0.046866 0.889208 0.070956
0.103882 0.764279 0.143342
0.160898 0.639350 0.215727
0.217914 0.514421 0.288113
0.274930 0.389492 0.360498
0.332301 0.263785 0.433334
0.389672 0.138077 0.493829
0.447044 0.012370 0.420993
0.495585 -0.113337 0.348157
0.438214 -0.239044 0.275321
0.380843 -0.364752 0.202484
0.323471 -0.490459 0.129648
0.266100 -0.383834 0.056812
0.208729 -0.258126 -0.016025
0.151357 -0.132419 -0.088861
0.093633 -0.005938 -0.162145
0.035909 0.120543 -0.235430
-0.021815 0.247024 -0.308715
-0.079540 0.373504 -0.381999
-0.137264 0.499985 -0.455284
-0.194988 0.626466 -0.471432
-0.252712 0.752947 -0.398147
-0.310437 0.879428 -0.324863
-0.368161 1.005909 -0.251578
-0.425886 1.132390 -0.178294
-0.483961 1.259640 -0.104564
-0.457964 1.386890 -0.030834
-0.399889 1.514140 0.042896
-0.341814 1.641390 0.116626
-0.283738 1.768640 0.190356
-0.225663 1.895890 0.264086
-0.167588 2.023140 0.337816
-0.109513 2.150389 0.411547
-0.051438 2.277637 0.485277
0.006638 2.404886 0.440993
0.065062 2.532900 0.366820
0.123486 2.660914 0.292648
0.181910 2.788929 0.218475
0.240334 2.916943 0.144302
0.298758 2.987554 0.070129
0.357182 2.859540 -0.004044
0.415605 2.731526 -0.078217
0.474029 2.603512 -0.152390
0.467547 2.475498 -0.226563
0.409123 2.347484 -0.300736
0.350352 2.218709 -0.375349
0.291581 2.089934 -0.449962
0.232811 1.961160 -0.475425
0.174040 1.832387 -0.400812
0.115269 1.703613 -0.326199
0.056498 1.574840 -0.251586
-0.002272 1.446066 -0.176973
-0.061043 1.317293 -0.102359
-0.119814 1.188519 -0.027746
-0.178585 1.059746 0.046867
-0.237700 0.930217 0.121917
-0.296816 0.800688 0.196968
-0.355931 0.671158 0.272019
-0.415047 0.541629 0.347070
-0.474162 0.412100 0.422120
-0.466722 0.282571 0.497171
-0.407606 0.153042 0.427779
-0.348491 0.023513 0.352728
-0.289375 -0.106016 0.277678
-0.230260 -0.235545 0.202627
-0.170801 -0.365825 0.127141
-0.111343 -0.496105 0.051655
-0.051885 -0.373615 -0.023831
0.007573 -0.243335 -0.099316
0.067031 -0.113055 -0.174802
0.126489 0.017225 -0.250288
0.185948 0.147505 -0.325774
0.245406 0.277785 -0.401259
0.304864 0.408065 -0.476745
0.364322 0.538345 -0.447769
0.424121 0.669371 -0.371851
0.483920 0.800398 -0.295932
0.456281 0.931424 -0.220014
0.396482 1.062451 -0.144095
0.336684 1.193477 -0.068177
0.276885 1.324504 0.007741
0.217086 1.455530 0.083660
0.157287 1.586557 0.159578
0.097488 1.717583 0.235497
0.037689 1.848610 0.311415
-0.022449 1.980379 0.387764
-0.082587 2.112148 0.464112
-0.142724 2.243917 0.459540
-0.202862 2.375686 0.383191
-0.263000 2.507455 0.306843
-0.323137 2.639225 0.230494
-0.383275 2.770994 0.154146
-0.443413 2.902763 0.077797
-0.496449 3.034532 0.001449
-0.436311 3.166301 -0.074900
-0.375837 3.298810 -0.151676
-0.315362 3.431318 -0.228453
-0.254888 3.354002 -0.305229
-0.194413 3.221494 -0.382005
-0.133938 3.088986 -0.458781
-0.073464 2.956478 -0.464443
-0.012989 2.823969 -0.387667
0.047485 2.691461 -0.310890
0.107960 2.558953 -0.234114
0.168434 2.426445 -0.157338
0.229244 2.293204 -0.080136
0.290054 2.159964 -0.002935
0.350863 2.026724 0.074267
0.411673 1.893483 0.151468
0.472482 1.760241 0.228670
0.466708 1.627000 0.305872
0.405898 1.493758 0.383073
0.345089 1.360517 0.460275
0.284279 1.227276 0.462523
0.223470 1.094034 0.385321
0.162327 0.960063 0.307697
0.101184 0.826091 0.230072
0.040041 0.692120 0.152448
-0.021102 0.558148 0.074823
-0.082245 0.424177 -0.002802
-0.143388 0.290206 -0.080426
-0.204530 0.156234 -0.158051
-0.265673 0.022263 -0.235676
-0.326816 -0.111708 -0.313300
-0.387959 -0.245680 -0.390925
-0.449433 -0.380377 -0.468970
-0.489093 -0.484925 -0.452984
-0.427619 -0.350228 -0.374939
-0.366145 -0.215530 -0.296893
-0.304670 -0.080833 -0.218848
-0.243196 0.053865 -0.140803
-0.181722 0.188562 -0.062757
-0.120248 0.323260 0.015288
-0.058773 0.457957 0.093334
0.002701 0.592655 0.171379
0.064505 0.728075 0.249843
0.126309 0.863495 0.328307
0.188113 0.998915 0.406771
0.249916 1.134334 0.485234
0.311720 1.269753 0.436302
0.373524 1.405173 0.357838
0.435328 1.540592 0.279374
0.497131 1.676011 0.200910
0.441065 1.811431 0.122446
0.379261 1.946850 0.043983
0.317129 2.082988 -0.034898
0.254997 2.219125 -0.113778
0.192865 2.355262 -0.192658
0.130734 2.491399 -0.271538
0.068602 2.627536 -0.350418
0.006470 2.763673 -0.429298
-0.055661 2.899810 -0.491822
-0.081878 2.941318 -0.444893
-0.084151 2.919741 -0.286830
-0.086423 2.898165 -0.128768
-0.088708 2.876476 0.030125
-0.090993 2.854787 0.189017
-0.093278 2.833098 0.347909
-0.095562 2.811409 0.493198
-0.097847 2.789720 0.334306
-0.100132 2.768031 0.175414
-0.102417 2.746342 0.016521
-0.104701 2.724653 -0.142371
-0.106986 2.702964 -0.301263
-0.109271 2.681275 -0.460156
-0.111567 2.659472 -0.380127
-0.113864 2.637668 -0.220409
-0.116160 2.615865 -0.060691
-0.118457 2.594062 0.099027
-0.120754 2.572258 0.258745
-0.123050 2.550455 0.418462
-0.125347 2.528651 0.421820
-0.127643 2.506848 0.262102
-0.129940 2.485045 0.102384
-0.132236 2.463241 -0.057333
-0.134545 2.441326 -0.217872
-0.136853 2.419410 -0.378411
-0.139161 2.397495 -0.461050
-0.141470 2.375580 -0.300511
-0.143778 2.353664 -0.139972
-0.146086 2.331749 0.020567
-0.148395 2.309833 0.181106
-0.150703 2.287918 0.341645
-0.153011 2.266002 0.497816
-0.155320 2.244087 0.337277
-0.157640 2.222059 0.175921
-0.159960 2.200032 0.014565
-0.162280 2.178005 -0.146791
-0.164600 2.155977 -0.308147
-0.166920 2.133950 -0.469503
-0.169240 2.111922 -0.369141
-0.171561 2.089895 -0.207785
-0.173881 2.067867 -0.046429
-0.176201 2.045840 0.114927
-0.178521 2.023812 0.276283
-0.180853 2.001675 0.438451
-0.183185 1.979538 0.399380
-0.185516 1.957401 0.237211
-0.187848 1.935263 0.075042
-0.190180 1.913126 -0.087127
-0.192512 1.890989 -0.249295
-0.194844 1.868852 -0.411464
-0.197176 1.846715 -0.426367
-0.199508 1.824578 -0.264198
-0.201840 1.802440 -0.102030
-0.204183 1.780192 0.060948
-0.206527 1.757944 0.223926
-0.208870 1.735696 0.386903
-0.211214 1.713448 0.450119
-0.213557 1.691200 0.287142
-0.215901 1.668952 0.124164
-0.218244 1.646704 -0.038813
-0.220588 1.624456 -0.201791
-0.222931 1.602208 -0.364769
