0.087778 0.039694 0.245011
0.098782 0.021219 0.259303
0.109786 0.002744 0.273595
0.120791 -0.015730 0.287887
0.131795 -0.034205 0.302179
0.136146 -0.142254 0.305342
0.122504 -0.223809 0.279863
0.113104 -0.282728 0.257925
0.141887 -0.304344 0.267866
0.170670 -0.335075 0.277806
0.199454 -0.364531 0.287747
0.234706 -0.379992 0.299921
0.228809 -0.406746 0.284330
0.218341 -0.447183 0.265654
0.207873 -0.487620 0.246977
0.197404 -0.471943 0.228301
0.202154 -0.487228 0.250722
0.206903 -0.446400 0.273143
0.211653 -0.440555 0.295564
0.216402 -0.481383 0.317985
0.221152 -0.477788 0.340407
0.226636 -0.430644 0.366296
0.232120 -0.383500 0.392186
0.237604 -0.341445 0.418075
0.243088 -0.388590 0.443965
0.248572 -0.435734 0.469854
0.254056 -0.482878 0.495744
0.259540 -0.469977 0.478366
0.265025 -0.422833 0.452477
0.270509 -0.375689 0.426587
0.275993 -0.328544 0.400698
0.282125 -0.334337 0.371752
0.288256 -0.387046 0.342807
0.294388 -0.439755 0.313861
0.300519 -0.492464 0.284916
0.306651 -0.454827 0.255970
0.312782 -0.402118 0.227025
0.318914 -0.349409 0.198079
0.325045 -0.296700 0.169134
0.331177 -0.349325 0.140188
0.341553 -0.391712 0.122208
0.371519 -0.392918 0.150557
0.401485 -0.394125 0.178907
0.431451 -0.395331 0.207257
0.461417 -0.396538 0.235607
0.491383 -0.397744 0.263956
0.478651 -0.398950 0.292306
0.448685 -0.400157 0.320656
0.418719 -0.401363 0.349006
0.388753 -0.402570 0.377355
0.358788 -0.403776 0.405705
0.326420 -0.405079 0.436327
0.294053 -0.406382 0.466948
0.261686 -0.407685 0.497569
0.263419 -0.400607 0.494812
0.299253 -0.385148 0.489804
0.335086 -0.369689 0.474420
0.370920 -0.354230 0.459036
0.406753 -0.338771 0.443652
0.442586 -0.323312 0.428268
0.478420 -0.307853 0.412884
0.483272 -0.291326 0.396438
0.444965 -0.274799 0.379992
0.406657 -0.258273 0.363546
0.368350 -0.241746 0.347100
0.330042 -0.225220 0.330653
0.291734 -0.208693 0.314207
0.253427 -0.192166 0.297761
0.215119 -0.175640 0.281315
0.176812 -0.183288 0.264869
0.138504 -0.199815 0.248423
0.097873 -0.217344 0.230979
0.057241 -0.234873 0.213535
0.016610 -0.252402 0.196092
-0.024021 -0.269931 0.178648
-0.064653 -0.287460 0.161204
-0.105284 -0.304989 0.143760
-0.145916 -0.322518 0.126317
-0.186547 -0.340047 0.108873
-0.227179 -0.357576 0.091429
-0.267810 -0.375105 0.073986
-0.310639 -0.393583 0.055598
-0.353468 -0.412060 0.037211
-0.396298 -0.430537 0.018824
-0.439127 -0.449014 0.000436
-0.481956 -0.467491 -0.017951
-0.475215 -0.485968 -0.036338
-0.432386 -0.495555 -0.054725
-0.389556 -0.477077 -0.073113
-0.346727 -0.458600 -0.091500
-0.303898 -0.440123 -0.109887
-0.330898 -0.441276 -0.116498
-0.388722 -0.451229 -0.117678
-0.446545 -0.461182 -0.118858
-0.495631 -0.471135 -0.120038
-0.437808 -0.481088 -0.121218
-0.413316 -0.476008 -0.133179
-0.438821 -0.448379 -0.161311
-0.464326 -0.420751 -0.189444
-0.489830 -0.393122 -0.217577
-0.484665 -0.365494 -0.245709
-0.458026 -0.336637 -0.275093
-0.431387 -0.307780 -0.304476
-0.404748 -0.278923 -0.333860
-0.378109 -0.250066 -0.363244
-0.351471 -0.221209 -0.392627
-0.324832 -0.192352 -0.422011
-0.298193 -0.163495 -0.451394
-0.271554 -0.134638 -0.480778
-0.244915 -0.105781 -0.489838
-0.218277 -0.076924 -0.460455
-0.190550 -0.046888 -0.429871
-0.162823 -0.016853 -0.399288
-0.135097 0.013182 -0.368704
-0.107370 -0.006839 -0.338121
-0.079644 -0.036874 -0.307538
-0.051917 -0.066909 -0.276954
-0.024190 -0.096945 -0.246371
0.003536 -0.126980 -0.215787
0.031263 -0.157015 -0.185204
0.058989 -0.187051 -0.154620
0.087763 -0.218220 -0.122882
0.116536 -0.249389 -0.091144
0.145309 -0.280558 -0.059406
0.174082 -0.311727 -0.027668
0.202856 -0.342896 0.004069
0.231629 -0.374065 0.035807
0.260402 -0.405234 0.067545
0.289175 -0.436403 0.099283
0.317948 -0.467572 0.131021
0.346722 -0.498741 0.162759
0.376505 -0.468996 0.195611
0.406288 -0.436733 0.228463
0.436071 -0.404470 0.261315
0.465855 -0.372206 0.294167
0.495638 -0.339943 0.327019
0.474579 -0.307680 0.359871
0.444796 -0.275417 0.392723
0.415012 -0.243154 0.425575
0.385229 -0.210891 0.458427
0.355446 -0.178628 0.491279
0.324686 -0.145307 0.474792
0.293926 -0.111985 0.440862
0.263166 -0.078664 0.406933
0.232406 -0.045343 0.373004
0.201646 -0.012022 0.339074
0.170887 0.021299 0.305145
0.140127 0.054620 0.271216
0.125092 0.077596 0.248109
0.172959 0.059187 0.268293
0.220827 0.040779 0.288477
0.270167 0.021803 0.309283
0.319507 0.002828 0.330088
0.368848 -0.016147 0.350893
0.418188 -0.035122 0.371699
0.467529 -0.054097 0.392504
0.483131 -0.073072 0.413309
0.433790 -0.092047 0.434115
0.384450 -0.111022 0.454920
0.335110 -0.129997 0.475725
0.285769 -0.148972 0.496530
0.234998 -0.168497 0.482061
0.184228 -0.188022 0.460653
0.133457 -0.207547 0.439244
0.082686 -0.227073 0.417836
0.031915 -0.246598 0.396427
-0.018856 -0.266123 0.375019
-0.069627 -0.285648 0.353610
-0.120398 -0.305174 0.332202
-0.171168 -0.324699 0.310793
-0.221939 -0.344224 0.289385
-0.274101 -0.364284 0.267389
-0.326263 -0.384345 0.245394
-0.378425 -0.404405 0.223399
-0.430588 -0.424465 0.201403
-0.482750 -0.444525 0.179408
-0.465088 -0.464586 0.157413
-0.412926 -0.484646 0.135417
-0.360764 -0.495294 0.113422
-0.308602 -0.475234 0.091427
-0.256440 -0.455173 0.069431
-0.202923 -0.434592 0.046865
-0.149405 -0.414011 0.024298
-0.095888 -0.393429 0.001731
-0.042371 -0.372848 -0.020835
0.011146 -0.352266 -0.043402
0.064663 -0.331685 -0.065969
0.118180 -0.311103 -0.088535
0.171698 -0.290522 -0.111102
0.225215 -0.269940 -0.133669
0.278732 -0.249359 -0.156235
0.333571 -0.228269 -0.179359
0.388409 -0.207179 -0.202483
0.443248 -0.186090 -0.225607
0.498087 -0.165000 -0.248731
0.447075 -0.143911 -0.271855
0.392236 -0.122821 -0.294979
0.337397 -0.101731 -0.318103
0.282559 -0.080642 -0.341227
0.227720 -0.059552 -0.364351
0.172881 -0.038463 -0.387474
0.116752 -0.016877 -0.411143
0.060623 0.004709 -0.434811
0.004493 0.026295 -0.458479
-0.051636 0.047881 -0.482147
-0.059486 0.034070 -0.483720
-0.055266 0.011411 -0.446970
-0.051046 -0.011249 -0.410220
-0.046826 -0.033909 -0.373470
-0.042606 -0.056569 -0.336720
-0.038386 -0.079229 -0.299970
-0.034071 -0.102398 -0.262394
-0.029756 -0.125567 -0.224819
-0.025442 -0.148736 -0.187243
-0.021127 -0.171905 -0.149667
-0.016812 -0.195074 -0.112091
-0.013654 -0.214128 -0.081840
-0.020908 -0.196146 -0.117511
-0.028162 -0.178164 -0.153182
-0.035416 -0.160182 -0.188853
-0.042671 -0.142200 -0.224524
-0.050081 -0.123831 -0.260962
-0.057491 -0.105462 -0.297401
-0.064901 -0.087093 -0.333839
-0.072311 -0.068724 -0.370278
-0.079721 -0.050355 -0.406716
-0.062028 -0.049385 -0.383433
-0.038059 -0.052764 -0.345219
-0.014090 -0.056144 -0.307005
0.009879 -0.059524 -0.268791
0.033849 -0.062903 -0.230578
0.058312 -0.066352 -0.191576
0.082775 -0.069802 -0.152574
0.107239 -0.073251 -0.113573
0.131702 -0.076700 -0.074571
0.156166 -0.080149 -0.035569
0.180629 -0.083599 0.003433
0.205092 -0.087048 0.042434
0.229556 -0.090497 0.081436
0.254019 -0.093946 0.120438
0.278483 -0.097396 0.159440
0.303431 -0.100913 0.199214
0.328378 -0.104431 0.238988
0.353326 -0.107948 0.278762
0.378274 -0.111466 0.318536
0.403222 -0.114983 0.358311
0.428170 -0.118501 0.398085
0.453117 -0.122019 0.437859
0.478065 -0.125536 0.477633
0.496987 -0.129054 0.482593
0.472039 -0.132571 0.442819
0.446616 -0.136156 0.402287
0.421193 -0.139741 0.361755
0.395770 -0.143325 0.321223
0.370346 -0.146910 0.280692
0.344923 -0.150494 0.240160
0.319500 -0.154079 0.199628
0.294077 -0.157664 0.159096
0.268654 -0.161248 0.118564
0.243231 -0.164833 0.078033
0.217807 -0.168418 0.037501
0.191918 -0.172068 -0.003775
0.166028 -0.175718 -0.045050
0.140139 -0.179369 -0.086326
0.114249 -0.183019 -0.127601
0.088359 -0.186669 -0.168877
0.062470 -0.190320 -0.210153
0.036580 -0.193970 -0.251428
0.010690 -0.197620 -0.292704
-0.015199 -0.201271 -0.333979
-0.041089 -0.204921 -0.375255
-0.067437 -0.208636 -0.417261
-0.093785 -0.212351 -0.459267
-0.120133 -0.216066 -0.498727
-0.146481 -0.219781 -0.456721
-0.172828 -0.223496 -0.414715
-0.199176 -0.227211 -0.372708
-0.225524 -0.230926 -0.330702
-0.251872 -0.234641 -0.288696
-0.278220 -0.238356 -0.246690
-0.304568 -0.242071 -0.204684
-0.331366 -0.245849 -0.161960
-0.358165 -0.249628 -0.119235
-0.384963 -0.253407 -0.076511
-0.411761 -0.257185 -0.033787
-0.438559 -0.260964 0.008937
-0.465358 -0.264743 0.051662
-0.492156 -0.268521 0.094386
-0.481046 -0.272300 0.137110
-0.454248 -0.276078 0.179834
-0.427449 -0.279857 0.222559
-0.400208 -0.283698 0.265989
-0.372967 -0.287539 0.309420
-0.345725 -0.291380 0.352851
-0.318484 -0.295221 0.396281
-0.291242 -0.299062 0.439712
-0.264001 -0.302903 0.483142
-0.236760 -0.306744 0.473427
-0.209518 -0.310584 0.429996
-0.182277 -0.314425 0.386566
-0.155036 -0.318266 0.343135
-0.127359 -0.322169 0.299010
-0.099681 -0.326071 0.254884
-0.072004 -0.329973 0.210759
-0.044327 -0.333876 0.166634
-0.016650 -0.337778 0.122508
0.011027 -0.341680 0.078383
0.038705 -0.345583 0.034257
0.066382 -0.349485 -0.009868
0.094059 -0.353387 -0.053994
0.121736 -0.357289 -0.098119
0.149843 -0.361252 -0.142929
0.177949 -0.365215 -0.187738
0.206055 -0.369178 -0.232548
0.234161 -0.373141 -0.277358
0.262268 -0.377104 -0.322167
0.290374 -0.381066 -0.366977
0.318480 -0.385029 -0.411786
0.346586 -0.388992 -0.456596
0.374693 -0.392955 -0.498595
0.402799 -0.396918 -0.453785
0.431328 -0.400940 -0.408302
0.459857 -0.404962 -0.362818
0.488386 -0.408985 -0.317335
0.483086 -0.413007 -0.271851
0.454557 -0.417030 -0.226368
0.426028 -0.421052 -0.180885
0.397499 -0.425075 -0.135401
0.368970 -0.429097 -0.089918
0.340441 -0.433119 -0.044434
0.311912 -0.437142 0.001049
0.282967 -0.441223 0.047197
0.254021 -0.445304 0.093344
0.225076 -0.449385 0.139492
0.196130 -0.453466 0.185639
0.167185 -0.457547 0.231786
0.138239 -0.461629 0.277934
0.109294 -0.465710 0.324081
0.080348 -0.469791 0.370229
0.051403 -0.473872 0.416376
0.022457 -0.477953 0.462524
-0.006899 -0.482092 0.490674
-0.036255 -0.486232 0.443872
-0.065611 -0.490371 0.397070
-0.094967 -0.494510 0.350268
-0.124323 -0.498649 0.303466
-0.153679 -0.497211 0.256664
-0.183036 -0.493072 0.209861
-0.212392 -0.488933 0.163059
-0.241748 -0.484794 0.116257
-0.271104 -0.480654 0.069455
-0.300865 -0.476458 0.022007
-0.330626 -0.472262 -0.025440
-0.360387 -0.468066 -0.072888
-0.390148 -0.463870 -0.120336
-0.419909 -0.459674 -0.167783
-0.449670 -0.455477 -0.215231
-0.479430 -0.451281 -0.262679
-0.490809 -0.447085 -0.310126
-0.461048 -0.442889 -0.357574
-0.431287 -0.438693 -0.405022
-0.401126 -0.434440 -0.453106
-0.370966 -0.430188 -0.498809
-0.340805 -0.425935 -0.450724
-0.310645 -0.421683 -0.402640
-0.280484 -0.417430 -0.354555
-0.250324 -0.413178 -0.306471
-0.220163 -0.408925 -0.258386
-0.190002 -0.404673 -0.210302
-0.159842 -0.400420 -0.162217
-0.129681 -0.396168 -0.114133
-0.111564 -0.396306 -0.177609
-0.093447 -0.396445 -0.241086
-0.075330 -0.396584 -0.304563
-0.057212 -0.396722 -0.368040
-0.039095 -0.396861 -0.431517
-0.020978 -0.396999 -0.494993
-0.002860 -0.397138 -0.441530
0.015257 -0.397277 -0.378053
0.033374 -0.397415 -0.314576
0.051491 -0.397554 -0.251099
0.069839 -0.397694 -0.186814
0.088188 -0.397834 -0.122528
0.106536 -0.397975 -0.058243
0.124884 -0.398115 0.006042
0.143232 -0.398256 0.070328
0.161580 -0.398396 0.134613
0.179928 -0.398536 0.198899
0.198276 -0.398677 0.263184
0.216624 -0.398817 0.327469
0.234972 -0.398957 0.391755
0.253548 -0.399099 0.456839
0.272124 -0.399241 0.478077
0.290700 -0.399383 0.412993
0.309277 -0.399525 0.347909
0.327853 -0.399667 0.282825
0.346429 -0.399809 0.217741
0.365005 -0.399950 0.152657
0.383581 -0.400092 0.087573
0.402157 -0.400234 0.022489
0.420733 -0.400376 -0.042595
0.439534 -0.400520 -0.108468
0.458335 -0.400663 -0.174341
0.477136 -0.400807 -0.240214
0.495937 -0.400951 -0.306087
0.485261 -0.401094 -0.371960
0.466460 -0.401238 -0.437833
0.447659 -0.401381 -0.496294
0.428858 -0.401525 -0.430421
0.410057 -0.401669 -0.364548
0.391256 -0.401812 -0.298675
0.372232 -0.401958 -0.232023
0.353209 -0.402103 -0.165370
0.334185 -0.402249 -0.098718
0.315161 -0.402394 -0.032065
0.296137 -0.402540 0.034587
0.277114 -0.402685 0.101240
0.258090 -0.402830 0.167892
0.239066 -0.402976 0.234545
0.220043 -0.403121 0.301197
0.201019 -0.403267 0.367850
0.181775 -0.403414 0.435273
0.162531 -0.403561 0.497304
0.143288 -0.403708 0.429881
0.124044 -0.403856 0.362458
0.104801 -0.404003 0.295035
0.085557 -0.404150 0.227612
0.066313 -0.404297 0.160189
0.047070 -0.404445 0.092766
0.027826 -0.404592 0.025343
0.008582 -0.404739 -0.042080
-0.010879 -0.404888 -0.110265
-0.030340 -0.405036 -0.178450
-0.049801 -0.405185 -0.246635
-0.069262 -0.405334 -0.314820
-0.088723 -0.405483 -0.383005
-0.108184 -0.405631 -0.451190
-0.127645 -0.405780 -0.480625
-0.147106 -0.405929 -0.412440
-0.166567 -0.406077 -0.344255
-0.186028 -0.406226 -0.276070
-0.205704 -0.406377 -0.207131
-0.225381 -0.406527 -0.138193
-0.245057 -0.406678 -0.069254
-0.264733 -0.406828 -0.000316
-0.284409 -0.406979 0.068622
-0.304085 -0.407129 0.137561
-0.323761 -0.407280 0.206499
-0.343437 -0.407430 0.275438
-0.363113 -0.407581 0.344376
-0.382789 -0.407731 0.413314
-0.402678 -0.407883 0.482998
-0.422567 -0.408035 0.447318
-0.442456 -0.408187 0.377634
-0.462345 -0.408339 0.307950
-0.482234 -0.408491 0.238267
-0.497878 -0.408643 0.168583
-0.477989 -0.408795 0.098899
-0.458100 -0.408947 0.029216
-0.438211 -0.409099 -0.040468
-0.418322 -0.409251 -0.110152
-0.398223 -0.409405 -0.180573
-0.378123 -0.409559 -0.250994
-0.358024 -0.409712 -0.321415
-0.337925 -0.409866 -0.391836
-0.317826 -0.410020 -0.462257
-0.297726 -0.410174 -0.467322
-0.277627 -0.410328 -0.396900
-0.257528 -0.410481 -0.326479
-0.237428 -0.410635 -0.256058
-0.217329 -0.410789 -0.185637
-0.197022 -0.410944 -0.114486
-0.176714 -0.411099 -0.043335
-0.156406 -0.411255 0.027816
-0.136099 -0.411410 0.098966
-0.115791 -0.411565 0.170117
-0.095484 -0.411721 0.241268
-0.075176 -0.411876 0.312419
-0.054868 -0.412031 0.383570
-0.034561 -0.412186 0.454721
-0.014253 -0.412342 0.474128
0.006261 -0.412498 0.402254
0.026774 -0.412655 0.330381
0.047288 -0.412812 0.258508
0.067802 -0.412969 0.186635
0.088316 -0.413125 0.114761
0.108829 -0.413282 0.042888
0.129343 -0.413439 -0.028985
0.149857 -0.413596 -0.100858
0.170371 -0.413752 -0.172732
0.190885 -0.413909 -0.244605
0.211602 -0.414067 -0.317193
0.232320 -0.414226 -0.389782
0.253038 -0.414384 -0.462370
0.273756 -0.414542 -0.465042
0.294474 -0.414700 -0.392453
0.315192 -0.414859 -0.319865
0.335910 -0.415017 -0.247277
0.356628 -0.415175 -0.174688
0.377346 -0.415333 -0.102100
0.398064 -0.415492 -0.029511
0.418984 -0.415652 0.043785
0.439904 -0.415812 0.117082
0.460824 -0.415972 0.190378
0.481744 -0.416132 0.263675
0.497336 -0.416292 0.336972
0.476416 -0.416452 0.410268
0.455496 -0.416612 0.483565
0.434576 -0.416772 0.443138
0.413656 -0.416932 0.369841
0.392736 -0.417092 0.296545
0.371615 -0.417254 0.222547
0.350495 -0.417415 0.148549
0.329375 -0.417577 0.074551
0.308254 -0.417738 0.000553
0.287134 -0.417900 -0.073445
0.266014 -0.418061 -0.147443
0.244893 -0.418223 -0.221441
0.223773 -0.418384 -0.295439
0.202653 -0.418546 -0.369437
0.181533 -0.418707 -0.443435
0.160214 -0.418870 -0.481872
0.138896 -0.419033 -0.407179
0.117577 -0.419196 -0.332486
0.096259 -0.419359 -0.257793
0.074940 -0.419522 -0.183100
0.053622 -0.419685 -0.108407
0.032303 -0.419849 -0.033714
0.010985 -0.420012 0.040979
-0.010334 -0.420175 0.115671
-0.031652 -0.420338 0.190364
-0.053167 -0.420502 0.265746
-0.074682 -0.420667 0.341127
-0.096197 -0.420831 0.416508
-0.117713 -0.420996 0.491890
-0.139228 -0.421160 0.432729
-0.160743 -0.421325 0.357347
-0.182258 -0.421489 0.281966
-0.203773 -0.421654 0.206585
-0.225288 -0.421818 0.131204
-0.246803 -0.421983 0.055822
-0.268513 -0.422149 -0.020241
-0.290222 -0.422315 -0.096305
-0.311932 -0.422481 -0.172368
-0.333642 -0.422647 -0.248432
-0.355352 -0.422813 -0.324495
-0.377062 -0.422979 -0.400559
-0.398771 -0.423145 -0.476623
-0.420481 -0.423311 -0.447314
-0.442191 -0.423477 -0.371250
-0.463901 -0.423643 -0.295187
-0.485803 -0.423810 -0.218447
-0.492294 -0.423978 -0.141707
-0.470391 -0.424145 -0.064968
-0.448489 -0.424313 0.011772
-0.426586 -0.424480 0.088512
-0.404684 -0.424648 0.165251
-0.382781 -0.424815 0.241991
-0.360878 -0.424983 0.318731
-0.338976 -0.425150 0.395470
-0.317073 -0.425318 0.472210
-0.294979 -0.425487 0.450380
-0.272885 -0.425655 0.372970
-0.250791 -0.425824 0.295561
-0.228697 -0.425993 0.218151
-0.206603 -0.426162 0.140741
-0.184509 -0.426331 0.063331
-0.162415 -0.426500 -0.014079
-0.140321 -0.426669 -0.091489
-0.118227 -0.426838 -0.168899
-0.096133 -0.427007 -0.246309
-0.073850 -0.427178 -0.324383
-0.051566 -0.427348 -0.402457
-0.029282 -0.427519 -0.480532
-0.006999 -0.427689 -0.441394
0.015285 -0.427860 -0.363320
0.037569 -0.428030 -0.285245
0.059852 -0.428201 -0.207171
0.082136 -0.428371 -0.129097
0.104419 -0.428542 -0.051022
0.126703 -0.428712 0.027052
0.149175 -0.428884 0.105785
0.171646 -0.429055 0.184518
0.150009 -0.486555 0.211405
0.117344 -0.441614 0.225331
0.084679 -0.369783 0.239256
0.052015 -0.297952 0.253182
0.019350 -0.226121 0.267107
-0.013315 -0.154290 0.281033
-0.045980 -0.082459 0.294958
-0.078645 -0.010628 0.308883
-0.111580 0.061799 0.322925
-0.144516 0.134226 0.336966
-0.177452 0.206653 0.351007
-0.210388 0.279081 0.365048
-0.243324 0.351508 0.379089
-0.276260 0.423935 0.393130
-0.309195 0.496362 0.407171
-0.342131 0.568789 0.421212
-0.375067 0.641217 0.435253
-0.408003 0.713644 0.449294
-0.441208 0.786663 0.463450
-0.474412 0.859681 0.477606
-0.492383 0.932700 0.491762
-0.459178 1.005719 0.494083
-0.425973 1.078737 0.479927
-0.392768 1.151755 0.465771
-0.359563 1.224773 0.451615
-0.326358 1.297791 0.437459
-0.293154 1.370809 0.423304
-0.259949 1.443827 0.409148
-0.226477 1.517432 0.394878
-0.193006 1.591036 0.380609
-0.159534 1.664641 0.366340
-0.126063 1.738245 0.352070
-0.092592 1.811850 0.337801
-0.059120 1.885455 0.323532
-0.025649 1.959059 0.309262
0.007823 1.949688 0.294993
0.041294 1.876083 0.280724
0.074766 1.802479 0.266454
0.108502 1.728292 0.252072
0.142238 1.654106 0.237690
0.175974 1.579920 0.223308
0.209710 1.505733 0.208926
0.243446 1.431547 0.194543
0.277182 1.357361 0.180161
0.310918 1.283175 0.165779
0.344654 1.208988 0.151397
0.378390 1.134802 0.137015
0.412126 1.060616 0.122633
0.446124 0.985851 0.108138
0.480123 0.911087 0.093644
0.485879 0.836323 0.079150
0.451880 0.761559 0.064656
0.417882 0.686796 0.050162
0.383883 0.612032 0.035668
0.349885 0.537268 0.021174
0.315886 0.462504 0.006680
0.281888 0.387740 -0.007815
0.247890 0.312975 -0.022309
0.213630 0.237638 -0.036914
0.179371 0.162301 -0.051519
0.145112 0.086964 -0.066124
0.110853 0.011627 -0.080730
0.076594 -0.063710 -0.095335
0.042335 -0.139047 -0.109940
0.008076 -0.214384 -0.124545
-0.026183 -0.289721 -0.139150
-0.060442 -0.365058 -0.153756
-0.088072 -0.381636 -0.188076
-0.100325 -0.260201 -0.269004
-0.112578 -0.138766 -0.349931
-0.124831 -0.017332 -0.430859
-0.137084 0.104103 -0.488213
-0.149337 0.225538 -0.407285
-0.161590 0.346973 -0.326357
-0.173843 0.468408 -0.245429
-0.186096 0.589843 -0.164501
-0.198349 0.711278 -0.083574
-0.210602 0.832712 -0.002646
-0.222946 0.955050 0.078884
-0.235290 1.077388 0.160413
-0.247634 1.199725 0.241943
-0.259978 1.322063 0.323472
-0.272322 1.444400 0.405002
-0.284666 1.566737 0.486532
-0.297011 1.689075 0.431939
-0.309355 1.811412 0.350409
-0.321699 1.933749 0.268880
-0.334043 2.056087 0.187350
-0.346477 2.179321 0.105223
-0.358912 2.302554 0.023096
-0.371346 2.421286 -0.059030
-0.383781 2.298052 -0.141157
-0.396215 2.174818 -0.223284
-0.408649 2.051584 -0.305411
-0.421084 1.928351 -0.387538
-0.433518 1.805117 -0.469665
-0.445953 1.681883 -0.448209
-0.458387 1.558649 -0.366082
-0.470912 1.434525 -0.283362
-0.483436 1.310401 -0.200642
-0.495960 1.186276 -0.117923
-0.491515 1.062152 -0.035203
-0.478991 0.938028 0.047517
-0.466466 0.813904 0.130237
-0.453942 0.689781 0.212956
-0.441417 0.565657 0.295676
-0.428893 0.441533 0.378396
-0.416369 0.317410 0.461115
-0.403755 0.192402 0.455576
-0.391142 0.067395 0.372268
-0.378528 -0.057612 0.288959
-0.365914 -0.182619 0.205651
-0.353301 -0.307626 0.122342
-0.340687 -0.432634 0.039034
-0.328074 -0.442359 -0.044275
-0.315460 -0.317352 -0.127583
-0.302847 -0.192344 -0.210892
-0.290233 -0.067337 -0.294201
-0.277531 0.058547 -0.378094
-0.264829 0.184432 -0.461987
-0.252127 0.310316 -0.454120
-0.239425 0.436200 -0.370227
-0.226723 0.562085 -0.286333
-0.214021 0.687969 -0.202440
-0.201320 0.813854 -0.118547
-0.188618 0.939738 -0.034654
-0.175916 1.065623 0.049239
-0.163214 1.191508 0.133132
-0.150424 1.318263 0.217606
-0.137634 1.445018 0.302080
-0.124844 1.571774 0.386554
-0.112054 1.698529 0.471028
-0.099265 1.825284 0.444499
-0.086475 1.952039 0.360025
-0.073685 2.078795 0.275551
-0.060895 2.205550 0.191077
-0.048105 2.323854 0.106604
-0.035315 2.197099 0.022130
-0.022438 2.069478 -0.062921
-0.009561 1.941858 -0.147971
0.003316 1.814237 -0.233021
0.016193 1.686616 -0.318072
0.029071 1.558995 -0.403122
0.041948 1.431375 -0.488173
0.054825 1.303754 -0.426777
0.067702 1.176133 -0.341727
0.080579 1.048513 -0.256676
0.101988 0.974855 -0.199567
0.157897 1.118009 -0.254592
0.213806 1.261163 -0.309617
0.269715 1.404316 -0.364642
0.328605 1.532976 -0.419023
0.399413 1.603660 -0.470827
0.470222 1.674344 -0.477368
0.458970 1.745028 -0.425563
0.388161 1.815712 -0.373758
0.317353 1.886396 -0.321953
0.246544 1.957080 -0.270149
0.175265 2.028233 -0.218000
0.103986 2.099387 -0.165851
0.032707 2.170541 -0.113702
-0.038572 2.241694 -0.061553
-0.109850 2.312848 -0.009404
-0.181129 2.384001 0.042745
-0.252408 2.455155 0.094894
-0.323687 2.526309 0.147043
-0.394966 2.597462 0.199191
-0.466245 2.622245 0.251340
-0.462009 2.550624 0.303831
-0.390262 2.479003 0.356322
-0.318516 2.407382 0.408813
-0.246770 2.335761 0.461304
-0.175023 2.264140 0.486206
-0.103277 2.192519 0.433715
-0.031530 2.120898 0.381224
0.040216 2.049278 0.328733
0.111962 1.977657 0.276242
0.183709 1.906037 0.223751
0.255919 1.833954 0.170921
0.328130 1.761870 0.118090
0.400341 1.689787 0.065260
0.472552 1.617703 0.012429
0.455238 1.545620 -0.040402
0.383027 1.473536 -0.093232
0.310816 1.401453 -0.146063
0.238605 1.329370 -0.198893
0.166395 1.257286 -0.251724
0.094184 1.185203 -0.304555
0.021512 1.112659 -0.357723
-0.051160 1.040115 -0.410891
-0.123832 0.967571 -0.464059
-0.196505 0.895027 -0.482772
-0.269177 0.822483 -0.429604
-0.341849 0.749939 -0.376436
-0.414521 0.677395 -0.323268
-0.487193 0.604850 -0.270099
-0.440135 0.532306 -0.216931
-0.367463 0.459762 -0.163763
-0.294332 0.386760 -0.110259
-0.221201 0.313759 -0.056756
-0.148071 0.240757 -0.003252
-0.074940 0.167755 0.050252
-0.001809 0.094753 0.103755
0.071321 0.021751 0.157259
0.144452 -0.051250 0.210763
0.217583 -0.124252 0.264266
0.290713 -0.197254 0.317770
0.363844 -0.270256 0.371273
0.437431 -0.343713 0.425110
0.488983 -0.417169 0.478947
0.415397 -0.490626 0.467216
0.341810 -0.435917 0.413379
0.268224 -0.362460 0.359542
0.194638 -0.289004 0.305705
0.121051 -0.215547 0.251868
0.047465 -0.142090 0.198031
-0.026121 -0.068634 0.144194
-0.099708 0.004823 0.090357
-0.173747 0.078732 0.036188
-0.247786 0.152640 -0.017980
-0.321825 0.226549 -0.072148
-0.395864 0.300458 -0.126317
-0.469903 0.374366 -0.180485
-0.456058 0.448275 -0.234653
-0.382019 0.522183 -0.288822
-0.307979 0.596092 -0.342990
-0.233940 0.670001 -0.397159
-0.159901 0.743909 -0.451327
-0.085412 0.818267 -0.494175
-0.010923 0.892625 -0.439678
0.063567 0.966983 -0.385180
0.138056 1.041341 -0.330682
0.212545 1.115699 -0.276184
0.287034 1.190057 -0.221687
0.361523 1.264415 -0.167189
0.436012 1.338773 -0.112692
0.489498 1.413131 -0.058194
0.415009 1.487489 -0.003696
0.340073 1.562294 0.051129
0.265136 1.637099 0.105954
0.190199 1.711904 0.160779
0.115263 1.786709 0.215603
0.040326 1.861514 0.270428
-0.034611 1.936319 0.325253
-0.109547 2.011124 0.380078
-0.184484 2.085928 0.434903
-0.259421 2.160732 0.489728
-0.334357 2.235535 0.455447
-0.409739 2.310785 0.400296
-0.485120 2.386035 0.345146
-0.439498 2.461284 0.289996
-0.364117 2.536534 0.234845
-0.288736 2.611784 0.179695
-0.213354 2.687033 0.124545
-0.137973 2.762283 0.069395
-0.062591 2.837533 0.014244
0.012790 2.912782 -0.040906
0.088171 2.988032 -0.096056
0.163995 3.063723 -0.151530
0.239818 3.139414 -0.207004
0.315642 3.215104 -0.262478
0.391465 3.290795 -0.317951
0.467288 3.234229 -0.373425
0.456888 3.158538 -0.428899
0.381065 3.082847 -0.484373
0.305241 3.007157 -0.460154
0.229418 2.931466 -0.404680
0.153595 2.855775 -0.349206
0.077331 2.779646 -0.293411
0.001068 2.703516 -0.237615
-0.075195 2.627387 -0.181820
-0.151458 2.551257 -0.126025
-0.227721 2.475128 -0.070229
-0.303984 2.398998 -0.014434
-0.380247 2.322869 0.041361
-0.456510 2.246740 0.097157
-0.467227 2.170610 0.152952
-0.390964 2.094481 0.208747
-0.314264 2.017915 0.264862
-0.237564 1.941350 0.320978
-0.160864 1.864786 0.377093
-0.084164 1.788221 0.433208
-0.007464 1.711657 0.489323
0.069236 1.635092 0.454562
0.145936 1.558527 0.398447
0.222637 1.481963 0.342332
0.299337 1.405398 0.286217
0.376037 1.328834 0.230102
0.453172 1.251835 0.173669
0.469694 1.174837 0.117236
0.392559 1.097838 0.060803
0.315424 1.020840 0.004369
0.238290 0.943841 -0.052064
0.161155 0.866843 -0.108497
0.084020 0.789845 -0.164930
0.006886 0.712846 -0.221363
-0.070249 0.635848 -0.277796
-0.147384 0.558849 -0.334229
-0.224950 0.481419 -0.390978
-0.302517 0.403989 -0.447728
-0.380084 0.326559 -0.495523
-0.457651 0.249129 -0.438774
-0.464782 0.171699 -0.382025
-0.387216 0.094269 -0.325275
-0.309649 0.016839 -0.268526
-0.232082 -0.060591 -0.211777
-0.154515 -0.138022 -0.155028
-0.076948 -0.215452 -0.098279
0.001048 -0.293311 -0.041215
0.079045 -0.371170 0.015849
0.157041 -0.449029 0.072912
0.235038 -0.473112 0.129976
0.313034 -0.395252 0.187039
0.391031 -0.317393 0.244103
0.469027 -0.239534 0.301167
0.452976 -0.161675 0.358230
0.374979 -0.083816 0.415294
0.296983 -0.005957 0.472358
0.218559 0.072329 0.470266
0.140135 0.150615 0.412890
0.061711 0.228900 0.355513
-0.016713 0.307186 0.298137
0.002606 0.249988 0.361215
0.046361 0.158919 0.454407
0.090116 0.067850 0.452402
0.133871 -0.023219 0.359210
0.177626 -0.114288 0.266019
0.221381 -0.205356 0.172827
0.265373 -0.296919 0.079131
0.309366 -0.388482 -0.014566
0.353358 -0.480044 -0.108263
0.397350 -0.428393 -0.201960
0.441342 -0.336831 -0.295656
0.485334 -0.245268 -0.389353
0.470674 -0.153706 -0.483050
0.426682 -0.062143 -0.423253
0.382690 0.029420 -0.329557
0.338698 0.120982 -0.235860
0.294469 0.213035 -0.141661
0.250241 0.305089 -0.047462
0.206013 0.397142 0.046737
0.161785 0.489196 0.140937
0.117557 0.581249 0.235136
0.073329 0.673303 0.329335
0.029101 0.765356 0.423534
-0.015127 0.857409 0.482267
-0.059355 0.949463 0.388068
-0.103583 1.041516 0.293868
-0.148045 1.134058 0.199169
-0.192508 1.226601 0.104471
-0.236971 1.319143 0.009772
-0.281433 1.411685 -0.084927
-0.325896 1.504227 -0.179626
-0.370359 1.596769 -0.274325
-0.414821 1.689312 -0.369024
-0.459284 1.781854 -0.463723
-0.496253 1.874396 -0.441578
-0.451791 1.966938 -0.346879
-0.407095 2.059966 -0.251683
-0.362399 2.152995 -0.156487
-0.317702 2.246023 -0.061291
-0.273006 2.339052 0.033905
-0.228310 2.432080 0.129101
-0.183614 2.525109 0.224296
-0.138918 2.618137 0.319493
-0.094222 2.711166 0.414689
-0.049526 2.804194 0.490115
-0.093573 2.734456 0.457780
-0.147760 2.646177 0.388953
-0.201948 2.557897 0.320126
-0.256135 2.469618 0.251299
-0.310322 2.381339 0.182472
-0.364509 2.293060 0.113645
-0.418697 2.204780 0.044818
-0.472884 2.116501 -0.024009
-0.472929 2.028222 -0.092835
-0.418742 1.939943 -0.161662
-0.364555 1.851663 -0.230489
-0.310089 1.762930 -0.299670
-0.255623 1.674196 -0.368851
-0.201157 1.585463 -0.438032
-0.146691 1.496730 -0.492788
-0.092225 1.407996 -0.423607
-0.037759 1.319263 -0.354426
0.016706 1.230529 -0.285246
0.071172 1.141796 -0.216065
0.125638 1.053062 -0.146884
0.180104 0.964329 -0.077703
0.234847 0.875144 -0.008170
0.289590 0.785959 0.061362
0.344333 0.696773 0.130895
0.399076 0.607588 0.200428
0.453819 0.518403 0.269961
0.491438 0.429218 0.339494
0.436695 0.340032 0.409027
0.381952 0.250847 0.478560
0.327209 0.161662 0.451907
0.272466 0.072477 0.382374
0.217447 -0.017157 0.312491
0.162428 -0.106792 0.242608
0.107410 -0.196426 0.172725
0.052391 -0.286061 0.102841
-0.002628 -0.375695 0.032958
-0.057647 -0.465329 -0.036925
-0.112666 -0.445036 -0.106808
-0.167685 -0.355402 -0.176691
-0.222703 -0.265768 -0.246574
-0.277722 -0.176133 -0.316458
-0.333015 -0.086052 -0.386689
-0.388309 0.004030 -0.456921
-0.443602 0.094111 -0.472848
-0.498895 0.184192 -0.402616
-0.445812 0.274274 -0.332385
-0.390519 0.364355 -0.262153
-0.335226 0.454437 -0.191921
-0.279933 0.544518 -0.121690
-0.224639 0.634600 -0.051458
