0.324380 0.156805 0.462973
0.343900 0.139909 0.462591
0.363420 0.123012 0.462208
0.382940 0.106115 0.461826
0.402460 0.012711 0.461444
0.421980 -0.136290 0.461061
0.441500 -0.223809 0.460679
0.454006 -0.281426 0.459975
0.441092 -0.304344 0.458504
0.428838 -0.335075 0.457162
0.429863 -0.368870 0.456919
0.444476 -0.378711 0.461697
0.454949 -0.396463 0.477046
0.455904 -0.432139 0.471994
0.465796 -0.448952 0.460214
0.475689 -0.453395 0.448434
0.485581 -0.457337 0.436655
0.495474 -0.461279 0.424875
0.494633 -0.465221 0.413095
0.484741 -0.469163 0.401316
0.474848 -0.473105 0.389536
0.463425 -0.477657 0.375934
0.452002 -0.482209 0.362332
0.440579 -0.486761 0.348730
0.429156 -0.491313 0.335128
0.417733 -0.495865 0.321526
0.421774 -0.492019 0.339693
0.429680 -0.486074 0.365802
0.437586 -0.480129 0.391912
0.445493 -0.474183 0.418021
0.453399 -0.468238 0.444131
0.462239 -0.461591 0.473322
0.471078 -0.454944 0.497486
0.479918 -0.448297 0.468295
0.488758 -0.441650 0.439104
0.497597 -0.435003 0.409912
0.493563 -0.428355 0.380721
0.484723 -0.421708 0.351530
0.475884 -0.415061 0.322338
0.467044 -0.408414 0.293147
0.458204 -0.401767 0.263955
0.448521 -0.394485 0.231978
0.438838 -0.387204 0.200000
0.429154 -0.379922 0.168023
0.419471 -0.372641 0.136045
0.409788 -0.365359 0.104068
0.400104 -0.358077 0.072090
0.390421 -0.350796 0.040112
0.380737 -0.343514 0.008135
0.371054 -0.336233 -0.023843
0.361371 -0.328951 -0.055820
0.350912 -0.321086 -0.090360
0.340452 -0.313221 -0.124900
0.329993 -0.305357 -0.159439
0.319534 -0.297492 -0.193979
0.309075 -0.289627 -0.228519
0.298616 -0.281762 -0.263058
0.288157 -0.273897 -0.297598
0.277698 -0.266032 -0.332138
0.267239 -0.258168 -0.366677
0.256779 -0.250303 -0.401217
0.245598 -0.241895 -0.438142
0.234417 -0.233487 -0.475066
0.223236 -0.225079 -0.488009
0.212055 -0.216671 -0.451085
0.200873 -0.208263 -0.414160
0.189692 -0.199855 -0.377236
0.178511 -0.191447 -0.340311
0.167330 -0.183039 -0.303387
0.156148 -0.174631 -0.266463
0.144967 -0.179391 -0.229538
0.133108 -0.188309 -0.190374
0.121248 -0.197227 -0.151209
0.109389 -0.206145 -0.112045
0.097529 -0.215063 -0.072881
0.085670 -0.223981 -0.033716
0.073810 -0.232899 0.005448
0.061951 -0.241817 0.044612
0.050091 -0.250735 0.083777
0.038232 -0.259653 0.122941
0.035878 -0.261788 0.130916
0.048427 -0.253311 0.090009
0.060977 -0.244835 0.049102
0.073526 -0.236358 0.008195
0.086075 -0.227882 -0.032712
0.098624 -0.219406 -0.073619
0.111174 -0.210929 -0.114525
0.123723 -0.202453 -0.155432
0.136272 -0.193977 -0.196339
0.148821 -0.185500 -0.237246
0.161371 -0.177024 -0.278153
0.174532 -0.168134 -0.321057
0.187694 -0.159243 -0.363961
0.200856 -0.150353 -0.406865
0.214018 -0.141463 -0.449768
0.227179 -0.132573 -0.492672
0.240341 -0.123683 -0.464424
0.253503 -0.114793 -0.421521
0.266665 -0.105902 -0.378617
0.279827 -0.097012 -0.335713
0.292989 -0.088122 -0.292809
0.291117 -0.079277 -0.269100
0.263906 -0.031827 -0.178922
0.236695 -0.070009 -0.088745
0.209485 -0.117459 0.001433
0.182274 -0.164910 0.091610
0.155063 -0.212360 0.181788
0.127853 -0.259811 0.271965
0.100642 -0.307261 0.362143
0.073431 -0.354712 0.452320
0.046221 -0.402163 0.457502
0.017899 -0.451551 0.363642
-0.010423 -0.499061 0.269782
-0.038745 -0.449673 0.175923
-0.067066 -0.400285 0.082063
-0.095388 -0.350897 -0.011797
-0.123710 -0.301509 -0.105657
-0.152032 -0.252121 -0.199516
-0.180353 -0.202733 -0.293376
-0.208675 -0.153344 -0.387236
-0.236997 -0.103956 -0.481095
-0.266388 -0.052704 -0.421502
-0.295778 -0.001452 -0.324099
-0.325169 0.049801 -0.226696
-0.354560 0.008737 -0.129293
-0.383951 -0.042515 -0.031890
-0.413341 -0.093768 0.065513
-0.442732 -0.145020 0.162916
-0.472123 -0.196272 0.260319
-0.498486 -0.247525 0.357722
-0.469096 -0.298777 0.455125
-0.438673 -0.351829 0.444054
-0.408251 -0.404880 0.343232
-0.377828 -0.457932 0.242411
-0.347405 -0.489017 0.141589
-0.316983 -0.435966 0.040768
-0.286560 -0.382914 -0.060054
-0.256138 -0.329863 -0.160875
-0.225715 -0.276811 -0.261697
-0.195293 -0.223760 -0.362518
-0.164870 -0.170709 -0.463340
-0.133450 -0.115918 -0.432532
-0.102030 -0.061127 -0.328404
-0.070610 -0.006335 -0.224276
-0.039190 0.048456 -0.120148
-0.007770 0.076939 -0.016020
0.023651 0.022148 0.088108
0.055071 -0.032643 0.192236
0.086491 -0.087434 0.296364
0.117911 -0.142225 0.400493
0.149331 -0.197016 0.495379
0.181718 -0.253494 0.388047
0.214106 -0.309971 0.280714
0.246493 -0.366449 0.173381
0.278880 -0.422926 0.066048
0.311267 -0.479404 -0.041284
0.343654 -0.464119 -0.148617
0.376041 -0.407641 -0.255950
0.408428 -0.351164 -0.363283
0.440815 -0.294686 -0.470615
0.473202 -0.238209 -0.422052
0.493472 -0.180094 -0.311608
0.460145 -0.121979 -0.201163
0.426819 -0.063864 -0.090719
0.393493 -0.005750 0.019726
0.360167 0.052365 0.130170
0.326841 0.110480 0.240615
0.293515 0.168595 0.351059
0.260188 0.164631 0.461504
0.226862 0.106516 0.428052
0.193536 0.048402 0.317608
0.159297 -0.011306 0.204137
0.125058 -0.071013 0.090666
0.090818 -0.130720 -0.022805
0.056579 -0.190428 -0.136276
0.022340 -0.250135 -0.249747
-0.011900 -0.309842 -0.363218
-0.046139 -0.369549 -0.476688
-0.080378 -0.429256 -0.409841
-0.114618 -0.488964 -0.296370
-0.148857 -0.451329 -0.182899
-0.183986 -0.390071 -0.066480
-0.219115 -0.328813 0.049938
-0.254244 -0.267554 0.166357
-0.289373 -0.206296 0.282776
-0.324502 -0.145037 0.399194
-0.359631 -0.083779 0.484387
-0.394759 -0.022521 0.367969
-0.429888 0.038738 0.251550
-0.465017 0.099996 0.135131
-0.499854 0.161254 0.018713
-0.463857 0.224026 -0.100581
-0.427861 0.286797 -0.219875
-0.391865 0.349568 -0.339168
-0.355868 0.342492 -0.458462
-0.319872 0.279721 -0.422244
-0.283875 0.216950 -0.302951
-0.247879 0.154179 -0.183657
-0.211883 0.091407 -0.064364
-0.175886 0.028636 0.054930
-0.139890 -0.034135 0.174224
-0.103047 -0.098383 0.296325
-0.066203 -0.162631 0.418426
-0.029360 -0.226880 0.459473
0.007484 -0.291128 0.337372
0.044327 -0.355377 0.215271
0.081171 -0.419625 0.093171
0.118014 -0.483873 -0.028930
0.154857 -0.451878 -0.151031
0.191701 -0.387630 -0.273132
0.228544 -0.323381 -0.395233
0.266216 -0.257689 -0.479922
0.303887 -0.191997 -0.355076
0.341558 -0.126304 -0.230231
0.379230 -0.060612 -0.105386
0.416901 0.005080 0.019459
0.454572 0.070772 0.144304
0.492244 0.136465 0.269149
0.470085 0.202157 0.393994
0.432414 0.267849 0.481161
0.394742 0.333542 0.356315
0.356261 0.400647 0.228785
0.317779 0.458379 0.101255
0.279297 0.391273 -0.026276
0.240816 0.324168 -0.153806
0.202334 0.257063 -0.281336
0.163853 0.189957 -0.408866
0.125371 0.122852 -0.463603
0.086889 0.055747 -0.336073
0.048407 -0.011358 -0.208542
0.009926 -0.078463 -0.081012
-0.029349 -0.146952 0.049148
-0.068625 -0.215441 0.179308
-0.107900 -0.283930 0.309468
-0.147175 -0.352419 0.439628
-0.186450 -0.420908 0.430212
-0.225725 -0.489397 0.300052
-0.265001 -0.442114 0.169892
-0.304276 -0.373625 0.039732
-0.343551 -0.305136 -0.090428
-0.382826 -0.236647 -0.220588
-0.422880 -0.166802 -0.353326
-0.462933 -0.096956 -0.486064
-0.497014 -0.027111 -0.381198
-0.456961 0.042734 -0.248461
-0.416908 0.112579 -0.115723
-0.376855 0.182425 0.017015
-0.336802 0.252270 0.149753
-0.296749 0.322115 0.282490
-0.256695 0.391961 0.415228
-0.216642 0.461806 0.452034
-0.175826 0.532982 0.316768
-0.135010 0.584793 0.181502
-0.094194 0.513617 0.046236
-0.053378 0.442441 -0.089031
-0.012562 0.371266 -0.224297
0.028254 0.300090 -0.359563
0.069070 0.228914 -0.494829
0.109886 0.157738 -0.369905
0.150702 0.086562 -0.234638
0.191518 0.015387 -0.099372
0.233083 -0.057095 0.038376
0.274648 -0.129577 0.176125
0.316213 -0.202059 0.313873
0.357778 -0.274541 0.451622
0.399343 -0.347023 0.410630
0.440908 -0.419505 0.272882
0.482473 -0.491987 0.135133
0.475962 -0.435531 -0.002615
0.434397 -0.363049 -0.140364
0.392832 -0.290568 -0.278112
0.350531 -0.216803 -0.418299
0.308231 -0.143038 -0.441515
0.265930 -0.069273 -0.301328
0.223629 0.004492 -0.161142
0.181328 0.078257 -0.020955
0.139028 0.152021 0.119231
0.096727 0.225786 0.259418
0.054426 0.299551 0.399605
0.012126 0.373316 0.460209
-0.030175 0.447081 0.320022
-0.073199 0.522107 0.177439
-0.116223 0.597132 0.034856
-0.159246 0.672158 -0.107727
-0.202270 0.747183 -0.250310
-0.245294 0.697921 -0.392893
-0.288318 0.622895 -0.464523
-0.331342 0.547870 -0.321940
-0.374366 0.472844 -0.179357
-0.417389 0.397818 -0.036774
-0.460413 0.322792 0.105809
-0.495852 0.246526 0.250749
-0.452117 0.170260 0.395689
-0.408382 0.093994 0.459371
-0.364647 0.017728 0.314431
-0.320912 -0.058538 0.169491
-0.277177 -0.134804 0.024550
-0.233442 -0.211070 -0.120390
-0.189707 -0.287336 -0.265330
-0.145972 -0.363602 -0.410270
-0.102237 -0.439868 -0.444790
-0.057802 -0.482646 -0.297531
-0.013368 -0.405159 -0.150272
0.031067 -0.327673 -0.003013
0.075502 -0.250187 0.144247
0.119937 -0.172700 0.291506
0.164372 -0.095214 0.438765
0.208807 -0.017728 0.413976
0.253241 0.059759 0.266717
0.297676 0.137245 0.119457
0.342111 0.214731 -0.027802
0.387235 0.293419 -0.177344
0.432359 0.372107 -0.326887
0.477482 0.450794 -0.476429
0.477394 0.529482 -0.374028
0.432270 0.608170 -0.224486
0.387147 0.686857 -0.074944
0.342023 0.765545 0.074599
0.296899 0.844233 0.224141
0.251775 0.791222 0.373684
0.206652 0.712534 0.476774
0.160849 0.632663 0.324983
0.115047 0.552791 0.173191
0.069245 0.472920 0.021400
0.023442 0.393049 -0.130391
-0.022360 0.313178 -0.282183
-0.068162 0.233307 -0.433974
-0.113965 0.153436 -0.414235
-0.159767 0.073565 -0.262444
-0.205569 -0.006307 -0.110652
-0.251372 -0.086178 0.041139
-0.297843 -0.167215 0.195146
-0.344314 -0.248252 0.349154
-0.390785 -0.329289 0.496839
-0.437256 -0.410327 0.342832
-0.483727 -0.491364 0.188824
-0.469802 -0.427599 0.034817
-0.423331 -0.346562 -0.119191
-0.376860 -0.265524 -0.273198
-0.330389 -0.184487 -0.427205
-0.283918 -0.103450 -0.418787
-0.270510 -0.059715 -0.358395
-0.335787 -0.105699 -0.478466
-0.401065 -0.151683 -0.315327
-0.466342 -0.197667 -0.152188
-0.468380 -0.243651 0.010951
-0.403103 -0.289636 0.174090
-0.337825 -0.335620 0.337229
-0.272548 -0.381604 0.499632
-0.207270 -0.427588 0.336493
-0.141993 -0.473572 0.173353
-0.075815 -0.479809 0.007964
-0.009637 -0.433191 -0.157425
0.056541 -0.386572 -0.322815
0.122719 -0.339954 -0.488204
0.188897 -0.293335 -0.346406
0.255075 -0.246717 -0.181017
0.321253 -0.200098 -0.015628
0.387431 -0.153480 0.149762
0.453609 -0.106861 0.315151
0.480213 -0.060243 0.480540
0.413147 -0.012999 0.351850
0.346081 0.034246 0.184241
0.279015 0.081490 0.016631
0.211948 0.128734 -0.150978
0.144882 0.175979 -0.318588
0.077815 0.223223 -0.486197
0.010749 0.270467 -0.346193
-0.056317 0.317711 -0.178584
-0.123384 0.364955 -0.010975
-0.190450 0.412199 0.156635
-0.258393 0.460061 0.326435
-0.326336 0.507923 0.496236
-0.394279 0.555785 0.333964
-0.462222 0.603647 0.164163
-0.469835 0.651509 -0.005638
-0.401892 0.699371 -0.175438
-0.333949 0.747233 -0.345239
-0.266006 0.795095 -0.484961
-0.198063 0.842957 -0.315160
-0.130120 0.890819 -0.145360
-0.061311 0.939290 0.026604
0.007498 0.987762 0.198568
0.076306 1.036234 0.370531
0.145115 1.046616 0.457505
0.213923 0.998144 0.285542
0.282732 0.949673 0.113578
0.351541 0.901201 -0.058386
0.346094 0.801913 -0.098600
0.229266 0.626400 0.058811
0.112437 0.450888 0.216222
-0.005842 0.273195 0.375588
-0.124122 0.095502 0.465046
-0.242402 -0.082191 0.305680
-0.360682 -0.259884 0.146313
-0.478962 -0.437577 -0.013053
-0.402759 -0.384730 -0.172419
-0.284479 -0.207036 -0.331785
-0.166199 -0.029343 -0.491152
-0.047919 0.148350 -0.349482
0.070360 0.326043 -0.190116
0.190074 0.505890 -0.028818
0.309788 0.685736 0.132480
0.429501 0.865583 0.293778
0.450785 1.033880 0.455076
0.331072 0.854033 0.383626
0.211358 0.674186 0.222328
0.091645 0.494339 0.061030
-0.028069 0.314492 -0.100268
-0.147782 0.134645 -0.261566
-0.267496 -0.045202 -0.422864
-0.388626 -0.227177 -0.413929
-0.490243 -0.409153 -0.250722
-0.369113 -0.408872 -0.087515
-0.247983 -0.226896 0.075692
-0.126852 -0.044921 0.238899
-0.005722 0.137054 0.402106
0.115408 0.319030 0.434687
0.236539 0.501005 0.271480
0.357669 0.682981 0.108273
0.478799 0.864956 -0.054934
0.398670 1.049035 -0.220028
0.276139 1.053566 -0.385122
0.153608 0.869487 -0.449784
0.031078 0.685408 -0.284690
-0.091453 0.501328 -0.119597
-0.213984 0.317249 0.045497
-0.336515 0.133170 0.210591
-0.459045 -0.050910 0.375685
-0.418424 -0.234989 0.459221
-0.295893 -0.419068 0.294127
-0.171978 -0.394772 0.127168
-0.048063 -0.208613 -0.039791
0.075853 -0.022454 -0.206751
0.199768 0.163706 -0.373710
0.323683 0.349865 -0.459330
0.447599 0.536024 -0.292371
0.428486 0.722184 -0.125412
0.304571 0.908343 0.041548
0.180655 1.094503 0.208507
0.056740 1.280663 0.375466
-0.068544 1.152934 0.455729
-0.193829 0.964718 0.286925
-0.319113 0.776502 0.118121
-0.444398 0.588285 -0.050683
-0.430317 0.400069 -0.219488
-0.305033 0.211852 -0.388292
-0.179749 0.023636 -0.442904
-0.054464 -0.164581 -0.274100
0.070821 -0.352797 -0.105295
0.196105 -0.458987 0.063509
0.322744 -0.268736 0.234138
0.449383 -0.078484 0.404767
0.423978 0.111767 0.424603
0.297339 0.302018 0.253974
0.170700 0.492269 0.083345
0.044061 0.682521 -0.087284
-0.082578 0.872772 -0.257914
-0.209217 1.063023 -0.428543
-0.335856 1.253274 -0.400828
-0.462495 1.264235 -0.230198
-0.409526 1.071971 -0.057764
-0.281546 0.879707 0.114671
-0.153567 0.687442 0.287106
-0.025588 0.495178 0.459541
0.102391 0.302913 0.368024
0.230370 0.110649 0.195590
0.358350 -0.081616 0.023155
0.486329 -0.273880 -0.149280
0.385692 -0.466145 -0.321715
0.257713 -0.341591 -0.494150
0.128407 -0.147334 -0.331628
-0.000898 0.046923 -0.157407
-0.130204 0.241180 0.016815
-0.259509 0.435437 0.191037
-0.388814 0.629694 0.365259
-0.481880 0.823951 0.460520
-0.352575 1.018208 0.286298
-0.223269 1.212465 0.112076
-0.093964 1.406723 -0.062146
0.035342 1.363298 -0.236368
0.165960 1.167069 -0.412358
0.296578 0.970840 -0.411651
0.427196 0.774611 -0.235661
0.442186 0.578381 -0.059670
0.311567 0.382152 0.116320
0.180949 0.185923 0.292311
0.050331 -0.010306 0.468301
-0.080287 -0.206535 0.355708
-0.210905 -0.402765 0.179718
-0.341524 -0.401006 0.003727
-0.473442 -0.202824 -0.174015
-0.394641 -0.004643 -0.351757
-0.262723 0.193539 -0.470502
-0.130805 0.391721 -0.292760
0.001113 0.589903 -0.115018
0.133031 0.788085 0.062724
0.264949 0.986266 0.240466
0.396867 1.184448 0.418208
0.471215 1.382630 0.404050
0.339297 1.580812 0.226308
0.206092 1.479458 0.046832
0.072888 1.279342 -0.132643
-0.060317 1.079227 -0.312119
-0.193522 0.879111 -0.491595
-0.326727 0.678996 -0.328929
-0.459932 0.478880 -0.149453
-0.406863 0.278765 0.030023
-0.273658 0.078650 0.209499
-0.140453 -0.121465 0.388975
-0.007248 -0.321580 0.431550
0.127232 -0.476389 0.250356
0.261712 -0.274359 0.069163
0.396191 -0.072329 -0.112031
0.469329 0.129701 -0.293224
0.334849 0.331732 -0.474417
0.200370 0.533762 -0.344389
0.065890 0.735793 -0.163196
-0.068590 0.937823 0.017997
-0.203069 1.139853 0.199191
-0.337549 1.341883 0.380384
-0.473292 1.545811 0.436721
-0.390966 1.489280 0.253826
-0.255224 1.285352 0.070932
-0.119481 1.081424 -0.111963
0.016261 0.877497 -0.294858
0.152004 0.673570 -0.477753
0.287746 0.469643 -0.339352
0.423489 0.265716 -0.156458
0.440769 0.061788 0.026437
0.305027 -0.142139 0.209332
0.168033 -0.347946 0.393912
0.031040 -0.446247 0.421507
-0.105954 -0.240441 0.236927
-0.242947 -0.034634 0.052346
-0.379941 0.171173 -0.132234
-0.483066 0.376980 -0.316815
-0.346072 0.582787 -0.498605
-0.209078 0.788594 -0.314025
-0.072085 0.994401 -0.129444
0.064909 1.200207 0.055136
0.203142 1.407877 0.241387
0.341375 1.615547 0.427638
0.479608 1.465826 0.386111
0.382158 1.258156 0.199860
0.243925 1.050486 0.013609
0.105692 0.842817 -0.172642
-0.032542 0.635148 -0.358893
-0.170775 0.427479 -0.454857
-0.309008 0.219809 -0.268606
-0.447242 0.012140 -0.082355
-0.413296 -0.197376 0.105552
-0.273834 -0.406891 0.293458
-0.134372 -0.383594 0.481365
0.005090 -0.174078 0.330729
0.144552 0.035437 0.142822
0.284014 0.244952 -0.045085
0.423476 0.454468 -0.232991
0.437062 0.663983 -0.420898
0.297600 0.873498 -0.391196
0.158138 1.083013 -0.203289
0.017458 1.294358 -0.013741
-0.123222 1.505703 0.175806
-0.263902 1.717048 0.365354
-0.404582 1.690526 0.445099
-0.454737 1.479181 0.255551
-0.314057 1.267836 0.066003
-0.173377 1.056491 -0.123544
-0.032697 0.845147 -0.313092
0.107983 0.633802 -0.497361
0.248663 0.422457 -0.307813
0.390551 0.209297 -0.116638
0.467562 -0.003862 0.074536
0.325674 -0.217022 0.265711
0.183786 -0.430181 0.456886
0.041899 -0.356660 0.351939
-0.099989 -0.143500 0.160765
-0.241877 0.069659 -0.030410
-0.383764 0.282818 -0.221585
-0.474348 0.495978 -0.412760
-0.332460 0.709137 -0.396066
-0.341873 0.557776 -0.368309
-0.351287 0.406416 -0.340552
-0.360700 0.255056 -0.312795
-0.370113 0.103695 -0.285038
-0.379526 -0.047665 -0.257281
-0.388939 -0.199026 -0.229524
-0.398352 -0.350386 -0.201767
-0.407765 -0.498253 -0.174010
-0.417178 -0.346893 -0.146253
-0.426591 -0.195533 -0.118496
-0.436082 -0.042916 -0.090508
-0.445573 0.109701 -0.062521
-0.455064 0.262317 -0.034534
-0.464556 0.414934 -0.006546
-0.474047 0.567550 0.021441
-0.483538 0.720167 0.049428
-0.493029 0.872783 0.077416
-0.497480 1.025400 0.105403
-0.487989 1.178016 0.133390
-0.478498 1.330633 0.161378
-0.468929 1.484495 0.189594
-0.459360 1.638357 0.217809
-0.449792 1.792219 0.246025
-0.440223 1.843906 0.274241
-0.430654 1.690044 0.302457
-0.421086 1.536181 0.330673
-0.411517 1.382319 0.358889
-0.401948 1.228457 0.387105
-0.392380 1.074595 0.415321
-0.382811 0.920732 0.443537
-0.373166 0.765634 0.471979
-0.363520 0.610536 0.499578
-0.353875 0.455437 0.471136
-0.344229 0.300339 0.442693
-0.334584 0.145240 0.414251
-0.324938 -0.009858 0.385809
-0.315293 -0.164956 0.357366
-0.305647 -0.320055 0.328924
-0.296001 -0.475153 0.300481
-0.286356 -0.369749 0.272039
-0.276634 -0.213424 0.243371
-0.266912 -0.057100 0.214704
-0.257191 0.099225 0.186037
-0.247469 0.255549 0.157369
-0.237747 0.411873 0.128702
-0.228025 0.568198 0.100035
-0.218303 0.724522 0.071368
-0.208581 0.880847 0.042700
-0.198860 1.037171 0.014033
-0.189138 1.193495 -0.014634
-0.179340 1.351036 -0.043525
-0.169543 1.508577 -0.072415
-0.159745 1.666118 -0.101306
-0.149948 1.823659 -0.130196
-0.140150 1.976644 -0.159086
-0.130353 1.819103 -0.187977
-0.120555 1.661561 -0.216867
-0.110758 1.504020 -0.245757
-0.100960 1.346479 -0.274648
-0.091163 1.188938 -0.303538
-0.081290 1.030190 -0.332650
-0.071417 0.871442 -0.361762
-0.061545 0.712694 -0.390874
-0.051672 0.553946 -0.419985
-0.041800 0.395198 -0.449097
-0.031927 0.236450 -0.478209
-0.022054 0.077701 -0.492679
-0.012182 -0.081047 -0.463567
-0.002309 -0.239795 -0.434456
0.007563 -0.398543 -0.405344
0.017511 -0.441511 -0.376012
0.027458 -0.281564 -0.346681
0.037405 -0.121618 -0.317349
0.047352 0.038328 -0.288018
0.057299 0.198275 -0.258687
0.067246 0.358221 -0.229355
0.077193 0.518168 -0.200024
0.087140 0.678114 -0.170692
0.097087 0.838060 -0.141361
0.107035 0.998006 -0.112029
0.117056 1.159141 -0.082480
0.127077 1.320276 -0.052930
0.137098 1.481411 -0.023381
0.147119 1.642547 0.006169
0.157140 1.803682 0.035719
0.167161 1.964817 0.065268
0.177182 2.125952 0.094818
0.187203 2.139056 0.124367
0.197224 1.977921 0.153917
0.207245 1.816786 0.183467
0.217340 1.654469 0.213233
0.227434 1.492153 0.242999
0.237529 1.329836 0.272765
0.247623 1.167520 0.302531
0.257717 1.005203 0.332297
0.267812 0.842887 0.362063
0.277906 0.680571 0.391829
0.288000 0.518255 0.421595
0.298095 0.355939 0.451361
0.308189 0.193623 0.481127
0.318356 0.030135 0.488892
0.328524 -0.133353 0.458911
0.338691 -0.296841 0.428930
0.348859 -0.460329 0.398949
0.359026 -0.376183 0.368968
0.369193 -0.212695 0.338987
0.379361 -0.049207 0.309005
0.389528 0.114281 0.279024
0.399695 0.277769 0.249043
0.409863 0.441257 0.219062
0.420103 0.605909 0.188868
0.430342 0.770561 0.158674
0.440582 0.935212 0.128479
0.450822 1.099864 0.098285
0.461062 1.264516 0.068090
0.471301 1.429168 0.037896
0.481541 1.593820 0.007702
0.491781 1.758472 -0.022493
0.497979 1.923124 -0.052687
0.487739 2.087775 -0.082881
0.477428 2.253584 -0.113288
0.467116 2.419392 -0.143694
0.456805 2.573464 -0.174100
0.446493 2.407655 -0.204507
0.436181 2.241847 -0.234913
0.425870 2.076039 -0.265319
0.415558 1.910232 -0.295726
0.405247 1.744425 -0.326132
0.394935 1.578618 -0.356538
0.384623 1.412811 -0.386945
0.374241 1.245856 -0.417562
0.363858 1.078901 -0.448178
0.353475 0.911946 -0.478795
0.343092 0.744992 -0.490588
0.332709 0.578037 -0.459971
0.322326 0.411083 -0.429354
0.311944 0.244128 -0.398737
0.301561 0.077174 -0.368121
0.301263 0.044337 -0.359994
0.316091 0.212678 -0.385603
0.331021 0.382167 -0.411387
0.345951 0.551657 -0.437171
0.360881 0.721146 -0.462956
0.375810 0.890636 -0.488740
0.390740 1.060125 -0.485476
0.405670 1.229614 -0.459692
0.420600 1.399104 -0.433908
0.435530 1.568593 -0.408124
0.450459 1.738083 -0.382340
0.465389 1.907572 -0.356556
0.480420 2.078203 -0.330598
0.495450 2.248835 -0.304641
0.489519 2.331650 -0.278683
0.474489 2.161019 -0.252726
0.459458 1.990387 -0.226768
0.444428 1.819756 -0.200810
0.429397 1.649124 -0.174853
0.414367 1.478493 -0.148895
0.399336 1.307862 -0.122937
0.384306 1.137230 -0.096980
0.369176 0.965465 -0.070850
0.354045 0.793701 -0.044720
0.338915 0.621936 -0.018590
0.323785 0.450172 0.007540
0.308654 0.278407 0.033671
0.293524 0.106642 0.059801
0.278394 -0.065122 0.085931
0.263263 -0.236887 0.112061
0.248133 -0.408652 0.138191
0.233003 -0.419583 0.164321
0.217773 -0.246692 0.190622
0.202544 -0.073801 0.216924
0.187314 0.099090 0.243225
0.172085 0.271981 0.269527
0.156855 0.444872 0.295828
0.141626 0.617763 0.322130
0.126397 0.790654 0.348431
0.111167 0.963545 0.374732
0.095937 1.136436 0.401034
0.080708 1.309328 0.427335
0.065380 1.483338 0.453807
0.050052 1.657348 0.480279
0.034724 1.831357 0.493250
0.019396 2.005367 0.466778
0.004068 2.179377 0.440307
-0.011260 2.353387 0.413835
-0.026589 2.527397 0.387363
-0.041917 2.701406 0.360892
-0.057245 2.651087 0.334420
-0.072573 2.477077 0.307948
-0.087999 2.301956 0.281308
-0.103425 2.126835 0.254667
-0.118851 1.951714 0.228026
-0.134277 1.776592 0.201385
-0.149703 1.601470 0.174744
-0.165129 1.426348 0.148103
-0.180555 1.251226 0.121462
-0.195981 1.076104 0.094821
-0.211407 0.900982 0.068181
-0.226833 0.725860 0.041540
-0.242356 0.549633 0.014731
-0.257880 0.373406 -0.012078
-0.273403 0.197179 -0.038887
-0.288926 0.020952 -0.065696
-0.304450 -0.155274 -0.092505
-0.319973 -0.331501 -0.119314
-0.335497 -0.492272 -0.146123
-0.351020 -0.316045 -0.172932
-0.366544 -0.139818 -0.199741
-0.382067 0.036408 -0.226550
-0.397687 0.213733 -0.253525
-0.413307 0.391058 -0.280501
-0.428927 0.568383 -0.307477
-0.444547 0.745708 -0.334453
-0.460167 0.923033 -0.361429
-0.475787 1.100358 -0.388405
-0.491407 1.277683 -0.415381
-0.492973 1.455008 -0.442356
-0.477353 1.632333 -0.469332
-0.461733 1.809658 -0.496308
-0.446017 1.988074 -0.476550
-0.430301 2.166490 -0.449408
-0.414584 2.344906 -0.422266
-0.398868 2.523322 -0.395124
-0.383152 2.701737 -0.367982
-0.367436 2.880153 -0.340841
-0.351719 2.751491 -0.313699
-0.336003 2.573075 -0.286557
-0.320287 2.394660 -0.259415
-0.304570 2.216244 -0.232273
-0.288759 2.036743 -0.204966
-0.272947 1.857243 -0.177659
-0.257136 1.677742 -0.150352
-0.241324 1.498241 -0.123045
-0.225512 1.318741 -0.095738
-0.209700 1.139240 -0.068431
-0.193889 0.959740 -0.041124
-0.178077 0.780239 -0.013817
-0.162265 0.600739 0.013490
-0.146453 0.421238 0.040797
-0.130547 0.240659 0.068268
-0.114640 0.060080 0.095739
-0.098733 -0.120499 0.123210
-0.082827 -0.301077 0.150680
-0.066920 -0.481656 0.178151
-0.051013 -0.337765 0.205622
-0.035106 -0.157186 0.233093
-0.019200 0.023393 0.260564
-0.003293 0.203972 0.288035
0.012614 0.384550 0.315506
0.028615 0.566201 0.343140
0.044616 0.747851 0.370774
0.060617 0.929502 0.398407
0.076618 1.111152 0.426041
0.092619 1.292802 0.453675
0.108620 1.474452 0.481309
0.124621 1.656102 0.491057
0.140622 1.837752 0.463423
0.156624 2.019402 0.435789
0.172625 2.201053 0.408155
0.188720 2.383770 0.380359
0.204815 2.566487 0.352563
0.220909 2.749203 0.324767
0.237004 2.931920 0.296971
0.253099 3.114637 0.269175
0.269194 3.189236 0.241379
0.285289 3.006520 0.213583
0.301384 2.823803 0.185787
0.317479 2.641086 0.157991
0.333575 2.458369 0.130195
0.349763 2.274594 0.102238
0.365951 2.090818 0.074280
0.382139 1.907043 0.046323
0.398328 1.723267 0.018366
0.414516 1.539492 -0.009591
0.430704 1.355716 -0.037548
0.446893 1.171941 -0.065506
0.463081 0.988166 -0.093463
0.473621 0.856431 -0.141708
0.221886 0.932861 -0.271108
-0.031292 1.009729 -0.401250
-0.284470 1.086596 -0.468609
-0.462352 1.163464 -0.338468
-0.209174 1.240331 -0.208326
0.044003 1.317198 -0.078185
0.297181 1.394066 0.051956
0.449641 1.470933 0.182097
0.196463 1.547800 0.312239
-0.056715 1.624668 0.442380
-0.309893 1.701535 0.427479
-0.435495 1.778839 0.296600
-0.180883 1.856142 0.165721
0.073730 1.933446 0.034843
0.328342 2.010749 -0.096036
0.417046 2.088052 -0.226914
0.162433 2.165354 -0.357793
-0.092179 2.242657 -0.488672
-0.346791 2.319959 -0.380450
-0.398596 2.397262 -0.249571
-0.143984 2.474564 -0.118692
0.112055 2.552300 0.012919
0.368093 2.630037 0.144531
0.375868 2.707773 0.276143
0.203605 2.746496 0.342130
0.226818 2.694187 0.254994
0.250032 2.641878 0.167857
0.273246 2.589569 0.080721
0.296459 2.537260 -0.006416
0.319673 2.484951 -0.093552
0.342886 2.432642 -0.180689
0.366229 2.380042 -0.268308
0.389571 2.327442 -0.355928
0.412914 2.274842 -0.443547
0.436256 2.222242 -0.468834
0.459598 2.169642 -0.381214
0.482941 2.117042 -0.293595
0.493717 2.064442 -0.205975
0.470375 2.011842 -0.118356
0.447032 1.959243 -0.030737
0.423690 1.906643 0.056882
0.400220 1.853754 0.144982
0.376749 1.800866 0.233081
0.353279 1.747977 0.321181
0.329809 1.695089 0.409280
0.306339 1.642201 0.497380
0.282869 1.589312 0.414521
0.259398 1.536424 0.326421
0.235928 1.483536 0.238322
0.212458 1.430647 0.150222
0.188988 1.377759 0.062123
0.165390 1.324584 -0.026454
0.141793 1.271410 -0.115031
0.118196 1.218235 -0.203608
0.094598 1.165061 -0.292185
0.071001 1.111886 -0.380762
0.047403 1.058712 -0.469339
0.023806 1.005537 -0.442084
0.000209 0.952363 -0.353507
-0.023389 0.899188 -0.264930
-0.046986 0.846014 -0.176353
-0.070710 0.792554 -0.087301
-0.094434 0.739095 0.001751
-0.118158 0.685636 0.090802
-0.141882 0.632176 0.179854
-0.165605 0.578717 0.268906
-0.189329 0.525257 0.357958
-0.213053 0.471798 0.447010
-0.236777 0.418338 0.463939
-0.260501 0.364878 0.374887
-0.284225 0.311419 0.285835
-0.308075 0.257676 0.196311
-0.331924 0.203932 0.106787
-0.355774 0.150189 0.017262
-0.379624 0.096446 -0.072262
-0.403474 0.042702 -0.161786
-0.427324 -0.011041 -0.251310
-0.451174 -0.064784 -0.340835
-0.475024 -0.118527 -0.430359
-0.498874 -0.172271 -0.480116
-0.477276 -0.226014 -0.390592
-0.453301 -0.280039 -0.300598
-0.429326 -0.334065 -0.210603
-0.405351 -0.388090 -0.120609
-0.381376 -0.442115 -0.030615
-0.357401 -0.496141 0.059379
-0.333426 -0.449834 0.149374
-0.309451 -0.395809 0.239368
-0.285476 -0.341783 0.329362
-0.261501 -0.287758 0.419356
-0.237526 -0.233733 0.490649
-0.213426 -0.179426 0.400188
-0.189327 -0.125120 0.309726
-0.165227 -0.070814 0.219264
-0.141128 -0.016508 0.128803
-0.117028 0.037798 0.038341
-0.092929 0.092104 -0.052121
-0.068829 0.146410 -0.142583
-0.044730 0.200716 -0.233044
-0.020630 0.255022 -0.323506
0.003469 0.309328 -0.413968
0.027693 0.363913 -0.495105
0.051916 0.418499 -0.404179
0.076140 0.473084 -0.313252
0.100363 0.527669 -0.222325
0.124586 0.582255 -0.131398
0.148810 0.636840 -0.040471
0.173033 0.691425 0.050456
0.197257 0.746011 0.141383
0.221480 0.800596 0.232310
0.245704 0.855181 0.323236
0.270050 0.910044 0.414626
0.294397 0.964908 0.493985
0.318744 1.019771 0.402595
0.343091 1.074633 0.311206
0.367437 1.129496 0.219816
0.391784 1.184358 0.128427
0.416131 1.239220 0.037037
0.440477 1.294083 -0.054352
0.464824 1.348945 -0.145742
0.489171 1.403808 -0.237131
0.486360 1.458947 -0.328981
0.461891 1.514086 -0.420831
0.437422 1.569225 -0.487319
0.412952 1.624364 -0.395469
0.388483 1.679503 -0.303619
0.364014 1.734642 -0.211769
0.339545 1.789781 -0.119919
0.315076 1.844921 -0.028069
0.290606 1.900060 0.063781
0.266137 1.955199 0.155630
0.241546 2.010613 0.247939
0.216954 2.066026 0.340246
0.192363 2.121439 0.432554
0.167772 2.176853 0.475138
0.143180 2.232266 0.382830
0.118589 2.287679 0.290522
0.093997 2.343092 0.198214
0.069406 2.398506 0.105906
0.044815 2.453919 0.013598
