-0.202051 -0.170559 0.133056
-0.188625 -0.192599 0.133848
-0.175199 -0.214640 0.134641
-0.161774 -0.236681 0.135433
-0.148348 -0.258721 0.136225
-0.134922 -0.280762 0.137018
-0.121497 -0.302803 0.137810
-0.108071 -0.324843 0.138602
-0.094646 -0.346884 0.139394
-0.081220 -0.368924 0.140187
-0.067794 -0.390965 0.140979
-0.051352 -0.417959 0.141949
-0.034909 -0.444954 0.142920
-0.018466 -0.471948 0.143890
-0.002023 -0.498942 0.144860
0.014420 -0.474063 0.145831
0.030863 -0.448945 0.146801
0.047306 -0.475939 0.147772
0.063749 -0.497067 0.148742
0.080192 -0.470072 0.149712
0.096635 -0.443078 0.150683
0.115621 -0.411908 0.151803
0.134608 -0.380737 0.152924
0.153594 -0.349567 0.154044
0.172581 -0.343929 0.155165
0.191568 -0.375099 0.156285
0.210554 -0.406270 0.157406
0.229541 -0.437440 0.158527
0.248528 -0.468610 0.159647
0.267514 -0.499780 0.160768
0.286501 -0.469049 0.161888
0.307729 -0.434200 0.163141
0.328956 -0.399351 0.164394
0.350184 -0.364501 0.165647
0.371411 -0.329652 0.166900
0.392639 -0.294803 0.168153
0.413867 -0.316934 0.169406
0.435094 -0.351783 0.170659
0.456322 -0.386633 0.171911
0.477549 -0.421482 0.173164
0.498777 -0.456331 0.174417
0.477969 -0.494507 0.175790
0.454715 -0.467317 0.177162
0.431461 -0.429142 0.178534
0.408208 -0.390966 0.179907
0.384954 -0.352791 0.181279
0.361700 -0.314615 0.182652
0.338446 -0.276440 0.184024
0.315192 -0.285996 0.185396
0.291938 -0.324171 0.186769
0.268684 -0.362347 0.188141
0.243567 -0.403581 0.189624
0.218450 -0.444816 0.191106
0.193333 -0.486050 0.192588
0.168217 -0.472715 0.194071
0.143100 -0.431481 0.195553
0.117983 -0.390246 0.197035
0.092866 -0.349012 0.198518
0.067749 -0.307777 0.200000
0.042632 -0.266543 0.201482
0.017515 -0.225308 0.202965
-0.009336 -0.240043 0.204550
-0.036188 -0.284124 0.206134
-0.063039 -0.328206 0.207719
-0.089890 -0.372287 0.209304
-0.116741 -0.416369 0.210889
-0.143592 -0.460450 0.212473
-0.170443 -0.495468 0.214058
-0.197295 -0.451387 0.215643
-0.224146 -0.407305 0.217227
-0.250997 -0.363224 0.218812
-0.279477 -0.316468 0.220493
-0.307957 -0.269713 0.222174
-0.336437 -0.222958 0.223855
-0.364917 -0.176202 0.225536
-0.393397 -0.163474 0.227216
-0.421877 -0.210229 0.228897
-0.450357 -0.256985 0.230578
-0.478837 -0.303740 0.232259
-0.492683 -0.350496 0.233940
-0.464203 -0.397251 0.235621
-0.434183 -0.446535 0.237392
-0.404162 -0.495820 0.239164
-0.374142 -0.454896 0.240936
-0.344121 -0.405611 0.242708
-0.314101 -0.356327 0.244479
-0.284080 -0.307043 0.246251
-0.254060 -0.257758 0.248023
-0.224039 -0.208474 0.249795
-0.194019 -0.159189 0.251566
-0.163999 -0.109905 0.253338
-0.132513 -0.063697 0.255196
-0.101027 -0.115387 0.257055
-0.069541 -0.167077 0.258913
-0.038055 -0.218767 0.260771
-0.006570 -0.270457 0.262629
0.007333 -0.258413 0.268271
0.003652 -0.182635 0.277697
-0.000028 -0.106857 0.287122
-0.003709 -0.031079 0.296548
-0.007390 -0.074694 0.305973
-0.014294 -0.125815 0.323135
-0.033441 -0.064830 0.369566
-0.052588 -0.050642 0.415996
-0.071735 -0.111627 0.462427
-0.090882 -0.172611 0.491143
-0.111991 -0.234992 0.451540
-0.135061 -0.298767 0.418765
-0.158131 -0.362543 0.385990
-0.181201 -0.426318 0.353215
-0.204271 -0.490094 0.320441
-0.228283 -0.443527 0.286327
-0.252295 -0.377147 0.252214
-0.276307 -0.310767 0.218101
-0.300319 -0.244387 0.183988
-0.324331 -0.178007 0.149875
-0.348343 -0.111627 0.115761
-0.372355 -0.045248 0.081648
-0.396367 0.021132 0.047535
-0.420379 -0.030352 0.013422
-0.444391 -0.096732 -0.020691
-0.469310 -0.165618 -0.056092
-0.494229 -0.234503 -0.091493
-0.480853 -0.303389 -0.126894
-0.455934 -0.372275 -0.162295
-0.431015 -0.441160 -0.197696
-0.406097 -0.489954 -0.233097
-0.381178 -0.421068 -0.268498
-0.356260 -0.352183 -0.303899
-0.331341 -0.283297 -0.339300
-0.306422 -0.214411 -0.374701
-0.280629 -0.143108 -0.411344
-0.254836 -0.071805 -0.447988
-0.229043 -0.000501 -0.484631
-0.203250 -0.014785 -0.478725
-0.177457 -0.086088 -0.442082
-0.151664 -0.157391 -0.405438
-0.125871 -0.228694 -0.368795
-0.103004 -0.302109 -0.333955
-0.106476 -0.394526 -0.315350
-0.109949 -0.486943 -0.296745
-0.113535 -0.417609 -0.277529
-0.117121 -0.322161 -0.258313
-0.120707 -0.226713 -0.239098
-0.124293 -0.131265 -0.219882
-0.127879 -0.035817 -0.200667
-0.131465 0.059631 -0.181451
-0.135051 0.035967 -0.162236
-0.138637 -0.059481 -0.143020
-0.142224 -0.154929 -0.123805
-0.145810 -0.250377 -0.104589
-0.149506 -0.348762 -0.084782
-0.153203 -0.447148 -0.064976
-0.156899 -0.454466 -0.045169
-0.160596 -0.356081 -0.025362
-0.164292 -0.257695 -0.005555
-0.167989 -0.159310 0.014252
-0.171685 -0.060924 0.034059
-0.175382 0.037461 0.053866
-0.179078 0.097609 0.073673
-0.182775 -0.000777 0.093480
-0.186579 -0.102015 0.113861
-0.190382 -0.203253 0.134242
-0.194186 -0.304491 0.154623
-0.197990 -0.405729 0.175004
-0.201793 -0.493034 0.195385
-0.205597 -0.391796 0.215766
-0.209401 -0.290558 0.236147
-0.213204 -0.189320 0.256528
-0.217008 -0.088082 0.276910
-0.220812 0.013156 0.297291
-0.224720 0.117168 0.318230
-0.228628 0.116698 0.339170
-0.232536 0.012686 0.360110
-0.236444 -0.091326 0.381050
-0.240352 -0.195338 0.401989
-0.244260 -0.299350 0.422929
-0.248168 -0.403362 0.443869
-0.252075 -0.492626 0.464808
-0.255983 -0.388614 0.485748
-0.259891 -0.284602 0.493312
-0.263901 -0.177888 0.471829
-0.267910 -0.071174 0.450345
-0.271919 0.035540 0.428861
-0.275929 0.142254 0.407378
-0.279938 0.217667 0.385894
-0.283947 0.110953 0.364411
-0.287957 0.004239 0.342927
-0.291966 -0.102475 0.321443
-0.267385 -0.097955 0.311867
-0.223744 -0.019279 0.310229
-0.179025 0.061340 0.308550
-0.134307 0.141959 0.306871
-0.089588 0.222578 0.305192
-0.044869 0.303197 0.303514
-0.000150 0.383816 0.301835
0.044568 0.343039 0.300156
0.089287 0.262420 0.298477
0.134006 0.181801 0.296799
0.178724 0.101182 0.295120
0.223443 0.020563 0.293441
0.269214 -0.061953 0.291723
0.314985 -0.144469 0.290005
0.360756 -0.226985 0.288287
0.406527 -0.309501 0.286569
0.452298 -0.392017 0.284851
0.498069 -0.474533 0.283132
0.456160 -0.442950 0.281414
0.410389 -0.360434 0.279696
0.364618 -0.277918 0.277978
0.318847 -0.195402 0.276260
0.272047 -0.111031 0.274503
0.225247 -0.026661 0.272746
0.178447 0.057710 0.270990
0.131648 0.142081 0.269233
0.084848 0.226451 0.267476
0.038048 0.310822 0.265719
-0.008752 0.395193 0.263962
-0.055552 0.440112 0.262205
-0.102351 0.355741 0.260448
-0.149151 0.271370 0.258692
-0.196957 0.185185 0.256897
-0.244764 0.099000 0.255102
-0.292570 0.012814 0.253308
-0.340376 -0.073371 0.251513
-0.388182 -0.159556 0.249718
-0.435989 -0.245742 0.247923
-0.483795 -0.331927 0.246129
-0.468399 -0.418112 0.244334
-0.420593 -0.495702 0.242539
-0.372787 -0.409517 0.240745
-0.323995 -0.321555 0.238913
-0.275202 -0.233592 0.237081
-0.226410 -0.145630 0.235250
-0.177618 -0.057667 0.233418
-0.128826 0.030296 0.231586
-0.080034 0.118258 0.229755
-0.031242 0.206221 0.227923
0.017550 0.294183 0.226091
0.066342 0.382146 0.224260
0.115134 0.470108 0.222428
0.164893 0.447756 0.220560
0.214651 0.358051 0.218692
0.264410 0.268347 0.216825
0.314168 0.178643 0.214957
0.363927 0.088938 0.213089
0.413685 -0.000767 0.211221
0.463444 -0.090471 0.209353
0.486798 -0.180176 0.207485
0.437039 -0.269880 0.205617
0.387280 -0.359585 0.203750
0.336574 -0.450998 0.201846
0.285868 -0.457589 0.199943
0.235162 -0.366176 0.198039
0.184455 -0.274762 0.196136
0.133749 -0.183349 0.194232
0.083043 -0.091936 0.192329
0.032337 -0.000522 0.190425
-0.018370 0.090891 0.188522
-0.069076 0.182304 0.186618
-0.119782 0.273718 0.184715
-0.171419 0.366809 0.182776
-0.223056 0.459899 0.180838
-0.274692 0.552990 0.178899
-0.326329 0.600226 0.176961
-0.377966 0.507136 0.175022
-0.429602 0.414045 0.173084
-0.481239 0.320954 0.171145
-0.467124 0.227863 0.169207
-0.415488 0.134773 0.167268
-0.363851 0.041682 0.165330
-0.311300 -0.053057 0.163357
-0.258749 -0.147795 0.161384
-0.206199 -0.242534 0.159412
-0.153648 -0.337273 0.157439
-0.101097 -0.432011 0.155466
-0.048546 -0.473250 0.153493
0.004004 -0.378512 0.151521
0.056555 -0.283773 0.149548
0.109106 -0.189034 0.147575
0.161656 -0.094296 0.145602
0.215106 0.002062 0.143596
0.268555 0.098420 0.141589
0.322004 0.194779 0.139583
0.375453 0.291137 0.137576
0.428902 0.387495 0.135570
0.482351 0.483853 0.133564
0.464200 0.580211 0.131557
0.410751 0.676569 0.129551
0.357302 0.772927 0.127544
0.303854 0.776988 0.125538
0.249521 0.679037 0.123498
0.195188 0.581086 0.121459
0.140856 0.483136 0.119419
0.086523 0.385185 0.117379
0.032190 0.287234 0.115340
-0.022142 0.189283 0.113300
-0.076475 0.091332 0.111261
-0.130807 -0.006619 0.109221
-0.185140 -0.104570 0.107181
-0.239473 -0.202521 0.105142
-0.294675 -0.302039 0.103070
-0.349877 -0.401558 0.100997
-0.405078 -0.498924 0.098925
-0.460280 -0.399406 0.096853
-0.484518 -0.299887 0.094780
-0.429316 -0.200369 0.092708
-0.374114 -0.100851 0.090636
-0.318912 -0.001333 0.088563
-0.263710 0.098186 0.086491
-0.208508 0.197704 0.084419
-0.152450 0.298765 0.082314
-0.096392 0.399826 0.080210
-0.040334 0.500888 0.078106
0.015724 0.601949 0.076001
0.071781 0.703010 0.073897
0.127839 0.804072 0.071792
0.183897 0.759546 0.069688
0.239955 0.658485 0.067583
0.296013 0.557423 0.065479
0.352071 0.456362 0.063375
0.408972 0.353781 0.061239
0.465873 0.251200 0.059103
0.477226 0.148618 0.056966
0.420325 0.046037 0.054830
0.363424 -0.056544 0.052694
0.306523 -0.159125 0.050558
0.249622 -0.261706 0.048422
0.192722 -0.364287 0.046286
0.135821 -0.466868 0.044150
0.078920 -0.430551 0.042014
0.021188 -0.326472 0.039847
-0.036543 -0.222394 0.037680
-0.094275 -0.118315 0.035512
-0.152007 -0.014236 0.033345
-0.209738 0.089842 0.031178
-0.267470 0.193921 0.029011
-0.325201 0.298000 0.026844
-0.382933 0.402078 0.024676
-0.440664 0.506157 0.022509
-0.498396 0.610236 0.020342
-0.443053 0.715791 0.018144
-0.384503 0.821346 0.015946
-0.325952 0.874560 0.013748
-0.267402 0.769005 0.011550
-0.208851 0.663450 0.009352
-0.150301 0.557895 0.007154
-0.091750 0.452340 0.004956
-0.033200 0.346785 0.002758
0.025351 0.241230 0.000560
0.083901 0.135674 -0.001638
0.143260 0.028663 -0.003866
0.202618 -0.078348 -0.006094
0.261976 -0.185359 -0.008323
0.321334 -0.292370 -0.010551
0.380692 -0.399381 -0.012779
0.440051 -0.493609 -0.015008
0.499409 -0.386598 -0.017236
0.441233 -0.279587 -0.019464
0.381875 -0.172576 -0.021692
0.322517 -0.065565 -0.023921
0.262362 0.042883 -0.026179
0.202207 0.151330 -0.028437
0.142052 0.259778 -0.030695
0.081897 0.368225 -0.032953
0.021742 0.476673 -0.035212
-0.038413 0.585120 -0.037470
-0.098568 0.693568 -0.039728
-0.158723 0.802016 -0.041986
-0.218878 0.910463 -0.044244
-0.279033 1.018911 -0.046503
-0.339974 0.984411 -0.048790
-0.400916 0.874546 -0.051078
-0.461857 0.764681 -0.053366
-0.477202 0.654816 -0.055654
-0.416261 0.544951 -0.057941
-0.355319 0.435086 -0.060229
-0.294378 0.325221 -0.062517
-0.233437 0.215356 -0.064805
-0.172496 0.105491 -0.067092
-0.111554 -0.004374 -0.069380
-0.049837 -0.115639 -0.071697
0.011881 -0.226904 -0.074014
0.073599 -0.338169 -0.076330
0.135317 -0.449434 -0.078647
0.197034 -0.439301 -0.080964
0.258752 -0.328037 -0.083281
0.320469 -0.216772 -0.085598
0.382187 -0.105507 -0.087915
0.443905 0.005758 -0.090231
0.494378 0.117023 -0.092548
0.431893 0.229670 -0.094894
0.369409 0.342317 -0.097240
0.306924 0.454964 -0.099585
0.244440 0.567611 -0.101931
0.181955 0.680258 -0.104277
0.119471 0.792904 -0.106622
0.056987 0.905551 -0.108968
-0.005498 1.018198 -0.111314
-0.067982 0.972014 -0.113659
-0.130467 0.859367 -0.116005
-0.193709 0.745355 -0.118379
-0.256950 0.631343 -0.120753
-0.320192 0.517330 -0.123127
-0.383434 0.403318 -0.125501
-0.446676 0.289305 -0.127875
-0.490083 0.175293 -0.130249
-0.426841 0.061280 -0.132623
-0.363599 -0.052732 -0.134997
-0.300357 -0.166745 -0.137371
-0.237116 -0.280757 -0.139745
-0.173125 -0.396119 -0.142148
-0.109135 -0.488519 -0.144550
-0.045145 -0.373158 -0.146952
0.018845 -0.257796 -0.149354
0.082836 -0.142434 -0.151757
0.146826 -0.027072 -0.154159
0.210816 0.088290 -0.156561
0.274806 0.203651 -0.158963
0.338797 0.319013 -0.161365
0.402787 0.434375 -0.163768
0.467517 0.551071 -0.166198
0.467753 0.667766 -0.168627
0.403023 0.784462 -0.171057
0.338293 0.901158 -0.173487
0.273563 1.017854 -0.175917
0.208833 1.134549 -0.178347
0.144103 1.147314 -0.180777
0.079373 1.030619 -0.183207
0.014643 0.913924 -0.185637
-0.050088 0.797228 -0.188067
-0.115549 0.679214 -0.190524
-0.181011 0.561199 -0.192982
-0.246078 0.446802 -0.186770
-0.310555 0.337828 -0.167554
-0.375032 0.228855 -0.148338
-0.439508 0.119882 -0.129123
-0.496015 0.010908 -0.109907
-0.431538 -0.098065 -0.090691
-0.367062 -0.207038 -0.071476
-0.302585 -0.316011 -0.052260
-0.237396 -0.426189 -0.032832
-0.172207 -0.463634 -0.013404
-0.107018 -0.353456 0.006024
-0.041829 -0.243279 0.025452
0.023360 -0.133102 0.044880
0.088549 -0.022924 0.064308
0.153738 0.087253 0.083736
0.218927 0.197431 0.103164
0.284116 0.307608 0.122592
0.349305 0.417785 0.142020
0.415199 0.529154 0.161659
0.481093 0.640522 0.181297
0.453013 0.751891 0.200935
0.387119 0.863259 0.220573
0.321225 0.974627 0.240211
0.255332 1.085996 0.259849
0.189438 1.197365 0.279487
0.123544 1.308734 0.299125
0.057650 1.275599 0.318763
-0.008244 1.164230 0.338401
-0.074835 1.051683 0.358247
-0.141426 0.939136 0.378093
-0.208017 0.826589 0.397939
-0.274608 0.714041 0.417785
-0.341199 0.601494 0.437631
-0.407791 0.488947 0.457476
-0.474382 0.376400 0.477322
-0.459027 0.263853 0.497168
-0.392436 0.151306 0.482986
-0.325845 0.038759 0.463140
-0.258564 -0.074955 0.443088
-0.191282 -0.188668 0.423036
-0.124001 -0.302382 0.402985
-0.056720 -0.416095 0.382933
0.010561 -0.470191 0.362882
0.077843 -0.356478 0.342830
0.145124 -0.242765 0.322778
0.212405 -0.129051 0.302727
0.279686 -0.015338 0.282675
0.346967 0.098376 0.262624
0.414932 0.213244 0.242369
0.482896 0.328111 0.222113
0.449140 0.442979 0.201858
0.381176 0.557847 0.181603
0.313212 0.672715 0.161348
0.245247 0.787583 0.141093
0.177283 0.902450 0.120838
0.109319 1.017318 0.100582
0.041354 1.132186 0.080327
-0.026610 1.247053 0.060072
-0.095250 1.363064 0.039615
-0.163891 1.479075 0.019159
-0.232532 1.468553 -0.001298
-0.301172 1.352542 -0.021755
-0.369813 1.236531 -0.042211
-0.438454 1.120521 -0.062668
-0.492906 1.004510 -0.083125
-0.424265 0.888499 -0.103581
-0.355624 0.772488 -0.124038
-0.286984 0.656477 -0.144495
-0.217673 0.539334 -0.165151
-0.275903 0.563210 -0.255538
-0.334132 0.587086 -0.345925
-0.392361 0.610962 -0.436312
-0.450590 0.634838 -0.473301
-0.491180 0.658713 -0.382915
-0.432951 0.682589 -0.292528
-0.374722 0.706465 -0.202141
-0.316492 0.730341 -0.111754
-0.258263 0.754217 -0.021367
-0.199477 0.778321 0.069885
-0.140690 0.802426 0.161137
-0.081903 0.826531 0.252389
-0.023117 0.850636 0.343641
0.035670 0.874740 0.434893
0.094456 0.898845 0.473855
0.153243 0.922950 0.382603
0.212029 0.947054 0.291351
0.270816 0.971159 0.200099
0.201409 0.883888 0.234655
0.131351 0.795798 0.269535
0.061293 0.707708 0.304415
-0.008766 0.619617 0.339295
-0.078824 0.531527 0.374175
-0.148882 0.443437 0.409055
-0.218941 0.355347 0.443935
-0.288999 0.267256 0.478815
-0.359058 0.179166 0.486305
-0.429116 0.091075 0.451425
-0.499175 0.002985 0.416545
-0.430121 -0.085917 0.381343
-0.359417 -0.174820 0.346142
-0.288713 -0.263722 0.310940
-0.218009 -0.352624 0.275739
-0.147305 -0.441527 0.240537
-0.076601 -0.469571 0.205336
-0.005896 -0.380668 0.170134
0.064808 -0.291766 0.134933
0.135512 -0.202864 0.099731
0.206216 -0.113961 0.064530
0.277560 -0.024254 0.029010
0.348904 0.065452 -0.006510
0.420248 0.155159 -0.042030
0.491592 0.244866 -0.077550
0.437064 0.334573 -0.113071
0.365720 0.424280 -0.148591
0.294376 0.513987 -0.184111
0.223032 0.603693 -0.219631
0.151688 0.693400 -0.255151
0.080344 0.783107 -0.290671
0.008366 0.873611 -0.326507
-0.063612 0.964116 -0.362343
-0.135590 1.054620 -0.398178
-0.207569 1.145125 -0.434014
-0.279547 1.235630 -0.469850
-0.351525 1.326135 -0.494314
-0.423503 1.416640 -0.458478
-0.495480 1.507145 -0.422643
-0.432542 1.597650 -0.386807
-0.360564 1.688154 -0.350971
-0.287957 1.779450 -0.314822
-0.215350 1.802480 -0.278674
-0.301113 1.734846 -0.239358
-0.492457 1.682988 -0.197931
-0.316200 1.631130 -0.156504
-0.124856 1.579271 -0.115077
0.066487 1.527413 -0.073651
0.257831 1.475554 -0.032224
0.449174 1.423696 0.009203
0.359483 1.371837 0.050630
0.166497 1.319533 0.092412
-0.026489 1.267229 0.134195
-0.219475 1.214925 0.175977
-0.412461 1.162620 0.217760
-0.394553 1.110316 0.259542
-0.201567 1.058012 0.301325
-0.008581 1.005708 0.343107
0.184405 0.953403 0.384890
0.377391 0.901099 0.426672
0.429624 0.848795 0.468455
0.235009 0.796049 0.489410
0.040395 0.743304 0.447275
-0.154220 0.690559 0.405140
-0.348834 0.637813 0.363005
-0.456551 0.585068 0.320869
-0.261936 0.532323 0.278734
-0.067322 0.479577 0.236599
0.127293 0.426832 0.194464
0.321907 0.374086 0.152329
0.483478 0.321340 0.110194
0.287249 0.268157 0.067709
0.091019 0.214974 0.025224
-0.105210 0.161791 -0.017260
-0.301440 0.108607 -0.059745
-0.497670 0.055424 -0.102230
-0.306101 0.002241 -0.144715
-0.109871 -0.050942 -0.187199
0.086358 -0.104126 -0.229684
0.282588 -0.157309 -0.272169
0.478817 -0.210492 -0.314653
0.323351 -0.264110 -0.357485
0.125520 -0.317727 -0.400317
-0.072312 -0.371344 -0.443148
-0.270143 -0.424962 -0.485980
-0.467975 -0.478579 -0.471189
-0.334194 -0.467803 -0.428357
-0.136362 -0.414186 -0.385526
0.061469 -0.360569 -0.342694
0.259301 -0.306951 -0.299862
0.457132 -0.253334 -0.257031
0.343447 -0.199286 -0.213855
0.144027 -0.145238 -0.170680
-0.055394 -0.091190 -0.127504
-0.254814 -0.037142 -0.084329
-0.454235 0.016907 -0.041153
-0.346345 0.070955 0.002023
-0.146925 0.125003 0.045198
0.052496 0.179051 0.088374
0.251916 0.233099 0.131549
0.451337 0.287147 0.174725
0.347666 0.341622 0.218242
0.146669 0.396098 0.261759
-0.054328 0.450573 0.305275
-0.255325 0.505048 0.348792
-0.456322 0.559524 0.392309
-0.342681 0.613999 0.435826
-0.141684 0.668474 0.479342
0.059313 0.722949 0.477141
0.260310 0.777424 0.433624
0.461307 0.831899 0.390107
0.336132 0.886798 0.346252
0.133571 0.941698 0.302396
-0.068991 0.996597 0.258540
-0.271552 1.051497 0.214685
-0.474113 1.106396 0.170829
-0.323326 1.161296 0.126974
-0.120764 1.216195 0.083118
0.081797 1.271094 0.039263
0.284358 1.325994 -0.004593
0.486919 1.380893 -0.048449
0.308967 1.436214 -0.092640
0.231024 1.467119 -0.132764
0.447478 1.441058 -0.163396
0.336067 1.414996 -0.194028
0.119613 1.388935 -0.224660
-0.096842 1.362873 -0.255292
-0.313296 1.336812 -0.285924
-0.470250 1.310750 -0.316556
-0.253796 1.284689 -0.347188
-0.037341 1.258627 -0.377820
0.180747 1.232369 -0.408683
0.398835 1.206111 -0.439547
0.383077 1.179852 -0.470410
0.164989 1.153594 -0.498727
-0.053099 1.127336 -0.467864
-0.271187 1.101078 -0.437000
-0.489275 1.074819 -0.406137
-0.292637 1.048561 -0.375274
-0.074549 1.022303 -0.344410
0.143539 0.996045 -0.313547
0.363249 0.969591 -0.282454
0.417042 0.943137 -0.251362
0.197332 0.916684 -0.220269
-0.022378 0.890230 -0.189176
-0.242087 0.863776 -0.158083
-0.461797 0.837322 -0.126990
-0.318494 0.810869 -0.095898
-0.098784 0.784415 -0.064805
0.120925 0.757961 -0.033712
0.340635 0.731507 -0.002620
0.438046 0.704860 0.028701
0.216727 0.678213 0.060021
-0.004592 0.651565 0.091342
-0.225912 0.624918 0.122662
-0.447231 0.598270 0.153983
-0.331450 0.571623 0.185303
-0.110131 0.544975 0.216624
0.111188 0.518328 0.247944
0.332508 0.491680 0.279265
0.446173 0.465033 0.310585
0.223256 0.438193 0.342132
0.000339 0.411353 0.373678
-0.222578 0.384513 0.405225
-0.445495 0.357673 0.436772
-0.331587 0.330833 0.468318
-0.108670 0.303993 0.499865
0.114247 0.277153 0.468588
0.337164 0.250313 0.437042
0.439919 0.223473 0.405495
0.217001 0.196634 0.373948
-0.007502 0.169603 0.342177
-0.232006 0.142572 0.310406
-0.456510 0.115541 0.278635
-0.318986 0.088510 0.246864
-0.094483 0.061479 0.215093
0.130021 0.034448 0.183322
0.354525 0.007418 0.151550
0.420971 -0.019613 0.119779
0.196467 -0.046644 0.088008
-0.028036 -0.073675 0.056237
-0.254116 -0.100896 0.024243
-0.480195 -0.128116 -0.007751
-0.293726 -0.155337 -0.039746
-0.067647 -0.182557 -0.071740
0.085423 -0.227494 -0.072371
0.165483 -0.290146 -0.041639
0.245543 -0.352798 -0.010907
0.325603 -0.415450 0.019824
0.405662 -0.478103 0.050556
0.485722 -0.459245 0.081288
0.433664 -0.396159 0.112233
0.353050 -0.333073 0.143177
0.272437 -0.269988 0.174122
0.191823 -0.206902 0.205066
0.111209 -0.143816 0.236011
0.030595 -0.080730 0.266955
-0.050019 -0.017644 0.297899
-0.130633 0.045442 0.328844
-0.211247 0.108527 0.359788
-0.291861 0.171613 0.390732
-0.373025 0.235130 0.421888
-0.454189 0.298646 0.453044
-0.464646 0.362163 0.484199
-0.383482 0.425679 0.484645
-0.302318 0.489196 0.453489
-0.221154 0.552712 0.422334
-0.139989 0.616229 0.391178
-0.058825 0.679745 0.360022
0.022339 0.743262 0.328867
0.103503 0.806778 0.297711
0.185214 0.870723 0.266346
0.266925 0.934667 0.234980
0.348636 0.998612 0.203615
0.430346 1.062556 0.172249
0.487943 1.126499 0.140884
0.406232 1.190443 0.109518
0.324521 1.254387 0.078153
0.242810 1.318331 0.046787
0.161099 1.382275 0.015422
0.079389 1.446219 -0.015944
-0.002865 1.510588 -0.047518
-0.085119 1.574958 -0.079091
-0.167373 1.639327 -0.110665
-0.249626 1.703696 -0.142239
-0.331880 1.768066 -0.173813
-0.414134 1.832435 -0.205387
-0.496388 1.896805 -0.236961
-0.421359 1.961174 -0.268535
-0.339105 2.025543 -0.300109
-0.256851 2.089911 -0.331683
-0.174058 2.154702 -0.363463
-0.091265 2.219492 -0.395244
-0.008472 2.284282 -0.427025
0.074321 2.349072 -0.458806
0.157114 2.413863 -0.490587
0.239908 2.478653 -0.477632
0.322701 2.543443 -0.445851
0.405494 2.608233 -0.414070
0.488287 2.673024 -0.382289
0.428920 2.661445 -0.350508
0.345590 2.596235 -0.318522
0.262261 2.531025 -0.286535
0.178932 2.465815 -0.254549
0.095604 2.400605 -0.222562
0.012275 2.335395 -0.190576
-0.071054 2.270185 -0.158589
-0.154383 2.204976 -0.126602
-0.237712 2.139766 -0.094615
-0.321041 2.074556 -0.062629
-0.404370 2.009346 -0.030642
-0.488232 1.943719 0.001549
-0.427907 1.878092 0.033740
-0.344046 1.812465 0.065931
-0.260184 1.746838 0.098122
-0.176323 1.681211 0.130313
-0.092461 1.615583 0.162504
-0.008600 1.549956 0.194695
0.075262 1.484329 0.226887
0.159123 1.418702 0.259078
0.242985 1.353075 0.291269
0.327375 1.287034 0.323663
0.411766 1.220994 0.356057
0.496157 1.154953 0.388451
0.419453 1.088912 0.420846
0.335062 1.022871 0.453240
0.250672 0.956830 0.485634
0.166281 0.890789 0.481972
0.081891 0.824747 0.449578
-0.002500 0.758706 0.417183
-0.086891 0.692665 0.384789
-0.171807 0.626212 0.352193
-0.256723 0.559759 0.319597
-0.341640 0.493307 0.287001
-0.426556 0.426854 0.254405
-0.488528 0.360401 0.221809
-0.403611 0.293948 0.189213
-0.318695 0.227495 0.156617
-0.233779 0.161042 0.124021
-0.148862 0.094590 0.091425
-0.063946 0.028137 0.058829
0.021493 -0.038725 0.026033
0.106932 -0.105587 -0.006764
0.192371 -0.172448 -0.039561
0.191752 -0.171457 -0.039610
0.105076 -0.102613 -0.006913
0.018399 -0.033768 0.025784
-0.068277 0.035076 0.058481
-0.154953 0.103921 0.091179
-0.241630 0.172765 0.123876
-0.328306 0.241610 0.156573
-0.415509 0.310873 0.189469
-0.497288 0.380136 0.222365
-0.410085 0.449399 0.255261
-0.322882 0.518662 0.288157
-0.235679 0.587925 0.321053
-0.148476 0.657188 0.353949
-0.061272 0.726451 0.386845
0.025931 0.795714 0.419741
0.113134 0.864977 0.452638
0.200337 0.934240 0.485534
0.288064 1.003919 0.481373
0.375791 1.073598 0.448279
0.463518 1.143277 0.415185
0.448755 1.212956 0.382092
0.361028 1.282635 0.348998
0.273301 1.352314 0.315904
0.185574 1.421993 0.282811
0.097847 1.491672 0.249717
0.010120 1.561351 0.216623
-0.077607 1.631030 0.183530
-0.165855 1.701123 0.150240
-0.254103 1.771215 0.116950
-0.342350 1.841308 0.083660
-0.430598 1.911401 0.050370
-0.481154 1.981493 0.017080
-0.392907 2.051586 -0.016210
-0.304659 2.121679 -0.049500
-0.216411 2.191771 -0.082790
-0.128164 2.261864 -0.116080
-0.039916 2.331957 -0.149370
0.048849 2.402459 -0.182855
0.137614 2.472962 -0.216341
0.226379 2.543465 -0.249826
0.315145 2.613968 -0.283311
0.403910 2.684470 -0.316797
0.492675 2.754973 -0.350282
0.418559 2.825476 -0.383767
0.329794 2.895979 -0.417252
0.241029 2.966481 -0.450738
0.152264 3.036984 -0.484223
0.062984 3.107897 -0.482098
-0.026296 3.178810 -0.448418
-0.115576 3.159610 -0.414739
-0.204855 3.088697 -0.381060
-0.294135 3.017784 -0.347380
-0.383415 2.946872 -0.313701
-0.472695 2.875959 -0.280022
-0.438026 2.805046 -0.246343
-0.348746 2.734133 -0.212663
-0.259466 2.663220 -0.178984
-0.169675 2.591902 -0.145111
-0.079883 2.520584 -0.111239
0.009908 2.449266 -0.077367
0.099699 2.377948 -0.043494
0.189491 2.306629 -0.009622
0.279282 2.235311 0.024250
0.369074 2.163993 0.058123
0.458865 2.092675 0.091995
0.451343 2.021357 0.125867
0.361552 1.950039 0.159740
0.271252 1.878316 0.193804
0.180952 1.806594 0.227868
0.090652 1.734872 0.261932
0.000351 1.663150 0.295997
-0.089949 1.591427 0.330061
-0.180249 1.519705 0.364126
-0.270549 1.447983 0.398190
-0.360849 1.376261 0.432254
-0.451149 1.304538 0.466319
-0.458551 1.232816 0.499617
-0.367744 1.160691 0.465362
-0.276938 1.088566 0.431107
-0.186132 1.016440 0.396852
-0.095326 0.944316 0.362597
-0.004520 0.872191 0.328342
0.086286 0.800066 0.294087
0.177092 0.727942 0.259831
0.267898 0.655817 0.225576
0.358704 0.583693 0.191321
0.449510 0.511568 0.157066
0.459180 0.439044 0.122621
0.367871 0.366520 0.088176
0.276562 0.293995 0.053732
0.185253 0.221471 0.019287
0.093944 0.148947 -0.015158
0.002634 0.076423 -0.049603
-0.088675 0.003898 -0.084048
-0.179984 -0.068626 -0.118493
-0.109183 -0.058955 -0.153844
-0.020370 -0.040151 -0.189297
0.068929 -0.021245 -0.224943
0.158229 -0.002338 -0.260590
0.247529 0.016569 -0.296236
0.336828 0.035476 -0.331883
0.426128 0.054382 -0.367529
0.484572 0.073289 -0.403176
0.395273 0.092196 -0.438822
0.305973 0.111102 -0.474469
0.216673 0.130009 -0.489884
0.127374 0.148916 -0.454238
0.037590 0.167925 -0.418398
-0.052193 0.186934 -0.382559
-0.141977 0.205943 -0.346719
-0.231761 0.224952 -0.310879
-0.321544 0.243961 -0.275039
-0.411328 0.262970 -0.239200
-0.498888 0.281979 -0.203360
-0.409105 0.300989 -0.167520
-0.319321 0.319998 -0.131681
-0.229537 0.339007 -0.095841
-0.139272 0.358118 -0.059809
-0.049007 0.377229 -0.023777
0.041258 0.396340 0.012255
0.131523 0.415451 0.048287
0.221788 0.434562 0.084318
0.312052 0.453673 0.120350
0.402317 0.472784 0.156382
0.492582 0.491895 0.192414
0.417153 0.511006 0.228446
0.326888 0.530117 0.264478
0.236144 0.549330 0.300701
0.145400 0.568542 0.336924
0.054656 0.587754 0.373147
-0.036088 0.606967 0.409370
-0.126832 0.626179 0.445593
-0.217576 0.645391 0.481816
-0.308320 0.664604 0.481961
-0.399064 0.683816 0.445739
-0.489807 0.703028 0.409516
-0.419449 0.722241 0.373293
-0.328229 0.741554 0.336880
-0.237008 0.760867 0.300467
-0.145788 0.780180 0.264053
-0.054568 0.799493 0.227640
0.036652 0.818806 0.191227
0.127873 0.838119 0.154814
0.219093 0.857432 0.118401
0.310313 0.876746 0.081987
0.401533 0.896059 0.045574
0.492753 0.915372 0.009161
0.415553 0.934786 -0.027441
0.323859 0.954199 -0.064044
0.232165 0.973613 -0.100646
0.140470 0.993027 -0.137248
0.048776 1.012441 -0.173851
-0.042918 1.031854 -0.210453
-0.134612 1.051267 -0.247055
-0.226306 1.070680 -0.283658
-0.318000 1.090093 -0.320260
-0.409694 1.109507 -0.356862
-0.498141 1.129020 -0.393653
-0.405975 1.148533 -0.430444
-0.313810 1.168047 -0.467234
-0.221644 1.187560 -0.495975
-0.129479 1.207074 -0.459184
-0.037313 1.226587 -0.422394
0.054852 1.246100 -0.385603
0.147018 1.265614 -0.348812
0.239183 1.285127 -0.312022
0.331349 1.304640 -0.275231
0.423983 1.324253 -0.238253
0.483382 1.343865 -0.201275
0.390747 1.363477 -0.164298
0.298113 1.383090 -0.127320
0.205478 1.402702 -0.090342
0.112844 1.422314 -0.053364
0.020209 1.441927 -0.016387
-0.072425 1.461539 0.020591
-0.165060 1.481151 0.057569
-0.257695 1.500764 0.094547
-0.350796 1.520475 0.131711
-0.443897 1.540186 0.168875
-0.463002 1.559897 0.206039
-0.369900 1.579609 0.243203
-0.276799 1.599320 0.280367
-0.183698 1.619031 0.317531
-0.090597 1.638742 0.354695
0.002505 1.658454 0.391859
0.095606 1.678165 0.429024
0.188707 1.697876 0.466188
0.282273 1.717686 0.496463
0.375838 1.737496 0.459113
0.469404 1.757307 0.421764
0.437031 1.777117 0.384415
0.343465 1.796927 0.347065
0.249899 1.816737 0.309716
0.156334 1.836547 0.272366
0.062768 1.856358 0.235017
-0.030797 1.876168 0.197667
