-0.213373 0.188935 -0.116173
-0.190369 0.188010 -0.104485
-0.167365 0.187084 -0.092796
-0.148134 0.166556 -0.084005
-0.162861 0.012711 -0.101294
-0.177587 -0.136290 -0.118584
-0.161941 -0.223809 -0.130428
-0.133278 -0.277599 -0.139940
-0.104615 -0.304344 -0.149452
-0.075952 -0.335075 -0.158963
-0.047289 -0.364531 -0.168475
-0.012184 -0.384643 -0.180124
-0.000982 -0.401164 -0.167610
-0.025635 -0.432139 -0.118852
-0.050288 -0.449760 -0.070093
-0.018828 -0.462562 -0.113465
0.012632 -0.475189 -0.156837
0.036293 -0.482085 -0.183267
0.028758 -0.466051 -0.141930
0.021223 -0.450018 -0.100592
0.013688 -0.433985 -0.059255
0.004988 -0.415471 -0.011522
-0.003712 -0.396957 0.036210
-0.012413 -0.378443 0.083943
-0.021113 -0.359929 0.131675
-0.029814 -0.341416 0.179408
-0.038514 -0.322902 0.227140
-0.047215 -0.310473 0.274873
-0.055915 -0.328987 0.322605
-0.046651 -0.331776 0.271541
-0.035391 -0.332817 0.209500
-0.022803 -0.333981 0.140135
-0.010214 -0.335145 0.070771
0.002375 -0.336309 0.001406
0.014964 -0.337473 -0.067958
0.027553 -0.338637 -0.137323
0.040141 -0.339801 -0.206687
0.052730 -0.340965 -0.276052
0.065319 -0.342130 -0.345416
0.077908 -0.343294 -0.414781
0.090497 -0.344458 -0.484146
0.104287 -0.345733 -0.439869
0.118077 -0.347008 -0.363884
0.131868 -0.348283 -0.287900
0.145658 -0.349559 -0.211915
0.159448 -0.350834 -0.135930
0.173238 -0.352109 -0.059945
0.187029 -0.353384 0.016041
0.200819 -0.354660 0.092026
0.214609 -0.355935 0.168011
0.228400 -0.357210 0.243996
0.243295 -0.358588 0.326069
0.258190 -0.359965 0.408142
0.273085 -0.361343 0.490215
0.287980 -0.362720 0.427712
0.302876 -0.364097 0.345638
0.317771 -0.365475 0.263565
0.332666 -0.366852 0.181492
0.347561 -0.368230 0.099419
0.362456 -0.369607 0.017345
0.377352 -0.370985 -0.064728
0.393275 -0.372457 -0.152468
0.409199 -0.373930 -0.240208
0.425123 -0.375402 -0.327947
0.441046 -0.376875 -0.415687
0.456970 -0.378347 -0.496573
0.472894 -0.379820 -0.408833
0.488817 -0.381292 -0.321093
0.495259 -0.382765 -0.233353
0.479335 -0.384238 -0.145613
0.463412 -0.385710 -0.057873
0.470421 -0.395858 -0.015055
0.466807 -0.426039 -0.089474
0.404034 -0.456219 -0.163893
0.341261 -0.486400 -0.238311
0.278489 -0.483419 -0.312730
0.215716 -0.453238 -0.387148
0.152943 -0.423057 -0.461567
0.090171 -0.392877 -0.464015
0.027398 -0.362696 -0.389596
-0.035374 -0.332515 -0.315178
-0.101543 -0.300702 -0.236734
-0.167711 -0.268888 -0.158290
-0.233879 -0.237075 -0.079846
-0.300047 -0.205261 -0.001401
-0.366215 -0.173448 0.077043
-0.432384 -0.141635 0.155487
-0.498552 -0.109821 0.233931
-0.435280 -0.078008 0.312375
-0.369111 -0.111896 0.390819
-0.302943 -0.143710 0.469263
-0.233545 -0.177076 0.448464
-0.164147 -0.210442 0.366191
-0.106728 -0.235147 0.292323
-0.157112 -0.181907 0.294103
-0.207496 -0.128666 0.295884
-0.257880 -0.075425 0.297664
-0.308263 -0.053201 0.299444
-0.358647 -0.106441 0.301224
-0.409031 -0.159682 0.303004
-0.459415 -0.212922 0.304784
-0.487961 -0.268530 0.306643
-0.435336 -0.324138 0.308502
-0.382712 -0.379746 0.310361
-0.330088 -0.435354 0.312220
-0.277463 -0.490962 0.314079
-0.224839 -0.453430 0.315938
-0.172215 -0.397822 0.317797
-0.119590 -0.342215 0.319657
-0.066966 -0.286607 0.321516
-0.014342 -0.230999 0.323375
0.040431 -0.173120 0.325310
0.095204 -0.115241 0.327245
0.025975 -0.111163 0.316889
-0.074256 -0.120535 0.303461
-0.174487 -0.129906 0.290033
-0.274717 -0.139278 0.276605
-0.374948 -0.148650 0.263177
-0.475178 -0.158021 0.249749
-0.424591 -0.167393 0.236321
-0.324361 -0.176765 0.222893
-0.220347 -0.186490 0.208959
-0.116332 -0.196215 0.195024
-0.012318 -0.205941 0.181089
0.091696 -0.215666 0.167154
0.010759 -0.210111 0.181953
-0.090728 -0.202858 0.199944
-0.192215 -0.195605 0.217935
-0.293701 -0.188352 0.235926
-0.395188 -0.181099 0.253918
-0.496675 -0.173846 0.271909
-0.398277 -0.166338 0.290532
-0.293228 -0.158831 0.309154
-0.188179 -0.151323 0.327777
-0.083130 -0.143815 0.346399
0.021919 -0.136308 0.365022
0.126968 -0.128800 0.383645
0.232016 -0.121292 0.402267
0.337065 -0.113785 0.420890
0.442114 -0.106277 0.439512
0.452837 -0.098770 0.458135
0.344344 -0.091016 0.477368
0.235850 -0.083262 0.496602
0.127356 -0.075508 0.484165
0.018862 -0.067754 0.464931
-0.089632 -0.060001 0.445698
-0.198126 -0.052247 0.426464
-0.306620 -0.044493 0.407230
-0.415114 -0.036739 0.387997
-0.476392 -0.028986 0.368763
-0.367898 -0.021232 0.349530
-0.256065 -0.013239 0.329705
-0.144232 -0.005247 0.309879
-0.032399 0.002746 0.290054
0.079434 0.010738 0.270228
0.191267 0.018730 0.250403
0.303100 0.026723 0.230578
0.414933 0.034715 0.210752
0.473234 0.042708 0.190927
0.490520 0.022415 0.183531
0.406114 -0.016733 0.184422
0.299751 -0.057017 0.185338
0.193389 -0.097301 0.186254
0.087026 -0.137585 0.187171
-0.019336 -0.177869 0.188087
-0.125699 -0.218152 0.189004
-0.232061 -0.258436 0.189920
-0.338424 -0.298720 0.190837
-0.444786 -0.339004 0.191753
-0.448851 -0.379288 0.192669
-0.342489 -0.419571 0.193586
-0.254500 -0.459644 0.191327
-0.358105 -0.487880 0.160270
-0.461709 -0.483884 0.129212
-0.434686 -0.455648 0.098154
-0.331082 -0.427412 0.067096
-0.227477 -0.399176 0.036038
-0.123873 -0.370941 0.004980
-0.020268 -0.342705 -0.026078
0.083337 -0.314469 -0.057136
0.186941 -0.286233 -0.088194
0.293237 -0.257263 -0.120059
0.399533 -0.228294 -0.151924
0.494171 -0.199324 -0.183788
0.387875 -0.170355 -0.215653
0.281579 -0.141385 -0.247518
0.175283 -0.112416 -0.279383
0.068987 -0.083446 -0.311248
-0.037309 -0.054477 -0.343113
-0.143605 -0.025507 -0.374978
-0.249901 0.003462 -0.406843
-0.358822 0.033147 -0.439494
-0.467743 0.062832 -0.472146
-0.423336 0.092517 -0.495202
-0.314415 0.122202 -0.462550
-0.205494 0.151887 -0.429899
-0.096573 0.181572 -0.397247
0.012348 0.211257 -0.364595
0.121269 0.240942 -0.331943
0.230191 0.270627 -0.299292
0.339111 0.300311 -0.266640
0.324519 0.311314 -0.289556
0.225875 0.309396 -0.350028
0.127231 0.307478 -0.410500
0.028587 0.305560 -0.470973
-0.070057 0.303642 -0.468555
-0.168701 0.301724 -0.408082
-0.267345 0.299806 -0.347610
-0.365989 0.297887 -0.287137
-0.464633 0.295969 -0.226665
-0.436724 0.294051 -0.166192
-0.335863 0.292090 -0.104361
-0.235002 0.290129 -0.042529
-0.134141 0.288168 0.019302
-0.033280 0.286207 0.081134
0.067581 0.284246 0.142965
0.168442 0.282285 0.204797
0.269303 0.280324 0.266628
0.370164 0.278363 0.328460
0.471025 0.276402 0.390291
0.428114 0.274441 0.452122
0.325084 0.272438 0.484716
0.262083 0.272805 0.447183
0.359198 0.282654 0.487837
0.456313 0.292503 0.422858
0.446572 0.302352 0.357878
0.349457 0.312202 0.292899
0.252342 0.322051 0.227919
0.155227 0.331900 0.162940
0.058112 0.341749 0.097961
-0.039003 0.351598 0.032981
-0.138121 0.361650 -0.033338
-0.237239 0.371702 -0.099657
-0.336356 0.381754 -0.165977
-0.435474 0.391806 -0.232296
-0.465408 0.401858 -0.298615
-0.437775 0.369108 -0.281501
-0.457797 0.307823 -0.208765
-0.477819 0.246538 -0.136028
-0.497842 0.185253 -0.063292
-0.482136 0.123968 0.009445
-0.461717 0.061470 0.083622
-0.441298 -0.001029 0.157799
-0.420879 -0.063527 0.231976
-0.400460 -0.126026 0.306153
-0.380041 -0.188524 0.380330
-0.359622 -0.251023 0.454507
-0.339202 -0.313522 0.471316
-0.318783 -0.376020 0.397139
-0.298364 -0.438518 0.322962
-0.277945 -0.498983 0.248785
-0.257137 -0.435294 0.173195
-0.236329 -0.371605 0.097605
-0.215521 -0.307916 0.022015
-0.194713 -0.244227 -0.053575
-0.173905 -0.180538 -0.129165
-0.153097 -0.116849 -0.204755
-0.132289 -0.053160 -0.280345
-0.111481 0.010529 -0.355935
-0.090673 0.074218 -0.431525
-0.069865 0.137908 -0.492885
-0.048676 0.202765 -0.415908
-0.027486 0.267623 -0.338931
-0.006296 0.332481 -0.261954
0.014894 0.397339 -0.184977
0.036083 0.462197 -0.108000
0.057273 0.527055 -0.031023
0.078463 0.591912 0.045954
0.099653 0.656770 0.122931
0.120842 0.657265 0.199908
0.142032 0.592407 0.276885
0.163597 0.526402 0.355225
0.185162 0.460396 0.433565
0.206727 0.394390 0.488096
0.228291 0.328384 0.409756
0.249856 0.262378 0.331417
0.271421 0.196372 0.253077
0.292986 0.130367 0.174737
0.314551 0.064361 0.096398
0.336116 -0.001645 0.018058
0.357681 -0.067651 -0.060281
0.379615 -0.134785 -0.139960
0.401548 -0.201919 -0.219639
0.423482 -0.269053 -0.299318
0.445416 -0.336188 -0.378997
0.467349 -0.403322 -0.458676
0.489283 -0.470456 -0.461645
0.488784 -0.462410 -0.381967
0.466850 -0.395276 -0.302288
0.444916 -0.328141 -0.222609
0.422983 -0.261007 -0.142930
0.400687 -0.192763 -0.061934
0.378391 -0.124519 0.019062
0.356095 -0.056276 0.100058
0.333799 0.011968 0.181054
0.311503 0.080212 0.262050
0.289207 0.148456 0.343046
0.266911 0.216700 0.424041
0.244615 0.284944 0.494963
0.222319 0.353188 0.413967
0.200023 0.421432 0.332971
0.177370 0.490768 0.250679
0.154717 0.560104 0.168387
0.132064 0.629440 0.086095
0.109411 0.698775 0.003803
0.086758 0.768111 -0.078489
0.064106 0.750965 -0.160781
0.041453 0.681630 -0.243073
0.018800 0.612294 -0.325365
-0.003853 0.542958 -0.407657
-0.026506 0.473623 -0.489949
-0.049510 0.403212 -0.426484
-0.072514 0.332801 -0.342916
-0.095518 0.262390 -0.259348
-0.118522 0.191979 -0.175780
-0.141526 0.121568 -0.092212
-0.164530 0.051157 -0.008645
-0.187534 -0.019254 0.074923
-0.210538 -0.089665 0.158491
-0.233543 -0.160076 0.242059
-0.256547 -0.230487 0.325627
-0.279897 -0.301957 0.410451
-0.303247 -0.373427 0.495276
-0.326597 -0.444896 0.419900
-0.349947 -0.483634 0.335075
-0.373297 -0.412164 0.250251
-0.396647 -0.340694 0.165426
-0.419997 -0.269224 0.080601
-0.443348 -0.197754 -0.004223
-0.466698 -0.126284 -0.089048
-0.490048 -0.054815 -0.173872
-0.486261 0.017698 -0.259935
-0.462571 0.090212 -0.345998
-0.438880 0.162725 -0.432061
-0.415189 0.235238 -0.481876
-0.391498 0.307751 -0.395813
-0.367808 0.380265 -0.309750
-0.344117 0.452778 -0.223688
-0.320426 0.525291 -0.137625
-0.296735 0.597804 -0.051562
-0.273045 0.670317 0.034501
-0.249018 0.743859 0.121785
-0.224991 0.817401 0.209069
-0.200964 0.890943 0.296353
-0.176937 0.833501 0.383636
-0.152910 0.759959 0.470920
-0.128883 0.686417 0.441796
-0.104856 0.612875 0.354512
-0.080829 0.539333 0.267228
-0.056802 0.465791 0.179944
-0.032775 0.392249 0.092661
-0.008417 0.317693 0.004173
0.015942 0.243137 -0.084315
0.040300 0.168581 -0.172802
0.064658 0.094024 -0.261290
0.089017 0.019468 -0.349778
0.113375 -0.055088 -0.438266
0.137733 -0.129644 -0.473246
0.162092 -0.204201 -0.384758
0.186450 -0.278757 -0.296270
0.210808 -0.353313 -0.207783
0.235494 -0.428870 -0.118107
0.260179 -0.495573 -0.028432
0.284864 -0.420016 0.061244
0.309550 -0.344459 0.150919
0.334235 -0.268902 0.240595
0.358920 -0.193345 0.330270
0.383606 -0.117788 0.419946
0.408291 -0.042231 0.490379
0.432976 0.033326 0.400703
0.457661 0.108883 0.311028
0.482669 0.185428 0.220180
0.492323 0.261972 0.129332
0.467315 0.338517 0.038484
0.442307 0.415062 -0.052364
0.417299 0.491607 -0.143211
0.392291 0.568152 -0.234059
0.367282 0.644697 -0.324907
0.342274 0.721242 -0.415755
0.317266 0.797786 -0.493397
0.292258 0.874331 -0.402549
0.266932 0.951851 -0.310544
0.241605 1.029371 -0.218539
0.216279 1.059572 -0.126534
0.190952 0.982053 -0.034529
0.165625 0.904532 0.057477
0.140299 0.827012 0.149482
0.114972 0.749492 0.241487
0.089646 0.671972 0.333492
0.064319 0.594452 0.425497
0.038992 0.516932 0.482498
0.013351 0.438450 0.389350
-0.012290 0.359967 0.296202
-0.037932 0.281484 0.203054
-0.063573 0.203001 0.109906
-0.089214 0.124518 0.016757
-0.114855 0.046035 -0.076391
-0.140497 -0.032448 -0.169539
-0.166138 -0.110931 -0.262687
-0.191779 -0.189414 -0.355835
-0.217421 -0.267897 -0.448983
-0.243373 -0.347331 -0.456740
-0.269325 -0.426765 -0.362463
-0.295277 -0.493801 -0.268185
-0.321229 -0.414366 -0.173908
-0.347181 -0.334932 -0.079631
-0.373133 -0.255498 0.014647
-0.399085 -0.176064 0.108924
-0.425038 -0.096630 0.203201
-0.450990 -0.017195 0.297478
-0.476942 0.062239 0.391756
-0.496799 0.142613 0.487149
-0.470540 0.222988 0.417458
-0.444281 0.303362 0.322065
-0.418022 0.383736 0.226672
-0.391762 0.464111 0.131279
-0.365503 0.544485 0.035886
-0.339244 0.624860 -0.059507
-0.312985 0.705234 -0.154900
-0.286726 0.785609 -0.250293
-0.260467 0.865983 -0.345686
-0.233904 0.947287 -0.442182
-0.207341 1.028591 -0.461323
-0.180778 1.109894 -0.364827
-0.154216 1.090685 -0.268331
-0.127653 1.009382 -0.171835
-0.101090 0.928078 -0.075340
-0.074527 0.846774 0.021156
-0.047964 0.765471 0.117652
-0.021402 0.684167 0.214148
0.005161 0.602863 0.310644
0.032024 0.520641 0.408230
0.058887 0.438419 0.494184
0.085750 0.356196 0.396598
0.112613 0.273974 0.299012
0.139476 0.191752 0.201425
0.166339 0.109530 0.103839
0.193202 0.027308 0.006253
0.220065 -0.054915 -0.091333
0.246928 -0.137137 -0.188920
0.273791 -0.219359 -0.286506
0.300950 -0.302490 -0.385170
0.328110 -0.385621 -0.483835
0.355270 -0.468752 -0.417501
0.382430 -0.448117 -0.318836
0.409589 -0.364986 -0.220172
0.436749 -0.281855 -0.121507
0.463909 -0.198725 -0.022843
0.491069 -0.115594 0.075822
0.481772 -0.032463 0.174486
0.454612 0.050668 0.273151
0.427159 0.134698 0.372882
0.399705 0.218727 0.472613
0.372252 0.302757 0.427656
0.344799 0.386786 0.327925
0.317345 0.470815 0.228194
0.289892 0.554845 0.128463
0.262439 0.638874 0.028731
0.234985 0.722904 -0.071000
0.207532 0.806933 -0.170731
0.180078 0.890963 -0.270462
0.152335 0.975881 -0.371249
0.124591 1.060800 -0.472036
0.096847 1.145719 -0.427178
0.069103 1.230638 -0.326391
0.041359 1.315556 -0.225604
0.013615 1.400475 -0.124818
-0.014129 1.338576 -0.024031
-0.041873 1.253658 0.076755
-0.069617 1.168739 0.177542
-0.097361 1.083820 0.278329
-0.125392 0.998022 0.380159
-0.153424 0.912223 0.481990
-0.181455 0.826425 0.416179
-0.209487 0.740626 0.314348
-0.237518 0.654828 0.212517
-0.265550 0.569029 0.110686
-0.293581 0.483231 0.008854
-0.321613 0.397432 -0.092977
-0.349644 0.311633 -0.194808
-0.377676 0.225834 -0.296639
-0.405992 0.139164 -0.399503
-0.434308 0.052494 -0.497632
-0.462624 -0.034175 -0.394767
-0.490940 -0.120845 -0.291902
-0.480744 -0.207515 -0.189037
-0.452428 -0.294185 -0.086172
-0.424112 -0.380855 0.016693
-0.395796 -0.467525 0.119558
-0.367480 -0.445805 0.222422
-0.339164 -0.359135 0.325287
-0.310566 -0.271603 0.429176
-0.281968 -0.184071 0.466936
-0.253371 -0.096538 0.363047
-0.224773 -0.009006 0.259159
-0.196175 0.078526 0.155270
-0.167577 0.166059 0.051382
-0.138979 0.253591 -0.052507
-0.110381 0.341123 -0.156395
-0.081784 0.428656 -0.260284
-0.053186 0.516188 -0.364172
-0.024309 0.604575 -0.469074
0.004568 0.692961 -0.426024
0.033445 0.781348 -0.321122
0.062321 0.869734 -0.216219
0.091198 0.958121 -0.111317
0.124967 0.931755 -0.240125
0.158736 0.905390 -0.368932
0.192505 0.879024 -0.497739
0.226274 0.852659 -0.373454
0.260043 0.826293 -0.244647
0.294135 0.799675 -0.114607
0.328227 0.773058 0.015433
0.362320 0.746440 0.145473
0.396412 0.719822 0.275513
0.430504 0.693205 0.405553
0.464596 0.666587 0.464408
0.498688 0.639970 0.334368
0.467220 0.613352 0.204328
0.433128 0.586734 0.074288
0.399036 0.560117 -0.055752
0.364624 0.533249 -0.187013
0.330212 0.506382 -0.318273
0.295800 0.479514 -0.449535
0.261387 0.452646 -0.419204
0.226975 0.425779 -0.287943
0.192563 0.398911 -0.156682
0.158151 0.372043 -0.025422
0.123738 0.345176 0.105839
0.089326 0.318308 0.237100
0.054914 0.291440 0.368361
0.020184 0.264325 0.499168
-0.014545 0.237210 0.366697
-0.049274 0.210095 0.234226
-0.084004 0.182979 0.101756
-0.118733 0.155864 -0.030715
-0.153463 0.128749 -0.163186
-0.188192 0.101634 -0.295657
-0.222921 0.074519 -0.428127
-0.257651 0.047403 -0.439402
-0.292380 0.020288 -0.306931
-0.327424 -0.007072 -0.173262
-0.362468 -0.034433 -0.039592
-0.397511 -0.061794 0.094077
-0.432555 -0.089154 0.227747
-0.467599 -0.116515 0.361417
-0.497358 -0.143875 0.495086
-0.462314 -0.171236 0.371244
-0.427270 -0.198597 0.237574
-0.392227 -0.225957 0.103905
-0.357183 -0.253318 -0.029765
-0.321828 -0.280922 -0.164623
-0.286473 -0.308526 -0.299480
-0.251118 -0.336129 -0.434338
-0.215763 -0.363733 -0.430804
-0.180407 -0.391337 -0.295946
-0.145052 -0.418941 -0.161088
-0.109697 -0.446545 -0.026230
-0.074342 -0.474148 0.108627
-0.038986 -0.498248 0.243485
-0.003631 -0.470644 0.378343
0.032033 -0.442799 0.485621
0.067697 -0.414954 0.349586
0.103361 -0.387109 0.213550
0.139025 -0.359264 0.077514
0.174689 -0.331420 -0.058521
0.210353 -0.303575 -0.194557
0.246017 -0.275730 -0.330593
0.281681 -0.247885 -0.466628
0.317345 -0.220040 -0.397336
0.353009 -0.192195 -0.261300
0.388980 -0.164111 -0.124097
0.424950 -0.136027 0.013106
0.460920 -0.107943 0.150310
0.496890 -0.079859 0.287513
0.467140 -0.051775 0.424716
0.431169 -0.023691 0.438080
0.395199 0.004392 0.300877
0.359229 0.032476 0.163674
0.323259 0.060560 0.026470
0.287289 0.088644 -0.110733
0.251015 0.116965 -0.249094
0.214741 0.145286 -0.387455
0.178468 0.173607 -0.474184
0.142194 0.201928 -0.335822
0.105920 0.230248 -0.197461
0.069646 0.258569 -0.059100
0.033373 0.286890 0.079261
-0.002901 0.315211 0.217622
-0.039175 0.343532 0.355983
-0.075448 0.371853 0.494344
-0.112023 0.400409 0.366146
-0.148598 0.428965 0.226637
-0.185173 0.457521 0.087127
-0.221747 0.486077 -0.052382
-0.258322 0.514633 -0.191892
-0.294897 0.543189 -0.331401
-0.331471 0.571745 -0.470911
-0.368046 0.600301 -0.389580
-0.404621 0.628857 -0.250071
-0.441195 0.657413 -0.110561
-0.478068 0.686202 0.030087
-0.485058 0.714991 0.170735
-0.448185 0.743780 0.311384
-0.411312 0.772569 0.452032
-0.374439 0.801358 0.407320
-0.337566 0.830147 0.266672
-0.300692 0.858936 0.126023
-0.263819 0.887725 -0.014625
-0.226946 0.916514 -0.155273
-0.190072 0.945303 -0.295922
-0.152903 0.974323 -0.437699
-0.115733 1.003344 -0.420523
-0.078564 1.032364 -0.278745
-0.041395 1.061384 -0.136967
-0.004225 1.090405 0.004811
0.032944 1.119425 0.146589
0.070114 1.148445 0.288367
0.107283 1.177466 0.430145
0.144453 1.206486 0.428077
0.181622 1.235506 0.286299
0.219085 1.264755 0.143400
0.256549 1.294005 0.000501
0.294012 1.323254 -0.142398
0.331475 1.352503 -0.285297
0.368939 1.381752 -0.428196
0.406402 1.411001 -0.428905
0.443865 1.440251 -0.286007
0.481329 1.469500 -0.143108
0.481208 1.498749 -0.000209
0.443745 1.527998 0.142690
0.405990 1.557475 0.286701
0.368235 1.586952 0.430712
0.330480 1.616429 0.425278
0.292726 1.645906 0.281267
0.254971 1.675382 0.137256
0.217216 1.704859 -0.006755
0.179461 1.734336 -0.150766
0.141706 1.763813 -0.294777
0.103951 1.793290 -0.438787
0.119472 1.848377 -0.387954
0.135112 1.903886 -0.336732
0.150752 1.886594 -0.285510
0.166392 1.831085 -0.234287
0.182032 1.775575 -0.183065
0.197672 1.720065 -0.131842
0.213312 1.664555 -0.080620
0.228952 1.609045 -0.029397
0.244592 1.553536 0.021825
0.260232 1.498026 0.073047
0.275872 1.442516 0.124270
0.291630 1.386588 0.175879
0.307388 1.330660 0.227488
0.323146 1.274731 0.279097
0.338904 1.218803 0.330706
0.354662 1.162875 0.382315
0.370420 1.106947 0.433924
0.386178 1.051018 0.485533
0.401936 0.995090 0.462858
0.417694 0.939162 0.411249
0.433452 0.883234 0.359640
0.449327 0.826889 0.307647
0.465202 0.770545 0.255655
0.481077 0.714201 0.203662
0.496952 0.657857 0.151669
0.487173 0.601512 0.099676
0.471298 0.545168 0.047684
0.465943 0.513073 0.044193
0.476369 0.517350 0.113454
0.486796 0.521628 0.182715
0.497222 0.525906 0.251976
0.492275 0.530215 0.321745
0.481773 0.534524 0.391514
0.471270 0.538833 0.461282
0.460767 0.543141 0.468949
0.450265 0.547450 0.399180
0.439762 0.551759 0.329411
0.429259 0.556068 0.259643
0.418757 0.560377 0.189874
0.408254 0.564685 0.120105
0.397751 0.568994 0.050337
0.387173 0.573334 -0.019936
0.376594 0.577674 -0.090208
0.366016 0.582014 -0.160481
0.355437 0.586354 -0.230753
0.344726 0.590745 -0.288032
0.332822 0.595604 -0.228374
0.320918 0.600463 -0.168716
0.309014 0.605322 -0.109057
0.297110 0.610181 -0.049399
0.285206 0.615040 0.010260
0.273217 0.619934 0.070343
0.261229 0.624827 0.130426
0.249240 0.629721 0.190509
0.237252 0.634614 0.250592
0.225263 0.639508 0.310675
0.213275 0.644401 0.370757
0.201286 0.649295 0.430840
0.189297 0.654188 0.490923
0.177309 0.659082 0.448994
0.165320 0.663976 0.388911
0.153248 0.668903 0.328406
0.141175 0.673831 0.267901
0.129102 0.678758 0.207397
0.117030 0.683686 0.146892
0.104957 0.688613 0.086387
0.092884 0.693541 0.025883
0.080812 0.698468 -0.034622
0.068739 0.703396 -0.095127
0.056666 0.708323 -0.155631
0.044594 0.713251 -0.216136
0.032437 0.718212 -0.277059
0.020281 0.723174 -0.337983
0.008125 0.728135 -0.398906
-0.004031 0.733097 -0.459830
-0.016188 0.738058 -0.479247
-0.028344 0.743020 -0.418324
-0.040500 0.747981 -0.357400
-0.052656 0.752943 -0.296477
-0.064813 0.757904 -0.235553
-0.076969 0.762866 -0.174630
-0.089208 0.767861 -0.113291
-0.101447 0.772857 -0.051951
-0.113687 0.777852 0.009388
-0.125926 0.782847 0.070727
-0.138165 0.787843 0.132066
-0.150404 0.792838 0.193406
-0.162643 0.797834 0.254745
-0.174883 0.802829 0.316084
-0.187122 0.807825 0.377423
-0.199361 0.812820 0.438762
-0.211683 0.817850 0.499486
-0.224004 0.822879 0.437733
-0.236326 0.827909 0.375981
-0.248648 0.832938 0.314229
-0.260969 0.837967 0.252477
-0.273291 0.842997 0.190724
-0.285613 0.848026 0.128972
-0.297935 0.853056 0.067220
-0.310256 0.858085 0.005467
-0.322578 0.863115 -0.056285
-0.334982 0.868177 -0.118447
-0.347385 0.873240 -0.180610
-0.359788 0.878303 -0.242773
-0.372192 0.883366 -0.304935
-0.384595 0.888429 -0.367098
-0.396999 0.893492 -0.429260
-0.409402 0.898554 -0.491423
-0.421806 0.903617 -0.446414
-0.434209 0.908680 -0.384252
-0.436380 0.936787 -0.404948
-0.423116 0.999870 -0.449118
-0.409852 1.062954 -0.303183
-0.396588 1.126037 -0.157249
-0.383323 1.189120 -0.011314
-0.370059 1.252203 0.134621
-0.356795 1.315286 0.280555
-0.343531 1.378370 0.426490
-0.330267 1.441453 0.427576
-0.317003 1.504536 0.281641
-0.303739 1.567619 0.135707
-0.290388 1.631111 -0.011172
-0.277038 1.694603 -0.158052
-0.263688 1.758095 -0.304931
-0.250338 1.821587 -0.451810
-0.236988 1.885079 -0.401311
-0.223637 1.948571 -0.254432
-0.210287 2.012063 -0.107552
-0.196937 2.075554 0.039327
-0.183587 2.139045 0.186206
-0.170237 2.202536 0.333085
-0.156802 2.266434 0.480903
-0.143366 2.330333 0.371279
-0.129931 2.394232 0.223462
-0.116495 2.458130 0.075644
-0.103060 2.522029 -0.072174
-0.089624 2.585927 -0.219991
-0.076189 2.649826 -0.367809
-0.062754 2.713724 -0.484373
-0.049318 2.777623 -0.336555
-0.035883 2.841522 -0.188738
-0.022363 2.865545 -0.039987
-0.008842 2.801244 0.108763
0.004678 2.736942 0.257513
0.018198 2.672641 0.406264
0.031718 2.608339 0.444986
0.045238 2.544038 0.296236
0.058759 2.479736 0.147486
0.072279 2.415435 -0.001265
0.085799 2.351133 -0.150015
0.099319 2.286832 -0.298765
0.112924 2.222130 -0.448443
0.126528 2.157428 -0.401880
0.140132 2.092726 -0.252203
0.153737 2.028023 -0.102526
0.167341 1.963322 0.047151
0.180946 1.898621 0.196828
0.194550 1.833920 0.346505
0.208155 1.769220 0.496182
0.221759 1.704519 0.354141
0.235364 1.639818 0.204463
0.249052 1.574719 0.053865
0.262740 1.509620 -0.096733
0.276428 1.444521 -0.247331
0.290116 1.379422 -0.397930
0.303805 1.314323 -0.451472
0.317493 1.249224 -0.300874
0.331181 1.184125 -0.150276
0.344869 1.119026 0.000323
0.358557 1.053927 0.150921
0.372246 0.988828 0.301519
0.386017 0.923332 0.453033
0.399788 0.857837 0.395453
0.413560 0.792342 0.243939
0.427331 0.726846 0.092426
0.441102 0.661351 -0.059088
0.454874 0.595856 -0.210602
0.468645 0.530360 -0.362116
0.482417 0.464865 -0.486370
0.496188 0.399370 -0.334857
0.490041 0.333875 -0.183343
0.476187 0.267986 -0.030919
0.462332 0.202098 0.121505
0.448478 0.136209 0.273928
0.434624 0.070321 0.426352
0.420770 0.004432 0.421224
0.406916 -0.061456 0.268801
0.393061 -0.127345 0.116377
0.379207 -0.193234 -0.036047
0.365353 -0.259122 -0.188471
0.351499 -0.325011 -0.340894
0.337563 -0.391290 -0.494223
0.323626 -0.457570 -0.352449
0.309690 -0.476151 -0.199120
0.295754 -0.409871 -0.045792
0.281818 -0.343592 0.107536
0.267882 -0.277312 0.260865
0.253946 -0.211033 0.414193
0.240009 -0.144753 0.432478
0.226073 -0.078474 0.279150
0.212137 -0.012194 0.125822
0.198119 0.054474 -0.028406
0.184101 0.121143 -0.182634
0.170083 0.187811 -0.336861
0.156065 0.254479 -0.491089
0.142047 0.321148 -0.354683
0.128029 0.387816 -0.200456
0.114011 0.454485 -0.046228
0.099993 0.521153 0.107999
0.085975 0.587821 0.262227
0.071957 0.654490 0.416455
0.057857 0.721544 0.428424
0.043758 0.788599 0.273302
0.029659 0.855654 0.118180
0.015560 0.922708 -0.036941
0.001460 0.989763 -0.192063
-0.012639 1.056818 -0.347185
-0.026738 1.123873 -0.497693
-0.040838 1.190928 -0.342572
-0.054937 1.257984 -0.187450
-0.069036 1.325039 -0.032328
-0.083216 1.392478 0.123682
-0.097396 1.459917 0.279693
-0.111576 1.527356 0.435704
-0.125757 1.594795 0.408286
-0.139937 1.662234 0.252275
-0.154117 1.729673 0.096264
-0.168297 1.797112 -0.059747
-0.182477 1.864552 -0.215757
-0.196657 1.931991 -0.371768
-0.210837 1.999430 -0.472221
-0.225097 2.067250 -0.315327
-0.239358 2.135071 -0.158432
-0.253618 2.202891 -0.001537
-0.267879 2.270712 0.155357
-0.282139 2.338532 0.312252
-0.296400 2.406353 0.469146
-0.310660 2.474174 0.373959
-0.324920 2.541994 0.217064
-0.339181 2.609815 0.060170
-0.353441 2.677635 -0.096725
-0.367781 2.745837 -0.254499
-0.382122 2.814039 -0.412272
-0.396462 2.882241 -0.429954
-0.410802 2.950443 -0.272181
-0.425143 3.018645 -0.114407
-0.439483 3.086847 0.043366
-0.453823 3.155049 0.201140
-0.468163 3.223251 0.358913
-0.482504 3.291453 0.483313
-0.496844 3.359655 0.325540
-0.488736 3.428234 0.166892
-0.474316 3.496813 0.008244
-0.459896 3.523512 -0.150403
-0.445477 3.454933 -0.309051
-0.431057 3.386354 -0.467699
-0.416637 3.317776 -0.373654
-0.402217 3.249197 -0.215006
-0.387797 3.180618 -0.056358
-0.373377 3.112040 0.102289
-0.358957 3.043461 0.260937
-0.344459 2.974505 0.420454
-0.329960 2.905550 0.420029
-0.315461 2.836595 0.260512
-0.300962 2.767639 0.100995
-0.286463 2.698684 -0.058522
-0.271964 2.629728 -0.218039
-0.257466 2.560773 -0.377556
-0.242967 2.491817 -0.462927
-0.228468 2.422862 -0.303410
-0.213969 2.353907 -0.143893
-0.199392 2.284579 0.016488
-0.184814 2.215252 0.176870
-0.170237 2.145925 0.337251
-0.155660 2.076597 0.497633
-0.141082 2.007270 0.341986
-0.126505 1.937941 0.181604
-0.111928 1.868613 0.021222
-0.097350 1.799284 -0.139159
-0.082773 1.729956 -0.299541
-0.068196 1.660627 -0.459922
-0.053540 1.590927 -0.378836
-0.038885 1.521226 -0.217595
-0.024229 1.451526 -0.056353
-0.009573 1.381825 0.104889
0.005082 1.312125 0.266130
0.019738 1.242424 0.427372
0.034393 1.172724 0.411387
0.049049 1.103023 0.250145
0.063704 1.033323 0.088904
0.078360 0.963622 -0.072338
0.093093 0.893552 -0.234435
0.107826 0.823482 -0.396532
0.122560 0.753412 -0.441371
0.137293 0.683342 -0.279274
0.152026 0.613272 -0.117177
0.166759 0.543202 0.044920
0.181492 0.473132 0.207017
0.196226 0.403062 0.369114
0.210959 0.332992 0.468789
0.225692 0.262922 0.306693
0.240503 0.192484 0.143745
0.255313 0.122047 -0.019203
0.270124 0.051609 -0.182151
0.284934 -0.018829 -0.345099
0.299745 -0.089267 -0.491953
0.314556 -0.159705 -0.329006
0.329366 -0.230143 -0.166058
0.344177 -0.300580 -0.003110
0.358987 -0.371018 0.159838
0.373798 -0.441456 0.322786
0.388685 -0.487740 0.486580
0.403573 -0.416936 0.349625
0.418460 -0.346133 0.185831
0.433348 -0.275329 0.022036
0.448235 -0.204525 -0.141758
0.463123 -0.133721 -0.305552
0.478010 -0.062918 -0.469347
0.492897 0.007886 -0.366859
0.492215 0.078690 -0.203064
0.477328 0.149494 -0.039270
0.462364 0.220661 0.125366
0.447400 0.291829 0.290003
0.432436 0.362997 0.454639
0.417471 0.434164 0.380724
0.402507 0.505332 0.216088
0.387543 0.576500 0.051451
0.372579 0.647668 -0.113185
0.357615 0.718836 -0.277822
0.342651 0.790004 -0.442458
0.327687 0.861172 -0.392906
0.312647 0.932702 -0.227431
0.297607 1.004231 -0.061957
0.282566 1.075762 0.103517
0.267526 1.147292 0.268992
0.252486 1.218822 0.434466
0.237445 1.290353 0.400060
0.222405 1.361883 0.234585
0.207365 1.433413 0.069111
0.192325 1.504944 -0.096363
0.177285 1.576474 -0.261838
0.162169 1.648364 -0.428146
0.147052 1.720255 -0.405546
0.131936 1.792145 -0.239238
0.116820 1.864035 -0.072930
0.101704 1.935926 0.093378
0.086588 2.007816 0.259685
0.071472 2.079706 0.425993
0.056356 2.151597 0.407699
0.041240 2.223487 0.241391
0.026124 2.295377 0.075083
0.010933 2.367625 -0.092055
-0.012196 2.416428 -0.160762
-0.053845 2.410525 0.000200
-0.095494 2.404622 0.161163
-0.137143 2.398718 0.322125
-0.178792 2.392815 0.483087
-0.220441 2.386912 0.355950
-0.262089 2.381009 0.194988
-0.303739 2.375105 0.034026
