0.359103 0.222811 0.186368
0.346423 0.234273 0.205720
0.333743 0.245735 0.225072
0.321063 0.177216 0.244424
0.313013 0.012711 0.252470
0.311911 -0.136290 0.243557
0.310809 -0.223809 0.234644
0.307538 -0.277599 0.234641
0.300904 -0.304344 0.237424
0.296969 -0.335075 0.239113
0.291795 -0.364531 0.235153
0.285457 -0.384592 0.230302
0.279120 -0.404409 0.225452
0.277115 -0.437175 0.234584
0.284088 -0.462205 0.209976
0.291061 -0.487235 0.185368
0.298035 -0.487736 0.160760
0.305008 -0.462706 0.136152
0.311981 -0.437676 0.111544
0.318954 -0.412646 0.086936
0.325927 -0.387616 0.062328
0.333979 -0.403381 0.033913
0.342030 -0.432283 0.005498
0.340243 -0.462585 -0.008218
0.323697 -0.494986 0.000116
0.307151 -0.472613 0.008450
0.290605 -0.440211 0.016784
0.274059 -0.407810 0.025118
0.257513 -0.375408 0.033452
0.240968 -0.343007 0.041786
0.224422 -0.313262 0.050119
0.237879 -0.300922 0.029656
0.265031 -0.329798 -0.003571
0.292184 -0.362953 -0.036798
0.319337 -0.396108 -0.070024
0.346489 -0.429263 -0.103251
0.373642 -0.462417 -0.136478
0.400794 -0.495572 -0.169705
0.427947 -0.471273 -0.202932
0.455100 -0.438118 -0.236158
0.467323 -0.412636 -0.255601
0.415297 -0.418338 -0.216499
0.422312 -0.399464 -0.195291
0.454630 -0.370057 -0.181752
0.486948 -0.340650 -0.168212
0.480734 -0.311243 -0.154673
0.448416 -0.281835 -0.141133
0.416098 -0.290562 -0.127594
0.383780 -0.319969 -0.114054
0.351462 -0.349376 -0.100515
0.319144 -0.378783 -0.086976
0.284237 -0.410547 -0.072351
0.249329 -0.442310 -0.057727
0.214422 -0.474073 -0.043103
0.179515 -0.494163 -0.028479
0.144607 -0.462400 -0.013854
0.109700 -0.430637 0.000770
0.074793 -0.398874 0.015394
0.039885 -0.367110 0.030019
0.004978 -0.335347 0.044643
-0.029929 -0.303584 0.059267
-0.067247 -0.269627 0.074901
-0.104564 -0.235671 0.090535
-0.141882 -0.201715 0.106169
-0.179199 -0.204963 0.121803
-0.216517 -0.238919 0.137437
-0.253834 -0.272875 0.153071
-0.291152 -0.306831 0.168705
-0.328470 -0.340788 0.184339
-0.365787 -0.374744 0.199973
-0.403105 -0.408700 0.215607
-0.442686 -0.444716 0.232189
-0.482267 -0.480732 0.248772
-0.478152 -0.483252 0.265354
-0.438571 -0.447236 0.281936
-0.398990 -0.411220 0.298519
-0.359409 -0.375204 0.315101
-0.319828 -0.339187 0.331683
-0.280247 -0.303171 0.348266
-0.240666 -0.267155 0.364848
-0.201084 -0.231139 0.381430
-0.159362 -0.193175 0.398910
-0.117640 -0.155211 0.416389
-0.075918 -0.134500 0.433868
-0.034196 -0.172464 0.451348
0.007527 -0.210428 0.468827
0.049249 -0.248393 0.486306
0.090971 -0.286357 0.496214
0.132693 -0.324321 0.478735
0.174416 -0.362285 0.461256
0.216138 -0.400250 0.443776
0.259896 -0.440067 0.425444
0.303655 -0.479884 0.407111
0.347414 -0.480298 0.388778
0.391173 -0.440481 0.370446
0.434931 -0.400663 0.352113
0.478690 -0.360846 0.333781
0.477551 -0.321029 0.315448
0.433792 -0.281211 0.297115
0.390034 -0.241394 0.278783
0.346275 -0.201577 0.260450
0.300570 -0.159989 0.241303
0.254866 -0.118401 0.222155
0.209161 -0.076813 0.203007
0.163457 -0.035225 0.183859
0.117753 -0.046616 0.164712
0.072048 -0.088204 0.145564
0.026344 -0.129792 0.126416
-0.019361 -0.171380 0.107269
-0.065065 -0.212967 0.088121
-0.110769 -0.254555 0.068974
-0.158340 -0.297841 0.049044
-0.205911 -0.341127 0.029114
-0.253481 -0.384413 0.009185
-0.301052 -0.427698 -0.010745
-0.348623 -0.470984 -0.030674
-0.396194 -0.485730 -0.050604
-0.443764 -0.442444 -0.070533
-0.491335 -0.399159 -0.090463
-0.461094 -0.355873 -0.110392
-0.413523 -0.312587 -0.130322
-0.364157 -0.267667 -0.151003
-0.314791 -0.222747 -0.171685
-0.265424 -0.177827 -0.192367
-0.216058 -0.132907 -0.213049
-0.166692 -0.087987 -0.233730
-0.117325 -0.043067 -0.254412
-0.124640 -0.072880 -0.238428
-0.169743 -0.152514 -0.198000
-0.214846 -0.232148 -0.157572
-0.259949 -0.311782 -0.117143
-0.306635 -0.394211 -0.075296
-0.353321 -0.476640 -0.033449
-0.400007 -0.440931 0.008398
-0.446693 -0.358502 0.050245
-0.493378 -0.276073 0.092093
-0.459936 -0.193644 0.133940
-0.413250 -0.111215 0.175787
-0.366564 -0.028786 0.217634
-0.319878 0.053644 0.259482
-0.273192 -0.013088 0.301329
-0.224975 -0.098220 0.344548
-0.176758 -0.183353 0.387768
-0.128541 -0.268485 0.430988
-0.080324 -0.353618 0.474207
-0.032107 -0.438750 0.482573
0.016109 -0.476118 0.439353
0.064326 -0.390985 0.396134
0.112543 -0.305853 0.352914
0.160760 -0.220720 0.309695
0.208977 -0.135588 0.266475
0.258678 -0.047835 0.221925
0.308379 0.039917 0.177376
0.358079 0.050182 0.132826
0.407780 -0.037571 0.088276
0.457481 -0.125323 0.043726
0.492818 -0.213076 -0.000823
0.443118 -0.300828 -0.045373
0.393417 -0.388580 -0.089923
0.343716 -0.476333 -0.134473
0.294016 -0.435915 -0.179022
0.242874 -0.345618 -0.224864
0.191732 -0.255322 -0.270705
0.140590 -0.165025 -0.316546
0.112405 -0.114414 -0.348083
0.137783 -0.156402 -0.346243
0.163161 -0.198389 -0.344402
0.188539 -0.240377 -0.342561
0.213917 -0.282365 -0.340721
0.239295 -0.324352 -0.338880
0.264673 -0.366340 -0.337040
0.290746 -0.409478 -0.335149
0.316820 -0.452617 -0.333258
0.342893 -0.495755 -0.331367
0.368966 -0.461107 -0.329476
0.395040 -0.417969 -0.327585
0.421113 -0.374830 -0.325694
0.447187 -0.331692 -0.323803
0.473260 -0.288554 -0.321912
0.499334 -0.245416 -0.320021
0.474593 -0.202277 -0.318130
0.447842 -0.158018 -0.316190
0.421091 -0.113759 -0.314250
0.394340 -0.069500 -0.312310
0.367589 -0.025242 -0.310369
0.340838 0.019017 -0.308429
0.314088 0.063276 -0.306489
0.334525 0.027819 -0.303984
0.366759 -0.027567 -0.301337
0.398993 -0.082953 -0.298690
0.431227 -0.138339 -0.296044
0.464258 -0.195093 -0.293332
0.497288 -0.251846 -0.290620
0.469682 -0.308600 -0.287908
0.436652 -0.365354 -0.285196
0.403622 -0.422108 -0.282484
0.370591 -0.478861 -0.279772
0.337561 -0.464385 -0.277059
0.304531 -0.407631 -0.274347
0.271501 -0.350877 -0.271635
0.238470 -0.294124 -0.268923
0.204663 -0.236034 -0.266148
0.170855 -0.177945 -0.263372
0.137048 -0.119855 -0.260596
0.103240 -0.061766 -0.257820
0.069432 -0.003677 -0.255045
0.035625 0.054413 -0.252269
0.001817 0.112502 -0.249493
-0.031990 0.170592 -0.246717
-0.065798 0.228681 -0.243941
-0.099606 0.286770 -0.241166
-0.134173 0.346165 -0.238327
-0.168740 0.405560 -0.235489
-0.203308 0.464955 -0.232651
-0.237875 0.421711 -0.229813
-0.272443 0.362316 -0.226974
-0.307010 0.302921 -0.224136
-0.341578 0.243526 -0.221298
-0.376145 0.184131 -0.218460
-0.410712 0.124736 -0.215622
-0.445280 0.065342 -0.212783
-0.480591 0.004669 -0.209884
-0.484098 -0.056003 -0.206985
-0.448787 -0.116676 -0.204086
-0.413476 -0.177348 -0.201187
-0.378165 -0.238020 -0.198287
-0.342854 -0.298693 -0.195388
-0.307543 -0.359365 -0.192489
-0.272232 -0.420038 -0.189590
-0.236921 -0.480710 -0.186691
-0.201611 -0.458618 -0.183792
-0.165572 -0.396694 -0.180833
-0.129533 -0.334770 -0.177873
-0.093494 -0.272847 -0.174914
-0.057455 -0.210923 -0.171955
-0.021416 -0.149000 -0.168996
0.014623 -0.087076 -0.166037
0.050662 -0.025153 -0.163078
0.086701 0.036771 -0.160119
0.122740 0.098694 -0.157160
0.158779 0.160618 -0.154201
0.195532 0.223768 -0.151183
0.232285 0.286917 -0.148166
0.269038 0.350067 -0.145148
0.305790 0.413217 -0.142130
0.342543 0.476367 -0.139113
0.379296 0.539517 -0.136095
0.416049 0.518000 -0.133077
0.452802 0.454850 -0.130060
0.489554 0.391700 -0.127042
0.473693 0.328550 -0.124025
0.436240 0.264197 -0.120949
0.398787 0.199844 -0.117874
0.361334 0.135492 -0.114799
0.323881 0.071139 -0.111724
0.286428 0.006786 -0.108649
0.248975 -0.057567 -0.105574
0.211523 -0.121919 -0.102499
0.174070 -0.186272 -0.099424
0.136617 -0.250625 -0.096349
0.099164 -0.314978 -0.093274
0.061024 -0.380511 -0.090142
0.022884 -0.446045 -0.087011
-0.015256 -0.488422 -0.083879
-0.053396 -0.422888 -0.080748
-0.091536 -0.357355 -0.077616
-0.129677 -0.291821 -0.074484
-0.167817 -0.226288 -0.071353
-0.205957 -0.160754 -0.068221
-0.244097 -0.095220 -0.065090
-0.282237 -0.029687 -0.061958
-0.321052 0.037007 -0.058771
-0.359867 0.103701 -0.055584
-0.398683 0.170394 -0.052397
-0.437498 0.237088 -0.049210
-0.476313 0.303781 -0.046024
-0.484872 0.370475 -0.042837
-0.446057 0.437169 -0.039650
-0.407242 0.503863 -0.036463
-0.368427 0.570556 -0.033276
-0.329611 0.637249 -0.030089
-0.290133 0.672964 -0.026847
-0.250654 0.605130 -0.023606
-0.211175 0.537296 -0.020364
-0.171696 0.469463 -0.017123
-0.132218 0.401629 -0.013882
-0.092739 0.333795 -0.010640
-0.053260 0.265962 -0.007399
-0.013781 0.198128 -0.004157
0.025697 0.130294 -0.000916
0.065176 0.062460 0.002326
0.105307 -0.006495 0.005621
0.145439 -0.075450 0.008916
0.185570 -0.144405 0.012211
0.225701 -0.213360 0.015506
0.265833 -0.282315 0.018801
0.305964 -0.351270 0.022096
0.346095 -0.420225 0.025391
0.386226 -0.489181 0.028686
0.426358 -0.441864 0.031981
0.466489 -0.372909 0.035276
0.492738 -0.302851 0.038623
0.451964 -0.232792 0.041971
0.411191 -0.162734 0.045319
0.370417 -0.092676 0.048667
0.329644 -0.022617 0.052014
0.288870 0.047441 0.055362
0.248097 0.117500 0.058710
0.207324 0.187558 0.062058
0.166550 0.257616 0.065405
0.125777 0.327675 0.068753
0.084371 0.398820 0.072153
0.042965 0.469964 0.075552
0.001560 0.541109 0.078952
-0.039846 0.612254 0.082352
-0.081252 0.683398 0.085751
-0.122657 0.754543 0.089151
-0.164063 0.825688 0.092550
-0.205469 0.777199 0.095950
-0.246874 0.706055 0.099350
-0.288280 0.634910 0.102749
-0.330308 0.562695 0.106200
-0.372337 0.490481 0.109651
-0.414365 0.418266 0.113102
-0.456394 0.346052 0.116552
-0.498422 0.273837 0.120003
-0.459549 0.201622 0.123454
-0.417521 0.129408 0.126905
-0.375493 0.057193 0.130355
-0.333464 -0.015021 0.133806
-0.291436 -0.087236 0.137257
-0.248794 -0.160505 0.140758
-0.206152 -0.233774 0.144259
-0.163510 -0.307042 0.147761
-0.120868 -0.380311 0.151262
-0.078226 -0.453580 0.154763
-0.035584 -0.473152 0.158264
0.007058 -0.399883 0.161765
0.049700 -0.326614 0.165266
0.092342 -0.253345 0.168768
0.134983 -0.180077 0.172269
0.178230 -0.105768 0.175820
0.221477 -0.031460 0.179370
0.264724 0.042848 0.182921
0.307970 0.117156 0.186472
0.351217 0.191464 0.190023
0.394464 0.265773 0.193574
0.437711 0.340081 0.197124
0.480957 0.414389 0.200675
0.475796 0.488697 0.204226
0.432549 0.563005 0.207777
0.388706 0.638338 0.211377
0.344862 0.713671 0.214976
0.301019 0.789005 0.218576
0.257176 0.864338 0.222176
0.213332 0.860097 0.225776
0.169489 0.784764 0.229376
0.125645 0.709431 0.232975
0.081802 0.634098 0.236575
0.037959 0.558765 0.240175
-0.005885 0.483432 0.243775
-0.050317 0.407087 0.247423
-0.094748 0.330743 0.251071
-0.139180 0.254399 0.254719
-0.183612 0.178055 0.258367
-0.228044 0.101710 0.262015
-0.272476 0.025366 0.265664
-0.316908 -0.050979 0.269312
-0.361340 -0.127323 0.272960
-0.334966 -0.101846 0.248032
-0.278247 -0.032731 0.210857
-0.220787 0.037287 0.173196
-0.163327 0.107305 0.135535
-0.105866 0.177323 0.097874
-0.048406 0.247341 0.060213
0.009054 0.317360 0.022552
0.066515 0.387378 -0.015108
0.123975 0.457396 -0.052769
0.181435 0.527414 -0.090430
0.238896 0.597432 -0.128091
0.296356 0.667450 -0.165752
0.354548 0.738361 -0.203893
0.412741 0.809271 -0.242033
0.470933 0.880182 -0.280174
0.470875 0.951092 -0.318315
0.412682 1.022003 -0.356456
0.354490 1.046807 -0.394596
0.296298 0.975897 -0.432737
0.238105 0.904986 -0.470878
0.179913 0.834076 -0.490982
0.121721 0.763165 -0.452841
0.062805 0.691374 -0.414226
0.003890 0.619584 -0.375612
-0.055025 0.547793 -0.336997
-0.113940 0.476002 -0.298383
-0.172855 0.404211 -0.259768
-0.231771 0.332420 -0.221153
-0.290686 0.260629 -0.182539
-0.349601 0.188837 -0.143925
-0.408516 0.117046 -0.105310
-0.467432 0.045255 -0.066696
-0.472939 -0.027406 -0.027613
-0.413309 -0.100067 0.011469
-0.353680 -0.172729 0.050552
-0.294051 -0.245390 0.089634
-0.234421 -0.318051 0.128717
-0.174792 -0.390713 0.167800
-0.115162 -0.463374 0.206882
-0.055533 -0.463965 0.245965
0.004096 -0.391303 0.285047
0.063726 -0.318642 0.324130
0.124061 -0.245121 0.363675
0.184396 -0.171599 0.403220
0.244731 -0.098078 0.442765
0.305066 -0.024557 0.482310
0.365401 0.048964 0.478145
0.425736 0.122486 0.438600
0.486071 0.196007 0.399055
0.453594 0.269528 0.359510
0.393258 0.343049 0.319965
0.332923 0.416570 0.280420
0.271891 0.490941 0.240418
0.210858 0.565313 0.200416
0.149825 0.639684 0.160413
0.088793 0.714055 0.120411
0.027760 0.788426 0.080409
-0.033273 0.862797 0.040407
-0.094305 0.937168 0.000404
-0.155338 1.011539 -0.039598
-0.216370 1.085910 -0.079600
-0.277403 1.160281 -0.119602
-0.339126 1.184240 -0.160057
-0.400848 1.109028 -0.200511
-0.462570 1.033817 -0.240965
-0.475707 0.958605 -0.281420
-0.413985 0.883394 -0.321874
-0.352262 0.808182 -0.362328
-0.290540 0.732971 -0.402782
-0.228818 0.657759 -0.443237
-0.167096 0.582548 -0.483691
-0.105373 0.507336 -0.475855
-0.042969 0.431293 -0.434954
0.019435 0.355251 -0.394052
0.081840 0.279208 -0.353151
0.144244 0.203165 -0.312250
0.206648 0.127123 -0.271348
0.269053 0.051080 -0.230447
0.331457 -0.024963 -0.189546
0.393861 -0.101006 -0.148644
0.456265 -0.177048 -0.107743
0.481330 -0.253091 -0.066842
0.418251 -0.329956 -0.025498
0.355172 -0.406820 0.015845
0.292093 -0.483685 0.057189
0.229014 -0.439450 0.098532
0.165935 -0.362586 0.139876
0.102856 -0.285721 0.181219
0.039777 -0.208856 0.222563
-0.023302 -0.131992 0.263906
-0.086381 -0.055127 0.305250
-0.149460 0.021738 0.346593
-0.213206 0.099416 0.388374
-0.276953 0.177095 0.430155
-0.340699 0.254773 0.471936
-0.404446 0.332451 0.486283
-0.468193 0.410129 0.444502
-0.468061 0.487808 0.402721
-0.404314 0.565486 0.360939
-0.340568 0.643164 0.319158
-0.276821 0.720841 0.277377
-0.213075 0.798519 0.235596
-0.148667 0.877003 0.193382
-0.084260 0.955486 0.151168
-0.019853 1.033969 0.108954
0.044554 1.112451 0.066740
0.108961 1.190934 0.024526
0.173368 1.269417 -0.017688
0.237775 1.347899 -0.059901
0.302182 1.426382 -0.102115
0.366589 1.393078 -0.144329
0.430996 1.314595 -0.186543
0.496057 1.235315 -0.229186
0.438882 1.156035 -0.271828
0.373821 1.076755 -0.314471
0.308760 0.997475 -0.357114
0.243699 0.918195 -0.399756
0.178638 0.838915 -0.442399
0.113577 0.759634 -0.485042
0.048516 0.680354 -0.472316
-0.016545 0.601074 -0.429673
-0.081606 0.521794 -0.387030
-0.147314 0.441725 -0.343964
-0.213022 0.361656 -0.300897
-0.278731 0.281587 -0.257830
-0.344439 0.201518 -0.214763
-0.410148 0.121449 -0.171696
-0.475856 0.041380 -0.128629
-0.458435 -0.038688 -0.085563
-0.392727 -0.118757 -0.042496
-0.327018 -0.198826 0.000571
-0.261310 -0.278895 0.043638
-0.194960 -0.359745 0.087125
-0.128611 -0.440595 0.130612
-0.062261 -0.478555 0.174099
0.004088 -0.397704 0.217586
0.070438 -0.316854 0.261073
0.136787 -0.236004 0.304560
0.203136 -0.155154 0.348047
0.269486 -0.074304 0.391534
0.335835 0.006546 0.435021
0.402185 0.087396 0.478508
0.469169 0.169020 0.477589
0.463846 0.250643 0.433685
0.396862 0.332267 0.389782
0.329878 0.413891 0.345879
0.262894 0.495515 0.301975
0.195909 0.577139 0.258072
0.128925 0.658762 0.214169
0.061940 0.740386 0.170266
-0.005044 0.822010 0.126363
-0.072028 0.903634 0.082459
-0.139642 0.986024 0.038144
-0.207255 1.068414 -0.006171
-0.274869 1.150805 -0.050487
-0.342482 1.233195 -0.094802
-0.410096 1.315585 -0.139118
-0.477709 1.397976 -0.183433
-0.454678 1.480366 -0.227749
-0.387064 1.562756 -0.272064
-0.319451 1.556494 -0.316380
-0.251837 1.474104 -0.360695
-0.183601 1.390954 -0.405419
-0.115364 1.307804 -0.450143
-0.047128 1.224655 -0.494866
0.021109 1.141505 -0.460410
0.089345 1.058355 -0.415686
0.157582 0.975206 -0.370962
0.225819 0.892056 -0.326239
0.294055 0.808906 -0.281515
0.362292 0.725757 -0.236791
0.430528 0.642607 -0.192067
0.471129 0.591741 -0.164740
0.398718 0.673018 -0.208618
0.326307 0.754296 -0.252496
0.253896 0.835573 -0.296375
0.181484 0.916851 -0.340253
0.109073 0.998128 -0.384131
0.036662 1.079405 -0.428009
-0.035749 1.160682 -0.471888
-0.108161 1.241959 -0.484234
-0.180572 1.323236 -0.440356
-0.253627 1.405236 -0.396087
-0.326682 1.487237 -0.351819
-0.399737 1.569237 -0.307551
-0.472792 1.651238 -0.263282
-0.454153 1.733238 -0.219014
-0.381098 1.815239 -0.174746
-0.308043 1.819016 -0.130478
-0.234988 1.737016 -0.086209
-0.161933 1.655015 -0.041941
-0.088878 1.573015 0.002327
-0.015185 1.490299 0.046982
0.058508 1.407583 0.091637
0.132201 1.324867 0.136292
0.205894 1.242152 0.180947
0.279587 1.159436 0.225602
0.353280 1.076720 0.270257
0.426973 0.994004 0.314912
0.499334 0.911288 0.359567
0.425641 0.828572 0.404221
0.351948 0.745855 0.448876
0.277622 0.662429 0.493915
0.203297 0.579003 0.461047
0.128971 0.495577 0.416009
0.054646 0.412150 0.370971
-0.019680 0.328724 0.325933
-0.094005 0.245298 0.280895
-0.168331 0.161872 0.235856
-0.242656 0.078446 0.190818
-0.316982 -0.004980 0.145780
-0.391307 -0.088407 0.100742
-0.466260 -0.172537 0.055324
-0.458787 -0.256667 0.009905
-0.383834 -0.340797 -0.035513
-0.308881 -0.424927 -0.080931
-0.233929 -0.490943 -0.126350
-0.158976 -0.406812 -0.171768
-0.084023 -0.322682 -0.217186
-0.009070 -0.238552 -0.262604
0.065882 -0.154422 -0.308023
0.140835 -0.070292 -0.353441
0.216410 0.014537 -0.399236
0.291985 0.099365 -0.445032
0.367559 0.184193 -0.490827
0.443134 0.269022 -0.463378
0.481291 0.353850 -0.417583
0.429962 0.419625 -0.388556
0.475616 0.409185 -0.426604
0.478730 0.398745 -0.464653
0.433076 0.388306 -0.497299
0.387421 0.377866 -0.459251
0.341394 0.367341 -0.420893
0.295367 0.356816 -0.382534
0.249340 0.346291 -0.344175
0.203313 0.335766 -0.305816
0.157286 0.325241 -0.267457
0.111259 0.314716 -0.229098
0.065232 0.304191 -0.190740
0.019205 0.293666 -0.152381
-0.026822 0.283141 -0.114022
-0.072849 0.272616 -0.075663
-0.119245 0.262007 -0.036997
-0.165642 0.251397 0.001670
-0.212039 0.240788 0.040337
-0.258435 0.230178 0.079004
-0.304832 0.219569 0.117671
-0.351228 0.208959 0.156338
-0.397625 0.198350 0.195004
-0.444022 0.187740 0.233671
-0.490418 0.177131 0.272338
-0.463185 0.166522 0.311005
-0.416422 0.155828 0.349977
-0.369658 0.145135 0.388950
-0.322895 0.134441 0.427922
-0.276132 0.123748 0.466895
-0.229368 0.113055 0.494133
-0.182605 0.102361 0.455160
-0.135841 0.091668 0.416188
-0.089078 0.080975 0.377215
-0.042314 0.070282 0.338243
0.004449 0.059588 0.299270
0.051576 0.048812 0.259994
0.098704 0.038035 0.220719
0.145831 0.027259 0.181443
0.192958 0.016482 0.142167
0.240086 0.005705 0.102891
0.287213 -0.005071 0.063616
0.334340 -0.015848 0.024340
0.381468 -0.026624 -0.014936
0.428595 -0.037401 -0.054212
0.475722 -0.048177 -0.093488
0.476789 -0.059036 -0.133064
0.429301 -0.069896 -0.172641
0.381812 -0.080755 -0.212218
0.334324 -0.091614 -0.251795
0.286835 -0.102473 -0.291372
0.239347 -0.113332 -0.330948
0.191858 -0.124191 -0.370525
0.144370 -0.135050 -0.410102
0.096881 -0.145909 -0.449679
0.049393 -0.156769 -0.489256
0.001546 -0.167710 -0.470869
-0.046301 -0.178651 -0.430993
-0.094148 -0.189592 -0.391118
-0.141995 -0.200533 -0.351242
-0.189842 -0.211474 -0.311366
-0.237689 -0.222415 -0.271491
-0.285536 -0.233356 -0.231615
-0.333383 -0.244297 -0.191740
-0.381230 -0.255238 -0.151864
-0.429077 -0.266179 -0.111989
-0.477279 -0.277201 -0.071817
-0.474518 -0.288224 -0.031645
-0.426315 -0.299246 0.008527
-0.378113 -0.310268 0.048699
-0.329910 -0.321291 0.088871
-0.281708 -0.332313 0.129043
-0.233505 -0.343336 0.169215
-0.185302 -0.354358 0.209386
-0.137100 -0.365380 0.249558
-0.088897 -0.376403 0.289730
-0.040341 -0.387506 0.330197
0.008215 -0.398609 0.370663
0.056770 -0.409712 0.411129
0.105326 -0.420815 0.451595
0.153882 -0.431918 0.492061
0.202438 -0.443022 0.467472
0.250994 -0.454125 0.427006
0.299550 -0.465228 0.386540
0.348105 -0.476331 0.346074
0.396661 -0.487434 0.305608
0.445568 -0.498618 0.264849
0.494474 -0.490199 0.224091
0.456619 -0.479016 0.183332
0.407713 -0.467832 0.142574
0.358806 -0.456649 0.101815
0.309900 -0.445466 0.061057
0.260993 -0.434282 0.020299
0.417943 -0.339110 -0.044811
0.425108 -0.243937 -0.109920
0.268158 -0.148765 -0.175030
0.110092 -0.052915 -0.240602
-0.047975 0.042935 -0.306175
-0.206041 0.138785 -0.371748
-0.364108 0.234636 -0.437321
-0.477826 0.330485 -0.497106
-0.319760 0.426335 -0.431533
-0.161693 0.522185 -0.365961
-0.003627 0.618036 -0.300388
0.154440 0.713886 -0.234815
0.312506 0.809736 -0.169242
0.471682 0.906259 -0.103209
0.369142 1.002781 -0.037176
0.209967 1.099304 0.028857
0.050791 1.195826 0.094890
-0.108385 1.292349 0.160923
-0.267560 1.388872 0.226956
-0.426736 1.485394 0.292989
-0.414088 1.581917 0.359022
-0.254913 1.678439 0.425055
-0.095737 1.774962 0.491088
0.064540 1.872152 0.442422
0.224818 1.969342 0.375932
0.385095 2.066533 0.309443
0.454628 2.163724 0.242953
0.294351 2.260916 0.176463
0.134074 2.358107 0.109973
-0.026204 2.273292 0.043483
-0.186481 2.176101 -0.023007
-0.346758 2.078909 -0.089497
-0.492965 1.981718 -0.155987
-0.331594 1.883864 -0.222931
-0.170222 1.786010 -0.289874
-0.008851 1.688156 -0.356818
0.152520 1.590302 -0.423762
0.281432 1.490839 -0.494366
0.118206 1.376896 -0.402089
-0.045019 1.262954 -0.298543
-0.208245 1.149011 -0.194998
-0.371470 1.035068 -0.091452
-0.465304 0.921126 0.012093
-0.300980 0.806417 0.116336
-0.136655 0.691708 0.220579
0.027670 0.576999 0.324822
0.191994 0.462289 0.429065
0.356319 0.347580 0.466692
0.479356 0.232871 0.362450
0.315032 0.118161 0.258207
0.150707 0.003452 0.153964
-0.013618 -0.111258 0.049721
-0.177942 -0.225967 -0.054522
-0.343359 -0.341439 -0.159457
-0.491225 -0.456910 -0.264393
-0.325808 -0.427618 -0.369328
-0.160391 -0.312147 -0.474264
0.005025 -0.196675 -0.420801
0.170442 -0.081204 -0.315865
0.335858 0.034268 -0.210930
0.498725 0.149740 -0.105994
0.333309 0.265211 -0.001059
0.167892 0.380683 0.103877
0.001391 0.496911 0.209500
-0.165111 0.613140 0.315124
-0.331612 0.729370 0.420747
-0.498113 0.845599 0.473629
-0.335385 0.961828 0.368006
-0.168884 1.078057 0.262382
-0.002383 1.194286 0.156758
0.164119 1.310515 0.051135
0.330620 1.426744 -0.054489
0.497121 1.542973 -0.160112
0.335300 1.659954 -0.266420
0.167721 1.776935 -0.372727
0.000142 1.893917 -0.479034
-0.167437 2.010898 -0.414658
-0.335016 2.127878 -0.308351
-0.497405 2.244858 -0.202044
-0.329826 2.361838 -0.095737
-0.162247 2.478818 0.010571
0.005332 2.595798 0.116878
0.172911 2.712778 0.223185
0.341561 2.830507 0.330172
0.489789 2.719422 0.437158
0.321140 2.601693 0.455855
0.152490 2.483964 0.348869
-0.016160 2.366235 0.241883
-0.184810 2.248507 0.134896
-0.353460 2.130778 0.027910
-0.477891 2.013049 -0.079077
-0.309241 1.895321 -0.186063
-0.140591 1.777592 -0.293050
0.029123 1.659121 -0.400711
0.198837 1.540649 -0.491627
0.368550 1.422178 -0.383966
0.461736 1.303706 -0.276304
0.292022 1.185235 -0.168643
0.122308 1.066764 -0.060981
-0.047406 0.948292 0.046680
-0.217119 0.829821 0.154342
-0.386833 0.711349 0.262003
-0.443453 0.592878 0.369665
-0.272682 0.473669 0.477997
-0.101911 0.354459 0.413670
0.068861 0.235250 0.305338
0.239632 0.116040 0.197006
0.410403 -0.003170 0.088673
0.418826 -0.122379 -0.019659
0.248055 -0.241589 -0.127991
0.077283 -0.360798 -0.236324
-0.093488 -0.480008 -0.344656
-0.264259 -0.400783 -0.452988
-0.436081 -0.280840 -0.438013
-0.392096 -0.160896 -0.329014
-0.220274 -0.040953 -0.220015
-0.048452 0.078990 -0.111016
0.123370 0.198933 -0.002017
0.295192 0.318876 0.106982
0.467015 0.438819 0.215981
0.361163 0.558762 0.324980
0.189341 0.678705 0.433979
0.017518 0.798648 0.457022
-0.155348 0.919320 0.347360
-0.328215 1.039992 0.237699
-0.498919 1.160664 0.128037
-0.326052 1.281336 0.018375
-0.153185 1.402008 -0.091286
0.019681 1.522680 -0.200948
0.192548 1.643352 -0.310610
0.365415 1.764024 -0.420271
0.461719 1.884696 -0.470067
0.288852 2.005368 -0.360406
0.114947 2.126766 -0.250086
-0.058958 2.248164 -0.139765
-0.232863 2.369562 -0.029445
-0.406768 2.490960 0.080875
-0.419328 2.612358 0.191195
-0.245423 2.733756 0.301516
-0.071518 2.855154 0.411836
0.102387 2.976552 0.477844
0.276292 2.960393 0.367524
0.450197 2.838995 0.257204
0.374866 2.716877 0.146229
0.199929 2.594759 0.035254
0.024992 2.472641 -0.075721
-0.149945 2.350523 -0.186696
-0.324882 2.228405 -0.297671
-0.499819 2.106287 -0.408646
-0.325244 1.984169 -0.480379
-0.150307 1.862051 -0.369404
0.024630 1.739933 -0.258430
0.199567 1.617815 -0.147455
0.375530 1.494982 -0.035829
0.448507 1.372149 0.075797
0.272544 1.249316 0.187423
0.096581 1.126482 0.299049
-0.079382 1.003649 0.410675
-0.255345 0.880815 0.477700
-0.431308 0.757982 0.366074
-0.392729 0.635148 0.254448
-0.216766 0.512314 0.142822
-0.040803 0.389480 0.031196
0.136180 0.265934 -0.081077
0.313164 0.142388 -0.193349
0.490147 0.018843 -0.305622
0.332870 -0.104703 -0.417896
0.155887 -0.228249 -0.469831
-0.021096 -0.351795 -0.357558
-0.198079 -0.475341 -0.245285
-0.375063 -0.401113 -0.133012
-0.447954 -0.277568 -0.020739
-0.270971 -0.154022 0.091534
-0.092974 -0.029768 0.204450
0.085024 0.094486 0.317367
0.263021 0.218740 0.430283
0.441018 0.342994 0.456800
0.380984 0.467248 0.343884
0.202987 0.591501 0.230967
0.024990 0.715755 0.118051
-0.153008 0.840009 0.005135
-0.331005 0.964262 -0.107782
-0.490997 1.088516 -0.220698
-0.311992 1.213474 -0.334254
-0.132986 1.338431 -0.447810
0.046020 1.463389 -0.438634
0.225026 1.588347 -0.325077
0.404032 1.713304 -0.211521
0.416962 1.838262 -0.097965
0.237956 1.963219 0.015591
0.058950 2.088177 0.129147
-0.120055 2.213135 0.242703
-0.299061 2.338092 0.356259
-0.479070 2.463751 0.470452
-0.340921 2.589409 0.415356
-0.160913 2.715068 0.301164
0.019096 2.840726 0.186971
0.199105 2.966385 0.072779
0.379114 3.092043 -0.041413
0.440878 3.217702 -0.155606
0.260869 3.343360 -0.269798
0.080860 3.336393 -0.383990
-0.099148 3.210734 -0.498183
-0.280154 3.084379 -0.386992
-0.461160 2.958025 -0.272167
-0.357834 2.831670 -0.157342
-0.176828 2.705315 -0.042517
0.004178 2.578961 0.072308
0.185184 2.452606 0.187133
0.366190 2.326251 0.301958
0.452804 2.199897 0.416783
0.271798 2.073542 0.468392
0.090792 1.947188 0.353567
-0.091206 1.820142 0.238113
-0.273204 1.693096 0.122659
-0.455201 1.566049 0.007204
-0.362801 1.439003 -0.108250
-0.180803 1.311957 -0.223704
0.001195 1.184911 -0.339158
0.183193 1.057865 -0.454612
0.365190 0.930819 -0.429934
0.452812 0.803772 -0.314479
0.270814 0.676725 -0.199025
0.087830 0.548990 -0.082945
-0.095154 0.421255 0.033135
-0.278139 0.293520 0.149215
-0.461123 0.165785 0.265294
-0.355893 0.038050 0.381375
-0.172909 -0.089685 0.497455
0.010076 -0.217420 0.386465
0.193060 -0.345155 0.270385
0.376044 -0.472891 0.154305
0.440972 -0.399374 0.038226
0.257006 -0.270954 -0.078477
0.073041 -0.142534 -0.195179
-0.110925 -0.014114 -0.311881
-0.294890 0.114305 -0.428584
-0.478856 0.242725 -0.454714
-0.337179 0.371145 -0.338012
-0.153213 0.499565 -0.221309
0.030752 0.627985 -0.104607
0.214718 0.756405 0.012095
0.398683 0.884825 0.128798
0.416375 1.013927 0.246119
0.231434 1.143028 0.363441
0.046493 1.272129 0.480762
-0.138449 1.401230 0.401916
-0.323390 1.530332 0.284594
-0.491669 1.659433 0.167273
-0.306727 1.788534 0.049951
-0.121786 1.917636 -0.067370
0.063155 2.046737 -0.184692
0.248097 2.175838 -0.302013
0.434009 2.305616 -0.419950
0.380079 2.435395 -0.462112
0.194166 2.565173 -0.344175
0.008254 2.694952 -0.226238
-0.177658 2.824730 -0.108300
-0.363570 2.954508 0.009637
-0.450517 3.084287 0.127574
-0.264605 3.214065 0.245512
-0.078693 3.343843 0.363449
0.107219 3.473622 0.481386
0.294097 3.604075 0.400064
0.480975 3.734528 0.281514
0.332147 3.810528 0.162963
0.145269 3.680075 0.044413
-0.041609 3.549622 -0.074137
-0.228487 3.419169 -0.192687
-0.415365 3.288716 -0.311237
-0.397757 3.158263 -0.429787
-0.210880 3.027810 -0.451663
-0.024002 2.897357 -0.333113
0.163837 2.766233 -0.213954
0.351676 2.635110 -0.094794
0.460485 2.503987 0.024365
0.272647 2.372864 0.143525
0.084808 2.241741 0.262684
-0.103031 2.110618 0.381844
-0.290870 1.979495 0.498997
-0.478708 1.848371 0.379837
-0.333453 1.717246 0.260678
-0.145614 1.586122 0.141518
0.043181 1.454331 0.021752
0.231975 1.322541 -0.098014
0.420770 1.190750 -0.217780
0.390435 1.058959 -0.337546
0.201640 0.927168 -0.457312
0.012846 0.795377 -0.422922
-0.175949 0.663586 -0.303156
-0.364744 0.531795 -0.183391
-0.446462 0.400004 -0.063625
-0.257667 0.268213 0.056141
-0.067921 0.135758 0.176511
0.121825 0.003303 0.296880
0.311571 -0.129152 0.417249
0.498684 -0.261607 0.462382
0.308938 -0.394062 0.342013
0.119192 -0.473483 0.221644
-0.070554 -0.341028 0.101274
-0.260300 -0.208573 -0.019095
-0.450045 -0.076118 -0.139464
-0.360209 0.056337 -0.259833
-0.169517 0.189453 -0.380803
0.021176 0.322568 -0.498227
0.211868 0.455684 -0.377257
0.402560 0.588800 -0.256288
0.406748 0.721915 -0.135318
0.216055 0.855031 -0.014349
0.025363 0.988147 0.106621
-0.165329 1.121263 0.227591
-0.356021 1.254379 0.348560
