-0.101212 -0.191861 -0.267642
-0.118354 -0.189889 -0.248434
-0.135496 -0.187918 -0.229227
-0.152638 -0.185947 -0.210019
-0.169780 -0.183976 -0.190811
-0.186922 -0.182004 -0.171604
-0.189855 -0.223809 -0.173667
-0.183314 -0.277599 -0.189912
-0.176773 -0.304344 -0.206156
-0.170233 -0.335075 -0.222400
-0.159036 -0.368398 -0.218675
-0.147359 -0.389887 -0.235898
-0.135681 -0.411376 -0.253122
-0.124004 -0.432866 -0.270345
-0.112327 -0.454355 -0.287568
-0.100650 -0.475844 -0.304792
-0.088973 -0.497333 -0.322015
-0.077296 -0.481177 -0.339238
-0.065618 -0.459688 -0.356462
-0.053941 -0.438199 -0.373685
-0.042264 -0.416710 -0.390909
-0.028781 -0.391896 -0.410797
-0.015297 -0.367082 -0.430685
-0.001813 -0.342269 -0.450573
0.011670 -0.352968 -0.470461
0.025154 -0.377782 -0.490348
0.038637 -0.402595 -0.489764
0.052121 -0.427409 -0.469876
0.065605 -0.452223 -0.449988
0.079088 -0.477036 -0.430100
0.092572 -0.498150 -0.410212
0.107647 -0.470407 -0.387976
0.122722 -0.442665 -0.365741
0.137797 -0.414923 -0.343505
0.152872 -0.387180 -0.321270
0.136359 -0.388145 -0.320070
0.098788 -0.408247 -0.332894
0.061216 -0.428350 -0.345718
0.023645 -0.448453 -0.358543
-0.013927 -0.468555 -0.371367
-0.051498 -0.488658 -0.384191
-0.092656 -0.489321 -0.398239
-0.133813 -0.467300 -0.412288
-0.174971 -0.445279 -0.426336
-0.216128 -0.423257 -0.440384
-0.245488 -0.416004 -0.455861
-0.269793 -0.415079 -0.471949
-0.294098 -0.414154 -0.488038
-0.318403 -0.413229 -0.495873
-0.326942 -0.412959 -0.490871
-0.311833 -0.413669 -0.497500
-0.295513 -0.414437 -0.484940
-0.279193 -0.415204 -0.472379
-0.262873 -0.415971 -0.459819
-0.246554 -0.416739 -0.447258
-0.230234 -0.417506 -0.434698
-0.213914 -0.418274 -0.422137
-0.197594 -0.419041 -0.409577
-0.181275 -0.419808 -0.397016
-0.164955 -0.420576 -0.384456
-0.148635 -0.421343 -0.371895
-0.131188 -0.422164 -0.358468
-0.113742 -0.422984 -0.345040
-0.096295 -0.423805 -0.331612
-0.078849 -0.424625 -0.318184
-0.061402 -0.425446 -0.304757
-0.043956 -0.426266 -0.291329
-0.026509 -0.427086 -0.277901
-0.009063 -0.427907 -0.264473
0.008384 -0.428727 -0.251046
0.025830 -0.429548 -0.237618
0.044335 -0.430418 -0.223376
0.062840 -0.431288 -0.209134
0.081345 -0.432159 -0.194892
0.099850 -0.433029 -0.180650
0.118354 -0.433899 -0.166408
0.136859 -0.434769 -0.152166
0.155364 -0.435639 -0.137924
0.173869 -0.436510 -0.123681
0.192374 -0.437380 -0.109439
0.210879 -0.438250 -0.095197
0.230384 -0.439167 -0.080185
0.249890 -0.440085 -0.065172
0.269396 -0.441002 -0.050160
0.288902 -0.441919 -0.035147
0.308408 -0.442837 -0.020134
0.327914 -0.443754 -0.005122
0.347420 -0.444671 0.009891
0.366926 -0.445589 0.024903
0.386432 -0.446506 0.039916
0.405938 -0.447423 0.054928
0.426395 -0.448385 0.070673
0.446853 -0.449347 0.086419
0.467311 -0.450309 0.102164
0.487769 -0.451271 0.117909
0.491773 -0.452233 0.133654
0.471316 -0.453195 0.149400
0.450858 -0.454157 0.165145
0.454589 -0.451536 0.163812
0.482510 -0.445332 0.145402
0.489570 -0.439129 0.126991
0.460407 -0.432649 0.107762
0.431245 -0.426169 0.088533
0.402083 -0.419689 0.069304
0.372921 -0.413209 0.050075
0.343759 -0.406729 0.030846
0.314597 -0.400249 0.011617
0.285434 -0.393769 -0.007613
0.256272 -0.387289 -0.026842
0.227110 -0.380809 -0.046071
0.197948 -0.374329 -0.065300
0.167595 -0.367585 -0.085314
0.137243 -0.360840 -0.105329
0.106890 -0.354096 -0.125343
0.076537 -0.347351 -0.145357
0.046184 -0.340607 -0.165372
0.015831 -0.333862 -0.185386
-0.014521 -0.327117 -0.205400
-0.044874 -0.320373 -0.225415
-0.075227 -0.313628 -0.245429
-0.105580 -0.306884 -0.265443
-0.137079 -0.299885 -0.286213
-0.168577 -0.292886 -0.306983
-0.200076 -0.285886 -0.327753
-0.231575 -0.278887 -0.348523
-0.263073 -0.271888 -0.369293
-0.294572 -0.264889 -0.390062
-0.326071 -0.257890 -0.410832
-0.357569 -0.250891 -0.431602
-0.389068 -0.243892 -0.452372
-0.420567 -0.236893 -0.473142
-0.453171 -0.229648 -0.494641
-0.485775 -0.222403 -0.483861
-0.481621 -0.215159 -0.462362
-0.449017 -0.207914 -0.440863
-0.416413 -0.200669 -0.419364
-0.383809 -0.193424 -0.397865
-0.351205 -0.186179 -0.376367
-0.340004 -0.180784 -0.369863
-0.378744 -0.179704 -0.398350
-0.417484 -0.178624 -0.426836
-0.457495 -0.177508 -0.456256
-0.449881 -0.177435 -0.434244
-0.490850 -0.170415 -0.377793
-0.422826 -0.162593 -0.318943
-0.354802 -0.154772 -0.260094
-0.286779 -0.146951 -0.201244
-0.218755 -0.139130 -0.142395
-0.150731 -0.131309 -0.083545
-0.082707 -0.123488 -0.024696
-0.014684 -0.115666 0.034154
0.055434 -0.107605 0.094814
0.125551 -0.099543 0.155475
0.195668 -0.091481 0.216136
0.265786 -0.083419 0.276796
0.335903 -0.075357 0.337457
0.406020 -0.067295 0.398117
0.476138 -0.059233 0.458778
0.453745 -0.051171 0.480561
0.383627 -0.043109 0.419901
0.313510 -0.035048 0.359240
0.241360 -0.026752 0.296821
0.169210 -0.018456 0.234402
0.097060 -0.010161 0.171983
0.024910 -0.001865 0.109563
-0.047241 0.006430 0.047144
-0.119391 0.014726 -0.015275
-0.191541 0.023022 -0.077695
-0.263691 0.031317 -0.140114
-0.335841 0.039613 -0.202533
-0.407991 0.047908 -0.264953
-0.482119 0.056431 -0.329082
-0.443754 0.064954 -0.393212
-0.369627 0.073477 -0.457342
-0.295500 0.082000 -0.478528
-0.221372 0.090523 -0.414398
-0.187392 0.103071 -0.395997
-0.213633 0.121655 -0.446189
-0.239873 0.140239 -0.496380
-0.266114 0.158824 -0.453428
-0.292354 0.177408 -0.403237
-0.319277 0.196475 -0.351741
-0.344991 0.218156 -0.319454
-0.359834 0.223368 -0.460038
-0.374676 0.178172 -0.399377
-0.389519 0.132977 -0.258793
-0.404362 0.087782 -0.118208
-0.419205 0.042587 0.022376
-0.434047 -0.002608 0.162961
-0.448890 -0.047803 0.303545
-0.463733 -0.092998 0.444130
-0.478942 -0.139310 0.411814
-0.494152 -0.185621 0.267758
-0.490639 -0.231932 0.123701
-0.475430 -0.278243 -0.020355
-0.460221 -0.324554 -0.164411
-0.445011 -0.370866 -0.308467
-0.429802 -0.417177 -0.452524
-0.414593 -0.463488 -0.403420
-0.427584 -0.448848 -0.487634
-0.443709 -0.427434 -0.350577
-0.460213 -0.405517 -0.210294
-0.476717 -0.383600 -0.070012
-0.424714 -0.352592 -0.054353
-0.327039 -0.315524 -0.121777
-0.229364 -0.278456 -0.189200
-0.131689 -0.241388 -0.256624
-0.034014 -0.204320 -0.324047
0.063661 -0.167251 -0.391471
0.161336 -0.130183 -0.458895
0.259011 -0.093115 -0.473682
0.358882 -0.055214 -0.404743
0.458752 -0.017313 -0.335804
0.441378 0.020589 -0.266866
0.341508 0.058490 -0.197927
0.241637 0.096391 -0.128988
0.141767 0.134292 -0.060049
0.041897 0.172194 0.008890
-0.057973 0.210095 0.077829
-0.157844 0.247996 0.146768
-0.257714 0.285898 0.215706
-0.359732 0.324614 0.286128
-0.461750 0.363331 0.356550
-0.436232 0.402047 0.426971
-0.334214 0.440764 0.497393
-0.232196 0.473381 0.432185
-0.130177 0.434665 0.361764
-0.028159 0.395948 0.291342
0.073859 0.357232 0.220920
0.175877 0.318515 0.150499
0.277896 0.279799 0.080077
0.382018 0.240284 0.008203
0.486139 0.200769 -0.063670
0.409739 0.161254 -0.135544
0.305617 0.121740 -0.207418
0.201495 0.082225 -0.279291
0.097373 0.042710 -0.351165
-0.006749 0.003195 -0.423039
-0.110871 -0.036320 -0.494912
-0.214993 -0.075834 -0.433214
-0.319115 -0.115349 -0.361340
-0.425298 -0.155647 -0.288043
-0.468518 -0.195944 -0.214746
-0.362334 -0.236241 -0.141449
-0.256150 -0.276539 -0.068152
-0.149966 -0.316836 0.005145
-0.043782 -0.357133 0.078442
0.062402 -0.397430 0.151740
0.168586 -0.437727 0.225037
0.274770 -0.478025 0.298334
0.380954 -0.481678 0.371631
0.489160 -0.440613 0.446324
0.402633 -0.399548 0.478983
0.294427 -0.358483 0.404289
0.186220 -0.317419 0.329596
0.078013 -0.276354 0.254903
-0.030193 -0.235289 0.180209
-0.138400 -0.194224 0.105516
-0.246607 -0.153159 0.030823
-0.354813 -0.112094 -0.043871
-0.463020 -0.071029 -0.118564
-0.426788 -0.029210 -0.194628
-0.316595 0.012608 -0.270692
-0.206403 0.054427 -0.346756
-0.096211 0.096245 -0.422820
0.013981 0.138064 -0.498884
0.124174 0.179882 -0.425053
0.234366 0.221701 -0.348989
0.344558 0.263519 -0.272925
0.454751 0.305338 -0.196861
0.435057 0.347156 -0.120797
0.322914 0.389715 -0.043386
0.210771 0.432274 0.034024
0.098629 0.474832 0.111434
-0.013514 0.517391 0.188845
-0.125657 0.559950 0.266255
-0.237799 0.602509 0.343665
-0.349942 0.645068 0.421076
-0.462085 0.635411 0.498486
-0.425772 0.592852 0.424104
-0.313629 0.550293 0.346693
-0.199569 0.507007 0.267959
-0.085509 0.463720 0.189226
0.028550 0.420434 0.110492
0.142610 0.377148 0.031758
0.256670 0.333861 -0.046975
0.370730 0.290575 -0.125709
0.484790 0.247288 -0.204443
0.401151 0.204002 -0.283177
0.287091 0.160716 -0.361911
0.173031 0.117430 -0.440644
0.057086 0.073428 -0.479320
-0.058859 0.029426 -0.399285
-0.151983 -0.005102 -0.329829
-0.039710 0.045637 -0.355593
0.072563 0.096376 -0.381356
0.184835 0.147115 -0.407119
0.297108 0.197854 -0.432882
0.409381 0.248594 -0.458646
0.478346 0.299333 -0.484409
0.366073 0.350072 -0.489828
0.252004 0.401623 -0.463653
0.137935 0.453173 -0.437477
0.023866 0.504724 -0.411302
-0.090204 0.556275 -0.385127
-0.204273 0.607826 -0.358951
-0.318342 0.659377 -0.332776
-0.432411 0.710928 -0.306600
-0.453519 0.762479 -0.280425
-0.339450 0.780061 -0.254250
-0.225381 0.728510 -0.228074
-0.109543 0.676160 -0.201493
0.006295 0.623810 -0.174912
0.122133 0.571459 -0.148331
0.237971 0.519109 -0.121750
0.353809 0.466759 -0.095168
0.469646 0.414409 -0.068587
0.414516 0.362059 -0.042006
0.298678 0.309709 -0.015425
0.182840 0.257358 0.011156
0.067002 0.205008 0.037738
-0.050577 0.151871 0.064718
-0.168157 0.098733 0.091699
-0.285737 0.045596 0.118680
-0.403317 -0.007541 0.145661
-0.479103 -0.060679 0.172642
-0.361523 -0.113816 0.199623
-0.243943 -0.166954 0.226604
-0.126363 -0.220091 0.253585
-0.008783 -0.273229 0.280566
0.108797 -0.326366 0.307547
0.228093 -0.380279 0.334922
0.347389 -0.434193 0.362297
0.466686 -0.488106 0.389672
0.414018 -0.457981 0.417047
0.294722 -0.404067 0.444421
0.175425 -0.350154 0.471796
0.056129 -0.296241 0.499171
-0.063168 -0.242328 0.473454
-0.182464 -0.188414 0.446079
-0.301761 -0.134501 0.418704
-0.422749 -0.079823 0.390941
-0.456262 -0.025145 0.363177
-0.335273 0.029533 0.335414
-0.214284 0.084211 0.307651
-0.093296 0.138889 0.279888
0.027693 0.193567 0.252124
0.148682 0.248245 0.224361
0.269670 0.302923 0.196598
0.390659 0.357601 0.168835
0.488352 0.412279 0.141072
0.365694 0.467711 0.112926
0.243037 0.523143 0.084780
0.120379 0.578576 0.056634
-0.002278 0.634008 0.028488
-0.124936 0.689440 0.000341
-0.247594 0.744873 -0.027805
-0.370251 0.800305 -0.055951
-0.492909 0.855737 -0.084097
-0.384433 0.911170 -0.112243
-0.261776 0.966602 -0.140389
-0.137472 0.988396 -0.168913
-0.013167 0.932220 -0.197437
0.111137 0.876044 -0.225961
0.235441 0.819868 -0.254485
0.359745 0.763691 -0.283009
0.484049 0.707515 -0.311532
0.391647 0.651339 -0.340056
0.267343 0.595163 -0.368580
0.143039 0.538987 -0.397104
0.018735 0.482810 -0.425628
-0.107194 0.425900 -0.454525
-0.233123 0.368989 -0.483422
-0.359052 0.312079 -0.487682
-0.484981 0.255168 -0.458785
-0.389090 0.198258 -0.429888
-0.263161 0.141347 -0.400991
-0.137232 0.084436 -0.372094
-0.011303 0.027526 -0.343197
0.114626 -0.029385 -0.314300
0.240555 -0.086296 -0.285403
0.368089 -0.143931 -0.256138
0.495622 -0.201567 -0.226873
0.376845 -0.259202 -0.197608
0.249311 -0.316838 -0.168343
0.121778 -0.374474 -0.139078
-0.005755 -0.432109 -0.109813
-0.133288 -0.489745 -0.080548
-0.260822 -0.452620 -0.051283
-0.388355 -0.394984 -0.022018
-0.484112 -0.337348 0.007247
-0.354994 -0.278997 0.036875
-0.225876 -0.220645 0.066504
-0.096759 -0.162293 0.096132
0.032359 -0.103942 0.125761
0.161477 -0.045590 0.155389
0.290594 0.012762 0.185017
0.419712 0.071113 0.214646
0.451170 0.129465 0.244274
0.322053 0.187817 0.273903
0.192935 0.246168 0.303531
0.062252 0.305227 0.333519
-0.068430 0.364286 0.363507
-0.199113 0.423345 0.393494
-0.329796 0.482404 0.423482
-0.460478 0.541463 0.453470
-0.408839 0.600523 0.483458
-0.278156 0.659582 0.486555
-0.147474 0.718641 0.456567
-0.123357 0.728843 0.441486
-0.156583 0.735593 0.427287
-0.034620 0.848416 0.380320
0.087342 0.961240 0.333354
0.209305 1.019219 0.286388
0.331267 0.906395 0.239421
0.453230 0.793572 0.192455
0.424808 0.680749 0.145489
0.302846 0.567926 0.098523
0.180883 0.455103 0.051556
0.076637 0.529132 -0.021820
-0.027609 0.603162 -0.095197
-0.133060 0.678046 -0.169422
-0.238511 0.752931 -0.243647
-0.343962 0.827816 -0.317872
-0.449413 0.902701 -0.392097
-0.445136 0.977586 -0.466322
-0.339685 1.052471 -0.459453
-0.234234 1.127356 -0.385228
-0.128783 1.202241 -0.311003
-0.023332 1.176643 -0.236778
-0.044357 1.160424 -0.228401
-0.150891 1.183575 -0.264326
-0.257425 1.183722 -0.300250
-0.363959 1.160572 -0.336174
-0.470493 1.137421 -0.372099
-0.422973 1.114271 -0.408023
-0.316438 1.091120 -0.443947
-0.209904 1.067970 -0.479872
-0.103371 1.044820 -0.484204
0.003163 1.021669 -0.448280
0.109697 0.998519 -0.412356
0.217408 0.975113 -0.376034
0.325120 0.951708 -0.339713
0.432831 0.928302 -0.303392
0.459458 0.904897 -0.267070
0.351747 0.881491 -0.230749
0.244035 0.858085 -0.194428
0.136324 0.834680 -0.158107
0.028613 0.811274 -0.121785
-0.079098 0.787869 -0.085464
-0.186809 0.764463 -0.049143
-0.295685 0.740804 -0.012429
-0.404560 0.717146 0.024285
-0.486564 0.693487 0.060999
-0.377688 0.669828 0.097713
-0.268813 0.646169 0.134427
-0.159937 0.622510 0.171141
-0.051062 0.598851 0.207855
0.057814 0.575192 0.244569
0.166690 0.551533 0.281283
0.275565 0.527875 0.317997
0.385593 0.503965 0.355099
0.495621 0.480056 0.392202
0.394351 0.456147 0.429304
0.284324 0.432238 0.466406
0.174296 0.408328 0.496491
0.064268 0.384419 0.459389
-0.045760 0.360510 0.422286
-0.155788 0.336601 0.385184
-0.265815 0.312692 0.348082
-0.375843 0.288782 0.310979
-0.487011 0.264626 0.273492
-0.401821 0.240469 0.236005
-0.290653 0.216312 0.198518
-0.179485 0.192155 0.161031
-0.068317 0.167998 0.123544
0.042851 0.143841 0.086058
0.154019 0.119684 0.048571
0.265187 0.095527 0.011084
0.376355 0.071371 -0.026403
0.487523 0.047214 -0.063890
0.400180 0.022812 -0.101758
0.287883 -0.001591 -0.139625
0.175587 -0.025993 -0.177493
0.063290 -0.050395 -0.215360
-0.049007 -0.074797 -0.253228
-0.161303 -0.099199 -0.291095
-0.273600 -0.123601 -0.328963
-0.385896 -0.148003 -0.366830
-0.498193 -0.172406 -0.404698
-0.389510 -0.196808 -0.442565
-0.276096 -0.221453 -0.480810
-0.162682 -0.246098 -0.480946
-0.049268 -0.270743 -0.442702
0.064146 -0.295388 -0.404457
0.177560 -0.320033 -0.366213
0.290974 -0.344678 -0.327968
0.404388 -0.369323 -0.289724
0.482198 -0.393968 -0.251480
0.368784 -0.418613 -0.213235
0.255370 -0.443258 -0.174991
0.140850 -0.468144 -0.136374
0.026329 -0.493029 -0.097756
-0.088191 -0.482085 -0.059139
-0.202712 -0.457200 -0.020521
-0.317232 -0.432314 0.018096
-0.431753 -0.407429 0.056714
-0.453727 -0.382543 0.095331
-0.339206 -0.357658 0.133949
-0.224686 -0.332772 0.172566
-0.110165 -0.307887 0.211183
0.005451 -0.282763 0.250170
0.121068 -0.257639 0.289158
0.236684 -0.232516 0.328145
0.352300 -0.207392 0.367132
0.467917 -0.182269 0.406119
0.416467 -0.157145 0.445106
0.300851 -0.132022 0.484093
0.185234 -0.106898 0.476920
0.069618 -0.081775 0.437933
-0.045999 -0.056651 0.398946
-0.162701 -0.031292 0.359593
-0.279403 -0.005932 0.320240
-0.396105 0.019427 0.280886
-0.487193 0.044787 0.241533
-0.370491 0.070146 0.202180
-0.253789 0.095506 0.162827
-0.137087 0.120865 0.123474
-0.020385 0.146224 0.084121
0.096317 0.171584 0.044768
0.213019 0.196943 0.005415
0.330797 0.222536 -0.034301
0.448574 0.248130 -0.074017
0.433648 0.273723 -0.113732
0.315870 0.299316 -0.153448
0.198093 0.324909 -0.193164
0.080315 0.350502 -0.232880
-0.037463 0.376095 -0.272596
-0.155240 0.401688 -0.312311
-0.273018 0.427281 -0.352027
-0.390796 0.452874 -0.391743
-0.490361 0.478699 -0.431818
-0.371517 0.504524 -0.471893
-0.252674 0.530349 -0.488032
-0.133830 0.556174 -0.447956
-0.014986 0.581998 -0.407881
0.103857 0.607823 -0.367806
0.222701 0.633648 -0.327731
0.341544 0.659473 -0.287656
0.460388 0.685298 -0.247581
0.420768 0.711123 -0.207505
0.300868 0.737177 -0.167074
0.180968 0.763232 -0.126642
0.061068 0.789286 -0.086211
-0.058832 0.815340 -0.045779
-0.178732 0.841395 -0.005348
-0.298632 0.867449 0.035083
-0.418532 0.893504 0.075515
-0.461568 0.919558 0.115946
-0.341668 0.945612 0.156378
-0.221768 0.971667 0.196809
-0.100821 0.997949 0.237594
0.020126 1.024231 0.278378
0.141074 1.050513 0.319163
0.262021 1.076795 0.359947
0.382968 1.103077 0.400732
0.496085 1.129359 0.441516
0.375138 1.155641 0.482301
0.254191 1.181923 0.476915
0.133244 1.208205 0.436130
0.012297 1.234487 0.395346
-0.109689 1.260995 0.354211
-0.231674 1.287502 0.313076
-0.353659 1.314010 0.271942
-0.475645 1.340517 0.230807
-0.402370 1.367024 0.189672
-0.280384 1.393532 0.148538
-0.158399 1.420039 0.107403
-0.036414 1.446546 0.066268
0.085572 1.473054 0.025134
0.207557 1.499561 -0.016001
0.330572 1.526293 -0.057483
0.453587 1.553024 -0.098964
0.423399 1.579756 -0.140446
0.300384 1.606487 -0.181928
0.177369 1.633219 -0.223410
0.054354 1.659950 -0.264892
-0.068660 1.686682 -0.306374
-0.191675 1.713413 -0.347856
-0.314690 1.740145 -0.389337
-0.437705 1.766876 -0.430819
-0.438260 1.793829 -0.472645
-0.314224 1.820783 -0.485529
-0.190188 1.811073 -0.443703
-0.066152 1.784120 -0.401877
0.057883 1.757166 -0.360050
0.181919 1.730213 -0.318224
0.305954 1.703260 -0.276398
0.429990 1.676307 -0.234572
0.445974 1.649354 -0.192746
0.321938 1.622400 -0.150920
0.196890 1.595228 -0.108753
0.071842 1.568055 -0.066585
-0.053206 1.540883 -0.024418
-0.178254 1.513710 0.017750
-0.303303 1.486537 0.059917
-0.428351 1.459365 0.102085
-0.446601 1.432192 0.144252
-0.321553 1.405020 0.186420
-0.196505 1.377847 0.228587
-0.071457 1.350675 0.270755
0.054596 1.323283 0.313261
0.180649 1.295891 0.355767
0.306701 1.268499 0.398273
0.432754 1.241107 0.440779
0.441194 1.213715 0.483285
0.315141 1.186323 0.474208
0.189089 1.158931 0.431702
0.063036 1.131539 0.389196
-0.063017 1.104147 0.346690
-0.189069 1.076756 0.304184
-0.316118 1.049148 0.261341
-0.443167 1.021540 0.218499
-0.429783 0.993932 0.175657
-0.302734 0.966325 0.132815
-0.385346 0.922231 0.121300
-0.479628 0.874016 0.117617
-0.344601 0.825800 0.113933
-0.209574 0.777585 0.110250
-0.074548 0.729369 0.106567
0.060479 0.681154 0.102883
0.196556 0.632564 0.099172
0.332633 0.583973 0.095460
0.468711 0.535383 0.091748
0.395212 0.486793 0.088036
0.259135 0.438202 0.084324
0.123057 0.389612 0.080612
-0.013020 0.341021 0.076900
-0.149097 0.292430 0.073188
-0.285175 0.243840 0.069476
-0.421252 0.195249 0.065764
-0.441628 0.146286 0.062024
-0.304508 0.097323 0.058283
-0.167388 0.048361 0.054543
-0.030267 -0.000602 0.050802
0.106853 -0.049565 0.047062
0.243973 -0.098528 0.043322
0.381093 -0.147491 0.039581
0.481787 -0.196454 0.035841
0.344667 -0.245417 0.032101
0.207547 -0.294380 0.028360
0.069392 -0.343712 0.024592
-0.068763 -0.393044 0.020823
-0.206918 -0.442377 0.017054
-0.345073 -0.491709 0.013286
-0.483228 -0.458959 0.009517
-0.378617 -0.409626 0.005748
-0.240462 -0.360294 0.001980
-0.102307 -0.310961 -0.001789
0.035848 -0.261629 -0.005557
0.174003 -0.212297 -0.009326
0.313185 -0.162597 -0.013123
0.452367 -0.112898 -0.016919
0.408451 -0.063199 -0.020716
0.269269 -0.013500 -0.024513
0.130086 0.036199 -0.028309
-0.009096 0.085899 -0.032106
-0.148278 0.135598 -0.035902
-0.287460 0.185297 -0.039699
-0.426642 0.234996 -0.043496
-0.434175 0.284696 -0.047292
-0.293974 0.334759 -0.051117
-0.153772 0.384823 -0.054941
-0.013570 0.434886 -0.058766
0.126632 0.484949 -0.062590
0.266833 0.535013 -0.066415
0.407035 0.585076 -0.070239
0.452763 0.635139 -0.074064
0.312561 0.685202 -0.077888
0.172360 0.735265 -0.081712
0.032158 0.785328 -0.085537
-0.109056 0.835753 -0.089389
-0.250270 0.886178 -0.093241
-0.391485 0.936603 -0.097093
-0.467301 0.987028 -0.100945
-0.326087 1.037453 -0.104797
-0.184873 1.087877 -0.108650
-0.043659 1.138301 -0.112502
0.097555 1.188726 -0.116354
0.238769 1.239150 -0.120206
0.379984 1.289574 -0.124058
0.477797 1.340357 -0.127937
0.335578 1.391141 -0.131817
0.193359 1.441924 -0.135696
0.051140 1.492707 -0.139576
-0.091079 1.543490 -0.143456
-0.233298 1.594273 -0.147335
-0.375518 1.645056 -0.151215
-0.482263 1.695840 -0.155094
-0.340044 1.746623 -0.158974
-0.197825 1.797406 -0.162853
-0.054608 1.848545 -0.166760
0.088609 1.899685 -0.170666
0.231827 1.950825 -0.174573
0.375044 2.001964 -0.178480
0.481739 2.053105 -0.182386
0.338522 2.104246 -0.186293
0.195305 2.155387 -0.190200
0.052087 2.206527 -0.194106
-0.091130 2.257668 -0.198013
-0.234347 2.308809 -0.201919
-0.378555 2.308190 -0.205853
-0.477236 2.256696 -0.209787
-0.333028 2.205202 -0.213721
-0.188819 2.153709 -0.217654
-0.044611 2.102215 -0.221588
0.099597 2.050721 -0.225522
0.243806 1.999228 -0.229456
0.388014 1.947734 -0.233390
0.467778 1.896240 -0.237323
0.323569 1.844747 -0.241257
0.178376 1.792902 -0.245218
0.033184 1.741056 -0.249178
-0.112009 1.689211 -0.253139
-0.257202 1.637366 -0.257100
-0.402395 1.585520 -0.261060
-0.452413 1.533675 -0.265021
-0.307220 1.481830 -0.268982
-0.162027 1.429984 -0.272943
-0.016834 1.378139 -0.276903
0.128358 1.326294 -0.280864
0.274529 1.274099 -0.284851
0.420699 1.221905 -0.288839
0.433130 1.169710 -0.292826
0.286960 1.117515 -0.296813
0.140789 1.065321 -0.300800
-0.005382 1.013126 -0.304788
-0.151552 0.960932 -0.308775
-0.297723 0.908737 -0.312762
-0.443893 0.856542 -0.316749
-0.409936 0.804348 -0.320737
-0.262795 0.751806 -0.324750
-0.115653 0.699265 -0.328764
0.031489 0.646723 -0.332778
0.178631 0.594182 -0.336792
0.325772 0.541640 -0.340805
0.472914 0.489099 -0.344819
0.379944 0.436557 -0.348833
0.232802 0.384016 -0.352847
0.085661 0.331474 -0.356861
-0.061481 0.278933 -0.360874
-0.209588 0.226047 -0.364914
-0.357694 0.173161 -0.368954
-0.494199 0.120275 -0.372994
-0.346093 0.067389 -0.377034
-0.197986 0.014503 -0.381074
-0.049879 -0.038383 -0.385114
0.098227 -0.091269 -0.389154
0.246334 -0.144155 -0.393194
0.394440 -0.197041 -0.397234
0.457453 -0.249927 -0.401274
0.308388 -0.303155 -0.405341
0.159323 -0.356383 -0.409407
0.010257 -0.409611 -0.413473
-0.138808 -0.462840 -0.417539
-0.287873 -0.483932 -0.421605
-0.436938 -0.430704 -0.425672
-0.413996 -0.377476 -0.429738
-0.264931 -0.324248 -0.433804
-0.115866 -0.271020 -0.437870
0.033199 -0.217791 -0.441937
0.183217 -0.164223 -0.446029
0.333235 -0.110655 -0.450121
0.483253 -0.057086 -0.454213
0.366730 -0.003518 -0.458305
0.216712 0.050050 -0.462397
0.066694 0.103619 -0.466490
-0.083324 0.157187 -0.470582
-0.233341 0.210756 -0.474674
-0.383359 0.264324 -0.478766
-0.466623 0.317892 -0.482858
-0.315659 0.371799 -0.486976
-0.164695 0.425705 -0.491094
-0.013730 0.479612 -0.495212
0.137234 0.533518 -0.499331
0.288198 0.587425 -0.496551
0.439162 0.641331 -0.492433
0.409873 0.695237 -0.488315
0.258909 0.749144 -0.484197
0.107945 0.803050 -0.480079
-0.043019 0.856957 -0.475961
-0.194924 0.911199 -0.471817
-0.250942 0.908601 -0.469769
-0.163131 0.820742 -0.470862
-0.075319 0.732884 -0.471956
-0.078369 0.793768 -0.414075
-0.081418 0.854652 -0.356195
-0.084468 0.915537 -0.298314
-0.087517 0.976421 -0.240434
-0.090567 1.037306 -0.182553
-0.093617 1.098191 -0.124673
-0.096685 1.159450 -0.066436
-0.099753 1.220709 -0.008200
-0.102822 1.281969 0.050037
-0.105890 1.343228 0.108274
-0.108959 1.404487 0.166510
-0.112027 1.465747 0.224747
-0.115095 1.527006 0.282984
-0.118164 1.588265 0.341221
-0.121232 1.649524 0.399457
-0.124300 1.710784 0.457694
-0.127387 1.772415 0.483715
-0.130474 1.834046 0.425124
-0.133561 1.895677 0.366534
-0.136648 1.957308 0.307943
-0.139735 2.018940 0.249352
-0.142822 2.080571 0.190762
-0.145909 2.142202 0.132171
-0.148996 2.203833 0.073580
-0.152083 2.265465 0.014990
-0.155170 2.327096 -0.043601
-0.158275 2.389096 -0.102544
-0.161381 2.451097 -0.161486
-0.164486 2.513098 -0.220429
-0.167592 2.575099 -0.279371
-0.170697 2.637100 -0.338314
-0.173803 2.699100 -0.397256
-0.176909 2.761101 -0.456199
-0.180014 2.823102 -0.484859
-0.183120 2.885103 -0.425916
-0.186225 2.947103 -0.366974
-0.189349 3.009474 -0.307682
-0.192473 3.071844 -0.248389
-0.195597 3.134214 -0.189097
-0.198721 3.196584 -0.129804
-0.201845 3.182042 -0.070512
-0.204969 3.119672 -0.011220
-0.208093 3.057301 0.048073
-0.211217 2.994931 0.107365
-0.214341 2.932561 0.166658
-0.217465 2.870190 0.225950
-0.220608 2.807455 0.285590
-0.223750 2.744720 0.345230
-0.226893 2.681985 0.404870
-0.230035 2.619250 0.464511
-0.236200 2.568859 0.490872
-0.269570 2.629565 0.418541
-0.302939 2.690271 0.327955
-0.336309 2.750978 0.237368
-0.369679 2.811684 0.146782
-0.403048 2.872390 0.056196
-0.436611 2.933449 -0.034916
-0.470175 2.994508 -0.126027
-0.496262 3.055567 -0.217139
-0.462699 3.116626 -0.308251
-0.429136 3.177685 -0.399362
-0.395573 3.238744 -0.490474
-0.362010 3.299803 -0.418414
-0.328447 3.271522 -0.327303
-0.294884 3.210463 -0.236191
-0.261321 3.149404 -0.145080
-0.227565 3.087997 -0.053446
-0.193810 3.026590 0.038188
-0.160054 2.965183 0.129821
-0.126298 2.903776 0.221455
-0.092543 2.842369 0.313089
-0.058787 2.780962 0.404723
-0.025032 2.719554 0.496356
0.008724 2.658147 0.412010
0.042479 2.596740 0.320376
0.076235 2.535333 0.228742
0.110181 2.473578 0.136590
0.144128 2.411823 0.044437
0.178075 2.350068 -0.047716
0.212022 2.288312 -0.139869
0.245969 2.226557 -0.232022
0.279915 2.164802 -0.324175
0.313862 2.103047 -0.416328
0.347809 2.041292 -0.491519
0.381755 1.979536 -0.399366
0.415702 1.917780 -0.307213
0.449839 1.855678 -0.214544
0.483976 1.793576 -0.121875
0.481887 1.731473 -0.029206
0.447750 1.669371 0.063463
0.413613 1.607269 0.156132
0.379476 1.545167 0.248801
0.345339 1.483065 0.341470
0.311202 1.420963 0.434140
0.277065 1.358861 0.473191
0.242928 1.296759 0.380522
0.208602 1.234312 0.287340
0.174276 1.171866 0.194157
0.139950 1.109419 0.100975
0.105623 1.046973 0.007792
0.071297 0.984526 -0.085391
0.036971 0.922080 -0.178573
0.002645 0.859634 -0.271756
-0.031681 0.797188 -0.364938
-0.066007 0.734742 -0.458121
-0.100333 0.672296 -0.448697
-0.134847 0.609508 -0.355003
-0.169361 0.546720 -0.261310
-0.203876 0.483932 -0.167617
-0.238390 0.421143 -0.073924
-0.272904 0.358355 0.019769
-0.307418 0.295566 0.113462
-0.341932 0.232778 0.207155
-0.376446 0.169990 0.300849
-0.410960 0.107201 0.394542
-0.445474 0.044413 0.488235
-0.480176 -0.018715 0.417564
-0.485123 -0.081844 0.323363
-0.450422 -0.144973 0.229162
-0.415721 -0.208101 0.134961
-0.381019 -0.271230 0.040760
-0.346318 -0.334359 -0.053441
-0.311617 -0.397488 -0.147642
-0.276916 -0.460616 -0.241842
-0.242215 -0.476255 -0.336043
-0.207513 -0.413126 -0.430244
-0.172626 -0.349659 -0.475049
-0.137739 -0.286192 -0.380343
-0.102851 -0.222725 -0.285637
-0.067964 -0.159258 -0.190931
-0.033077 -0.095791 -0.096225
0.001811 -0.032324 -0.001519
0.036698 0.031144 0.093187
0.071585 0.094611 0.187893
0.106473 0.158078 0.282599
0.141360 0.221545 0.377305
0.176432 0.285349 0.472514
0.211505 0.349153 0.432277
0.246577 0.412956 0.337069
0.281650 0.476760 0.241860
0.316722 0.540564 0.146652
0.351794 0.604368 0.051443
0.386866 0.668172 -0.043765
0.421939 0.731975 -0.138973
0.457011 0.795779 -0.234182
0.492083 0.859583 -0.329390
0.472660 0.923722 -0.425099
0.437404 0.987860 -0.479193
0.402148 1.051999 -0.383484
0.366891 1.116137 -0.287776
0.331635 1.180275 -0.192068
0.296378 1.244413 -0.096360
0.261122 1.308551 -0.000651
0.225865 1.372690 0.095057
0.190609 1.436828 0.190765
0.155352 1.500966 0.286473
0.119913 1.565438 0.382679
0.084473 1.629910 0.478884
0.049034 1.694382 0.424910
0.013594 1.758854 0.328705
-0.021846 1.823326 0.232499
-0.057285 1.887798 0.136294
-0.092725 1.952270 0.040088
-0.128165 2.016741 -0.056117
-0.163604 2.081212 -0.152323
-0.199044 2.145683 -0.248528
-0.234666 2.210487 -0.345228
-0.270288 2.275292 -0.441928
-0.305909 2.340096 -0.461371
-0.341531 2.404901 -0.364671
-0.377153 2.469706 -0.267971
-0.412775 2.534510 -0.171271
-0.448397 2.599315 -0.074571
-0.484018 2.664119 0.022129
-0.480360 2.728924 0.118829
-0.444738 2.793728 0.215529
-0.408935 2.858862 0.312722
-0.373132 2.923995 0.409914
-0.337329 2.989129 0.492894
-0.301526 3.054263 0.395702
-0.265723 3.119396 0.298510
-0.229920 3.184530 0.201317
-0.194117 3.249663 0.104125
-0.158313 3.314797 0.006933
-0.122510 3.379930 -0.090259
-0.086707 3.445064 -0.187451
-0.050724 3.510524 -0.285133
-0.014740 3.575984 -0.382815
0.021244 3.641445 -0.480497
0.057227 3.660389 -0.421821
0.093210 3.567232 -0.324139
0.129194 3.495661 -0.226457
0.165177 3.430201 -0.128775
0.201161 3.364741 -0.031094
0.237144 3.299280 0.066588
0.273128 3.233820 0.164270
0.309291 3.168033 0.262439
0.345454 3.102247 0.360608
0.381617 3.036460 0.458777
0.417780 2.970673 0.443053
0.453943 2.904886 0.344884
0.490106 2.839099 0.246715
0.473731 2.773312 0.148546
0.437568 2.707525 0.050377
0.401405 2.641739 -0.047792
