0.312926 -0.165604 -0.063652
0.297744 -0.174148 -0.044596
0.282561 -0.182693 -0.025539
0.267379 -0.191237 -0.006483
0.252196 -0.199781 0.012574
0.237014 -0.208326 0.031631
0.221832 -0.223809 0.050687
0.207354 -0.277599 0.058409
0.193582 -0.304344 0.054796
0.185513 -0.336503 0.046854
0.200260 -0.364531 0.021599
0.214628 -0.373118 0.008449
0.223458 -0.396463 0.021971
0.232288 -0.432139 0.035493
0.241118 -0.448952 0.049014
0.249948 -0.450454 0.062536
0.258778 -0.451423 0.076058
0.267607 -0.451878 0.089579
0.276437 -0.452334 0.103101
0.285267 -0.452789 0.116622
0.294097 -0.453245 0.130144
0.304293 -0.453771 0.145757
0.314489 -0.454297 0.161371
0.324685 -0.454823 0.176984
0.334881 -0.455349 0.192598
0.345077 -0.455875 0.208211
0.355273 -0.456401 0.223825
0.365469 -0.456927 0.239438
0.375665 -0.457453 0.255052
0.385861 -0.457979 0.270665
0.396057 -0.458505 0.286278
0.407456 -0.459093 0.303735
0.418855 -0.459681 0.321191
0.430255 -0.460269 0.338648
0.441654 -0.460857 0.356104
0.453054 -0.461445 0.373560
0.464453 -0.462033 0.391017
0.475852 -0.462621 0.408473
0.487252 -0.463209 0.425930
0.498651 -0.463797 0.443386
0.489950 -0.464385 0.460843
0.477462 -0.465029 0.479965
0.464975 -0.465673 0.499087
0.452487 -0.466317 0.481790
0.440000 -0.466961 0.462668
0.427512 -0.467605 0.443546
0.415025 -0.468249 0.424423
0.402537 -0.468893 0.405301
0.390050 -0.469537 0.386179
0.377562 -0.470181 0.367056
0.365075 -0.470825 0.347934
0.351587 -0.471521 0.327279
0.338099 -0.472216 0.306624
0.324611 -0.472912 0.285969
0.311123 -0.473607 0.265315
0.297635 -0.474303 0.244660
0.284147 -0.474999 0.224005
0.270659 -0.475694 0.203351
0.257171 -0.476390 0.182696
0.243683 -0.477085 0.162041
0.230196 -0.477781 0.141387
0.215777 -0.478524 0.119306
0.201357 -0.479268 0.097225
0.186938 -0.480012 0.075144
0.172519 -0.480755 0.053064
0.158100 -0.481499 0.030983
0.143681 -0.482242 0.008902
0.129262 -0.482986 -0.013179
0.114843 -0.483729 -0.035259
0.100424 -0.484473 -0.057340
0.086005 -0.485217 -0.079421
0.070711 -0.486005 -0.102841
0.055417 -0.486794 -0.126261
0.040123 -0.487583 -0.149681
0.024829 -0.488372 -0.173102
0.009536 -0.489161 -0.196522
-0.005758 -0.489950 -0.219942
-0.021052 -0.490739 -0.243362
-0.036346 -0.491527 -0.266782
-0.051639 -0.492316 -0.290202
-0.066933 -0.493105 -0.313623
-0.083054 -0.493937 -0.338310
-0.099175 -0.494768 -0.362997
-0.115296 -0.495600 -0.387684
-0.131417 -0.496431 -0.412371
-0.147539 -0.497263 -0.437058
-0.163660 -0.498094 -0.461745
-0.179781 -0.498926 -0.486432
-0.195902 -0.499757 -0.488881
-0.212023 -0.499411 -0.464194
-0.228144 -0.498580 -0.439507
-0.245052 -0.497708 -0.413615
-0.261960 -0.496836 -0.387723
-0.278868 -0.495964 -0.361831
-0.295776 -0.495092 -0.335939
-0.312684 -0.494220 -0.310047
-0.329592 -0.493348 -0.284155
-0.346500 -0.492476 -0.258263
-0.363408 -0.491604 -0.232371
-0.380316 -0.490732 -0.206479
-0.398011 -0.489500 -0.180603
-0.423889 -0.484831 -0.153725
-0.449767 -0.480162 -0.126847
-0.475644 -0.475494 -0.099969
-0.498478 -0.470825 -0.073091
-0.472600 -0.466156 -0.046213
-0.446723 -0.461487 -0.019335
-0.420845 -0.456818 0.007543
-0.394967 -0.452149 0.034421
-0.369090 -0.447481 0.061298
-0.343212 -0.442812 0.088176
-0.316278 -0.437952 0.116152
-0.289343 -0.433093 0.144127
-0.262409 -0.428233 0.172103
-0.235474 -0.423373 0.200078
-0.208540 -0.418514 0.228054
-0.181606 -0.413654 0.256029
-0.154671 -0.408795 0.284005
-0.127737 -0.403935 0.311980
-0.100802 -0.399076 0.339955
-0.073868 -0.394216 0.367931
-0.045917 -0.389173 0.396962
-0.017966 -0.384130 0.425994
0.009986 -0.379087 0.455026
0.037937 -0.374043 0.484057
0.065888 -0.369000 0.486911
0.093839 -0.363957 0.457879
0.121790 -0.358914 0.428848
0.149741 -0.353871 0.399816
0.177692 -0.348828 0.370784
0.205644 -0.343785 0.341753
0.234576 -0.338564 0.311702
0.263508 -0.333344 0.281652
0.292440 -0.328124 0.251601
0.321372 -0.322904 0.221551
0.350304 -0.317684 0.191500
0.379236 -0.312463 0.161450
0.408169 -0.307243 0.131399
0.437101 -0.302023 0.101349
0.466033 -0.296803 0.071298
0.494965 -0.291583 0.041248
0.475154 -0.286192 0.010212
0.445273 -0.280800 -0.020824
0.415392 -0.275409 -0.051860
0.385511 -0.270018 -0.082896
0.355630 -0.264627 -0.113932
0.325749 -0.259235 -0.144968
0.295868 -0.253844 -0.176004
0.265987 -0.248453 -0.207040
0.236106 -0.243062 -0.238076
0.206225 -0.237670 -0.269112
0.175424 -0.232113 -0.301103
0.144624 -0.226556 -0.333095
0.113823 -0.220999 -0.365086
0.083022 -0.215441 -0.397077
0.052222 -0.209884 -0.429069
0.021421 -0.204327 -0.461060
-0.009380 -0.198770 -0.493051
-0.040180 -0.193212 -0.474957
-0.070981 -0.187655 -0.442966
-0.101782 -0.182098 -0.410975
-0.133475 -0.176380 -0.378056
-0.165169 -0.170661 -0.345137
-0.196862 -0.164943 -0.312219
-0.228556 -0.159225 -0.279300
-0.260250 -0.153506 -0.246381
-0.291943 -0.147788 -0.213463
-0.323637 -0.142070 -0.180544
-0.355330 -0.136351 -0.147625
-0.387024 -0.130633 -0.114707
-0.418718 -0.124915 -0.081788
-0.451280 -0.119040 -0.047967
-0.483842 -0.113165 -0.014147
-0.483596 -0.107290 0.019674
-0.451034 -0.101415 0.053495
-0.418472 -0.095540 0.087316
-0.385910 -0.089665 0.121136
-0.353348 -0.083790 0.154957
-0.320786 -0.077915 0.188778
-0.288224 -0.072040 0.222598
-0.255662 -0.066165 0.256419
-0.222254 -0.060137 0.291119
-0.188846 -0.054109 0.325818
-0.155438 -0.048082 0.360517
-0.122030 -0.042054 0.395217
-0.088622 -0.036027 0.429916
-0.055214 -0.029999 0.464616
-0.021806 -0.023971 0.499315
0.011602 -0.017944 0.465985
0.045010 -0.011916 0.431286
0.078418 -0.005889 0.396587
0.112651 0.000288 0.361030
0.146884 0.006464 0.325474
0.181117 0.012641 0.289918
0.215350 0.018817 0.254362
0.249583 0.024994 0.218805
0.269221 0.026311 0.204146
0.274263 0.022770 0.210384
0.279305 0.019229 0.216621
0.284347 0.015688 0.222859
0.289390 0.012147 0.229096
0.294551 0.008522 0.235481
0.299712 0.004898 0.241865
0.304873 0.001274 0.248250
0.310034 -0.002351 0.254634
0.315195 -0.005975 0.261019
0.320357 -0.009600 0.267403
0.325518 -0.013224 0.273788
0.330679 -0.016849 0.280172
0.335840 -0.020473 0.286557
0.341001 -0.024098 0.292941
0.346278 -0.027804 0.299469
0.351555 -0.031509 0.305997
0.356833 -0.035215 0.312525
0.362110 -0.038921 0.319053
0.367387 -0.042627 0.325581
0.372664 -0.046333 0.332109
0.377941 -0.050039 0.338637
0.383218 -0.053745 0.345165
0.388495 -0.057451 0.351693
0.393772 -0.061157 0.358220
0.399163 -0.064942 0.364889
0.404553 -0.068728 0.371557
0.409944 -0.072514 0.378225
0.415335 -0.076299 0.384894
0.420725 -0.080085 0.391562
0.426116 -0.083871 0.398230
0.431507 -0.087656 0.404898
0.436897 -0.091442 0.411567
0.442288 -0.095228 0.418235
0.447679 -0.099013 0.424903
0.453180 -0.102877 0.431709
0.458682 -0.106741 0.438515
0.464184 -0.110604 0.445321
0.469686 -0.114468 0.452127
0.475188 -0.118332 0.458933
0.480689 -0.122196 0.465739
0.486191 -0.126059 0.472545
0.491693 -0.129923 0.479351
0.497195 -0.133787 0.486157
0.497303 -0.137650 0.492963
0.491693 -0.141591 0.499903
0.486082 -0.145531 0.493156
0.480472 -0.149471 0.486215
0.474861 -0.153411 0.479275
0.469250 -0.157351 0.472334
0.463640 -0.161291 0.465393
0.458029 -0.165232 0.458453
0.452419 -0.169172 0.451512
0.446808 -0.173112 0.444571
0.441197 -0.177052 0.437631
0.435480 -0.181067 0.430558
0.429762 -0.185083 0.423485
0.424045 -0.189098 0.416413
0.418327 -0.193113 0.409340
0.412610 -0.197128 0.402267
0.406892 -0.201144 0.395195
0.401174 -0.205159 0.388122
0.395457 -0.209174 0.381049
0.389739 -0.213190 0.373976
0.384022 -0.217205 0.366904
0.378199 -0.221294 0.359701
0.372377 -0.225383 0.352499
0.366554 -0.229471 0.345296
0.360732 -0.233560 0.338093
0.354909 -0.237649 0.330891
0.349087 -0.241738 0.323688
0.343264 -0.245827 0.316485
0.337442 -0.249916 0.309283
0.331619 -0.254005 0.302080
0.325797 -0.258094 0.294877
0.319871 -0.262255 0.287547
0.313946 -0.266416 0.280217
0.308020 -0.270577 0.272887
0.302095 -0.274739 0.265557
0.296169 -0.278900 0.258227
0.290243 -0.283061 0.250896
0.284318 -0.287223 0.243566
0.278392 -0.291384 0.236236
0.272467 -0.295545 0.228906
0.266541 -0.299707 0.221576
0.260514 -0.303939 0.214121
0.254487 -0.308172 0.206666
0.248460 -0.312404 0.199210
0.242433 -0.316637 0.191755
0.236407 -0.320869 0.184300
0.230380 -0.325102 0.176844
0.224353 -0.329334 0.169389
0.218326 -0.333567 0.161933
0.212300 -0.337799 0.154478
0.206273 -0.342032 0.147023
0.200146 -0.346334 0.139444
0.194020 -0.350637 0.131866
0.187893 -0.354939 0.124287
0.181767 -0.359242 0.116708
0.175640 -0.363545 0.109130
0.169514 -0.367847 0.101551
0.163388 -0.372150 0.093972
0.157261 -0.376452 0.086394
0.151135 -0.380755 0.078815
0.145008 -0.385057 0.071236
0.138784 -0.389429 0.063537
0.132559 -0.393800 0.055837
0.126335 -0.398172 0.048137
0.120110 -0.402543 0.040437
0.113886 -0.406914 0.032737
0.107661 -0.411286 0.025037
0.101437 -0.415657 0.017337
0.095212 -0.420029 0.009637
0.088988 -0.424400 0.001937
0.082764 -0.428771 -0.005763
0.076443 -0.433211 -0.013582
0.070122 -0.437650 -0.021401
0.063801 -0.442089 -0.029221
0.057480 -0.446528 -0.037040
0.051159 -0.450967 -0.044859
0.044838 -0.455406 -0.052678
0.038517 -0.459845 -0.060498
0.032196 -0.464284 -0.068317
0.025875 -0.468723 -0.076136
0.019554 -0.473162 -0.083956
0.013138 -0.477668 -0.091893
0.006722 -0.482174 -0.099829
0.000305 -0.486679 -0.107766
-0.006111 -0.491185 -0.115703
-0.012527 -0.495691 -0.123640
-0.018943 -0.499803 -0.131577
-0.025359 -0.495297 -0.139514
-0.031775 -0.490791 -0.147451
-0.038191 -0.486286 -0.155388
-0.044607 -0.481780 -0.163325
-0.051117 -0.477208 -0.171378
-0.057626 -0.472637 -0.179430
-0.064136 -0.468065 -0.187483
-0.070646 -0.463493 -0.195536
-0.077155 -0.458921 -0.203589
-0.083665 -0.454350 -0.211641
-0.090175 -0.449778 -0.219694
-0.096685 -0.445206 -0.227747
-0.103194 -0.440635 -0.235799
-0.109704 -0.436063 -0.243852
-0.116306 -0.431427 -0.252019
-0.122908 -0.426790 -0.260186
-0.129510 -0.422154 -0.268353
-0.136112 -0.417518 -0.276520
-0.142714 -0.412881 -0.284687
-0.149317 -0.408245 -0.292854
-0.155919 -0.403609 -0.301021
-0.162521 -0.398972 -0.309188
-0.169123 -0.394336 -0.317355
-0.175725 -0.389700 -0.325523
-0.182418 -0.384999 -0.333802
-0.189111 -0.380299 -0.342082
-0.195804 -0.375598 -0.350362
-0.202498 -0.370898 -0.358641
-0.209191 -0.366198 -0.366921
-0.215884 -0.361497 -0.375201
-0.222577 -0.356797 -0.383480
-0.229270 -0.352096 -0.391760
-0.235963 -0.347396 -0.400040
-0.242656 -0.342695 -0.408319
-0.249439 -0.337932 -0.416710
-0.256222 -0.333168 -0.425101
-0.263005 -0.328405 -0.433492
-0.269789 -0.323641 -0.441883
-0.276572 -0.318877 -0.450274
-0.283355 -0.314114 -0.458664
-0.290138 -0.309350 -0.467055
-0.296921 -0.304587 -0.475446
-0.303704 -0.299823 -0.483837
-0.310487 -0.295059 -0.492228
-0.317358 -0.290233 -0.499272
-0.324230 -0.285408 -0.490771
-0.331101 -0.280582 -0.482271
-0.337973 -0.275756 -0.473770
-0.344844 -0.270930 -0.465270
-0.351716 -0.266104 -0.456769
-0.358587 -0.261278 -0.448269
-0.365459 -0.256452 -0.439768
-0.372330 -0.251626 -0.431268
-0.379202 -0.246801 -0.422767
-0.386161 -0.241913 -0.414158
-0.393120 -0.237026 -0.405550
-0.400079 -0.232139 -0.396941
-0.407038 -0.227251 -0.388332
-0.413997 -0.222364 -0.379724
-0.420957 -0.217477 -0.371115
-0.427916 -0.212590 -0.362506
-0.434875 -0.207702 -0.353898
-0.441834 -0.202815 -0.345289
-0.448793 -0.197928 -0.336680
-0.455839 -0.192980 -0.327964
-0.462884 -0.188032 -0.319249
-0.469930 -0.183084 -0.310533
-0.476975 -0.178136 -0.301817
-0.484021 -0.173188 -0.293102
-0.491067 -0.168240 -0.284386
-0.498112 -0.163292 -0.275670
-0.494842 -0.158344 -0.266955
-0.487797 -0.153396 -0.258239
-0.480751 -0.148448 -0.249523
-0.473620 -0.143440 -0.240702
-0.466489 -0.138432 -0.231881
-0.459358 -0.133425 -0.223059
-0.452227 -0.128417 -0.214238
-0.445096 -0.123409 -0.205417
-0.437965 -0.118401 -0.196595
-0.432003 -0.122319 -0.183543
-0.430718 -0.161943 -0.153568
-0.429434 -0.201566 -0.123592
-0.428149 -0.241190 -0.093617
-0.426850 -0.281282 -0.063287
-0.425550 -0.321375 -0.032957
-0.424250 -0.361467 -0.002627
-0.422951 -0.401560 0.027703
-0.421651 -0.441652 0.058034
-0.420351 -0.481744 0.088364
-0.419052 -0.478163 0.118694
-0.417752 -0.438071 0.149024
-0.416452 -0.397978 0.179354
-0.415153 -0.357886 0.209684
-0.413838 -0.317330 0.240365
-0.412523 -0.276774 0.271046
-0.411209 -0.236218 0.301727
-0.409894 -0.195662 0.332408
-0.408580 -0.155106 0.363088
-0.407265 -0.114550 0.393769
-0.405950 -0.073994 0.424450
-0.404636 -0.033438 0.455131
-0.403321 0.007118 0.485812
-0.402007 0.047674 0.483507
-0.400677 0.088688 0.452480
-0.399348 0.129703 0.421452
-0.398018 0.170717 0.390425
-0.396689 0.211731 0.359397
-0.395359 0.252745 0.328370
-0.394030 0.293760 0.297342
-0.392700 0.334774 0.266315
-0.391371 0.375788 0.235287
-0.390041 0.416802 0.204260
-0.388712 0.457817 0.173232
-0.387368 0.499284 0.141862
-0.386023 0.540752 0.110491
-0.384679 0.582219 0.079121
-0.383334 0.623687 0.047751
-0.381990 0.665154 0.016380
-0.380646 0.706622 -0.014990
-0.379301 0.748089 -0.046360
-0.377957 0.789557 -0.077730
-0.376612 0.831025 -0.109101
-0.375268 0.872492 -0.140471
-0.373909 0.914408 -0.172181
-0.372551 0.956324 -0.203890
-0.371192 0.998239 -0.235600
-0.369833 1.040156 -0.267309
-0.368475 1.082072 -0.299018
-0.367116 1.123988 -0.330728
-0.365757 1.165905 -0.362437
-0.364399 1.207821 -0.394147
-0.363040 1.249738 -0.425856
-0.361681 1.291654 -0.457565
-0.360308 1.334014 -0.489610
-0.358935 1.376374 -0.478345
-0.357561 1.341756 -0.446300
-0.356188 1.299396 -0.414255
-0.354815 1.257036 -0.382210
-0.353441 1.214676 -0.350165
-0.352068 1.172316 -0.318120
-0.350695 1.129956 -0.286075
-0.349322 1.087597 -0.254030
-0.347948 1.045237 -0.221985
-0.346561 1.002438 -0.189608
-0.345174 0.959640 -0.157231
-0.343786 0.916841 -0.124854
-0.342399 0.874043 -0.092477
-0.341012 0.831244 -0.060100
-0.339624 0.788446 -0.027723
-0.338237 0.745647 0.004654
-0.336850 0.702849 0.037032
-0.383473 0.740941 0.015522
-0.442098 0.799257 -0.019459
-0.498681 0.858164 -0.054795
-0.439460 0.917071 -0.090131
-0.380240 0.975978 -0.125467
-0.321019 1.034886 -0.160804
-0.261798 1.093793 -0.196140
-0.202577 1.152700 -0.231476
-0.143357 1.211608 -0.266812
-0.084136 1.270515 -0.302148
-0.024915 1.329422 -0.337485
0.034305 1.388329 -0.372821
0.094115 1.447823 -0.408509
0.153925 1.507317 -0.444196
0.213735 1.487615 -0.479884
0.273545 1.428121 -0.484428
0.333355 1.368627 -0.448740
0.393165 1.309133 -0.413053
0.452975 1.249639 -0.377365
0.487215 1.190146 -0.341677
0.427405 1.130652 -0.305990
0.367595 1.071158 -0.270302
0.307202 1.011084 -0.234266
0.246808 0.951009 -0.198230
0.186415 0.890935 -0.162194
0.126021 0.830861 -0.126158
0.065628 0.770786 -0.090122
0.005234 0.710712 -0.054086
-0.055159 0.650638 -0.018050
-0.115553 0.590563 0.017986
-0.175946 0.530489 0.054022
-0.236340 0.470415 0.090058
-0.297311 0.409766 0.126438
-0.358283 0.349117 0.162819
-0.419254 0.288468 0.199200
-0.480225 0.227819 0.235581
-0.458803 0.167170 0.271962
-0.397832 0.106521 0.308343
-0.336861 0.045872 0.344724
-0.275889 -0.014776 0.381105
-0.214918 -0.075425 0.417486
-0.153946 -0.136074 0.453866
-0.092403 -0.197293 0.490589
-0.030859 -0.258511 0.472689
0.030685 -0.319730 0.435966
0.092229 -0.380948 0.399244
0.153773 -0.442167 0.362521
0.215317 -0.496615 0.325799
0.276861 -0.435397 0.289077
0.338405 -0.374178 0.252354
0.399949 -0.312960 0.215632
0.461492 -0.251741 0.178909
0.476397 -0.189959 0.141849
0.414285 -0.128176 0.104788
0.352174 -0.066393 0.067727
0.290063 -0.004611 0.030666
0.227952 0.057172 -0.006395
0.165841 0.118955 -0.043456
0.103730 0.180737 -0.080517
0.041619 0.242520 -0.117578
-0.020492 0.304302 -0.154639
-0.082603 0.366085 -0.191699
-0.145277 0.428427 -0.229096
-0.207950 0.490768 -0.266492
-0.270623 0.553110 -0.303888
-0.333297 0.615452 -0.341284
-0.395970 0.677793 -0.378681
-0.458643 0.740135 -0.416077
-0.478683 0.802477 -0.453473
-0.416010 0.864819 -0.490869
-0.353336 0.927160 -0.471734
-0.372745 0.912888 -0.486247
-0.427816 0.865363 -0.476667
-0.482887 0.817838 -0.439580
-0.462041 0.770312 -0.402494
-0.406970 0.722787 -0.365408
-0.351898 0.675262 -0.328321
-0.296827 0.627737 -0.291235
-0.241756 0.580212 -0.254149
-0.186684 0.532687 -0.217063
-0.131613 0.485161 -0.179977
-0.076542 0.437636 -0.142890
-0.020989 0.389695 -0.105480
0.034563 0.341755 -0.068070
0.090115 0.293814 -0.030660
0.145667 0.245873 0.006750
0.201220 0.197933 0.044160
0.256772 0.149993 0.081570
0.312324 0.102052 0.118980
0.367877 0.054112 0.156391
0.423429 0.006171 0.193801
0.478982 -0.041770 0.231211
0.464989 -0.090122 0.268942
0.408960 -0.138474 0.306673
0.352931 -0.186826 0.344404
0.296901 -0.235178 0.382136
0.240872 -0.283530 0.419867
0.184843 -0.331881 0.457598
0.128814 -0.380233 0.495329
0.072785 -0.428585 0.466939
0.016756 -0.476937 0.429208
-0.039274 -0.474711 0.391477
-0.095775 -0.425951 0.353427
-0.152277 -0.377191 0.315378
-0.208779 -0.328430 0.277328
-0.265281 -0.279670 0.239279
-0.321783 -0.230910 0.201229
-0.378285 -0.182150 0.163180
-0.434787 -0.133390 0.125130
-0.491289 -0.084630 0.087080
-0.452209 -0.035870 0.049031
-0.395707 0.012890 0.010981
-0.338736 0.062055 -0.027384
-0.281766 0.111220 -0.065750
-0.224795 0.160384 -0.104115
-0.167824 0.209549 -0.142481
-0.110853 0.258714 -0.180846
-0.053882 0.307878 -0.219212
0.003089 0.357043 -0.257577
0.060059 0.406208 -0.295942
0.117030 0.455372 -0.334308
0.174001 0.504537 -0.372673
0.231437 0.554103 -0.411352
0.288873 0.603669 -0.450031
0.346309 0.653235 -0.488709
0.403745 0.702801 -0.472612
0.461181 0.752367 -0.433933
0.481383 0.801933 -0.395255
0.423947 0.851499 -0.356576
0.366511 0.901065 -0.317898
0.309075 0.950631 -0.279219
0.251640 1.000197 -0.240540
0.193742 1.050161 -0.201551
0.135845 1.100126 -0.162562
0.077948 1.150090 -0.123572
0.020050 1.200054 -0.084583
-0.037847 1.250018 -0.045594
-0.095744 1.299982 -0.006604
-0.153641 1.349946 0.032385
-0.211539 1.399911 0.071374
-0.269436 1.449875 0.110363
-0.327333 1.499839 0.149353
-0.385688 1.550198 0.188650
-0.444043 1.600557 0.227948
-0.497602 1.650915 0.267245
-0.439247 1.701274 0.306542
-0.380892 1.751633 0.345840
-0.322537 1.801992 0.385137
-0.264182 1.852350 0.424434
-0.205827 1.902709 0.463732
-0.147471 1.953068 0.496971
-0.089117 2.003427 0.457674
-0.030307 2.054179 0.418070
0.028502 2.002125 0.378467
0.087311 1.951374 0.338863
0.146120 1.900623 0.299260
0.204929 1.849872 0.259656
0.263738 1.799121 0.220053
0.322547 1.748370 0.180450
0.381356 1.697619 0.140847
0.440166 1.646868 0.101243
0.498975 1.596117 0.061640
0.441765 1.544977 0.021733
0.382505 1.493838 -0.018174
0.323246 1.442698 -0.058080
0.263986 1.391558 -0.097987
0.204726 1.340419 -0.137894
0.145466 1.289279 -0.177801
0.086207 1.238140 -0.217708
0.026947 1.187000 -0.257614
-0.032313 1.135860 -0.297521
-0.091573 1.084721 -0.337428
-0.151280 1.033195 -0.377636
-0.210987 0.981669 -0.417844
-0.270694 0.930143 -0.458052
-0.330400 0.878618 -0.498260
-0.390107 0.827092 -0.461532
-0.449814 0.775566 -0.421323
-0.490479 0.724040 -0.381115
-0.430772 0.672514 -0.340907
-0.371065 0.620988 -0.300699
-0.311358 0.569463 -0.260491
-0.251207 0.517553 -0.219984
-0.191056 0.465644 -0.179477
-0.130906 0.413735 -0.138970
-0.070755 0.361826 -0.098464
-0.010604 0.309917 -0.057957
0.049547 0.258008 -0.017450
0.109698 0.206099 0.023057
0.169849 0.154190 0.063564
0.230000 0.102281 0.104071
0.290151 0.050372 0.144578
0.350743 -0.001918 0.185382
0.411334 -0.054207 0.226185
0.471926 -0.106496 0.266989
0.467482 -0.158786 0.307793
0.406891 -0.211075 0.348596
0.346299 -0.263364 0.389400
0.285707 -0.315654 0.430203
0.225116 -0.367943 0.471007
0.164524 -0.420233 0.488190
0.103932 -0.472522 0.447386
0.042903 -0.474811 0.406288
-0.018126 -0.422144 0.365189
-0.079155 -0.369477 0.324091
-0.140184 -0.316810 0.282993
-0.201213 -0.264143 0.241895
-0.262242 -0.211476 0.200796
-0.323271 -0.158810 0.159698
-0.384301 -0.106143 0.118600
-0.445330 -0.053476 0.077501
-0.493641 -0.000809 0.036403
-0.432178 0.052233 -0.004988
-0.370714 0.105274 -0.046379
-0.309251 0.158316 -0.087769
-0.247787 0.211358 -0.129160
-0.186324 0.264400 -0.170551
-0.124861 0.317442 -0.211942
-0.063397 0.370483 -0.253333
-0.001934 0.423525 -0.294724
0.059530 0.476567 -0.336115
0.120993 0.529609 -0.377505
0.182888 0.583023 -0.419187
0.244783 0.636437 -0.460868
0.306678 0.689851 -0.497451
0.368572 0.743265 -0.455770
0.430467 0.796679 -0.414088
0.492362 0.850094 -0.372407
0.445744 0.903508 -0.330726
0.383849 0.956922 -0.289045
0.321954 1.010336 -0.247363
0.260060 1.063750 -0.205682
0.197737 1.117534 -0.163713
0.135413 1.171317 -0.121743
0.073090 1.225101 -0.079773
0.010767 1.278885 -0.037803
-0.051556 1.332668 0.004166
-0.113879 1.386452 0.046136
-0.176202 1.440235 0.088106
-0.238526 1.494019 0.130076
-0.300849 1.547803 0.172045
-0.363172 1.601586 0.214015
-0.425920 1.655737 0.256271
-0.488669 1.709888 0.298527
-0.448583 1.764039 0.340783
-0.385834 1.818190 0.383040
-0.323086 1.872341 0.425296
-0.260337 1.926491 0.467552
-0.197589 1.980642 0.490192
-0.134840 2.034792 0.447936
-0.072092 2.088942 0.405680
-0.009343 2.143091 0.363424
0.053828 2.197606 0.320883
0.116999 2.252120 0.278342
0.180170 2.306635 0.235802
0.243341 2.361149 0.193261
0.306513 2.335902 0.150720
0.369684 2.281388 0.108179
0.432855 2.226873 0.065638
0.496026 2.172359 0.023098
0.440803 2.117844 -0.019443
0.377632 2.063330 -0.061984
0.314041 2.008453 -0.104807
0.250450 1.953575 -0.147631
0.186859 1.898697 -0.190454
0.123268 1.843819 -0.233278
0.059677 1.788941 -0.276101
-0.003913 1.734063 -0.318925
-0.067504 1.679185 -0.361748
-0.131095 1.624307 -0.404572
-0.194686 1.569429 -0.447395
-0.258277 1.514551 -0.490219
-0.322285 1.459313 -0.466677
-0.386293 1.404075 -0.423573
-0.450301 1.348837 -0.380468
-0.485691 1.293599 -0.337364
-0.421683 1.238361 -0.294260
-0.357675 1.183123 -0.251155
-0.293668 1.127885 -0.208051
-0.229660 1.072647 -0.164947
-0.165652 1.017409 -0.121843
-0.101644 0.962172 -0.078738
-0.037222 0.906577 -0.035355
0.027200 0.850982 0.008028
0.091622 0.795386 0.051412
0.156045 0.739791 0.094795
0.220467 0.684196 0.138178
0.284889 0.628601 0.181561
0.349311 0.573006 0.224945
0.413733 0.517411 0.268328
0.478156 0.461816 0.311711
0.457422 0.406221 0.355094
0.392588 0.350271 0.398755
0.327755 0.294321 0.442415
0.262921 0.238370 0.486075
0.198087 0.182420 0.470264
0.133253 0.126470 0.426604
0.068420 0.070520 0.382943
0.003586 0.014569 0.339283
-0.061248 -0.041381 0.295623
-0.126082 -0.097331 0.251962
-0.190916 -0.153282 0.208302
-0.256158 -0.209585 0.164366
-0.321401 -0.265888 0.120430
-0.386644 -0.322191 0.076494
-0.451887 -0.378494 0.032558
-0.482870 -0.434798 -0.011378
-0.417627 -0.491101 -0.055314
-0.352384 -0.452596 -0.099250
-0.287141 -0.396293 -0.143186
-0.221898 -0.339990 -0.187122
-0.156655 -0.283687 -0.231058
-0.091006 -0.227033 -0.275267
-0.025357 -0.170378 -0.319477
0.040293 -0.113724 -0.363687
0.105942 -0.057070 -0.407896
0.171591 -0.000416 -0.452106
0.237241 0.056238 -0.496316
0.302890 0.112892 -0.459475
0.368540 0.169546 -0.415265
0.434189 0.226200 -0.371056
0.499839 0.282854 -0.326846
0.434108 0.339857 -0.282364
0.368055 0.396859 -0.237882
0.302002 0.453862 -0.193401
0.235948 0.510865 -0.148919
0.169895 0.567868 -0.104437
0.103842 0.624870 -0.059955
0.037788 0.681873 -0.015474
-0.028265 0.738876 0.029008
-0.094319 0.795879 0.073490
-0.160372 0.852882 0.117972
-0.226827 0.910231 0.162724
-0.293282 0.967580 0.207476
-0.359737 1.024930 0.252228
-0.426192 1.082279 0.296980
-0.492647 1.139628 0.341732
-0.440898 1.196977 0.386484
-0.374443 1.254326 0.431237
-0.307988 1.311676 0.475989
-0.241533 1.369025 0.479259
-0.175078 1.426374 0.434507
-0.108224 1.484068 0.389486
-0.041370 1.541762 0.344465
0.025484 1.599455 0.299445
0.092338 1.657149 0.254424
0.159192 1.714843 0.209403
0.226046 1.772536 0.164382
0.292900 1.830230 0.119361
0.359754 1.887924 0.074340
0.426608 1.945618 0.029319
0.493462 2.003311 -0.015702
0.439287 2.061347 -0.060990
0.372036 2.119383 -0.106278
0.304786 2.177419 -0.151566
0.237535 2.235455 -0.196854
0.170284 2.293490 -0.242142
0.103033 2.351526 -0.287430
0.035783 2.409562 -0.332719
-0.031468 2.467598 -0.378007
-0.098719 2.525634 -0.423295
-0.165970 2.583670 -0.468583
-0.233615 2.642046 -0.485863
-0.301260 2.700423 -0.440309
-0.368906 2.758800 -0.394756
-0.436551 2.817177 -0.349202
-0.495804 2.875554 -0.303648
-0.428158 2.933930 -0.258094
-0.360513 2.992307 -0.212541
-0.292868 3.050684 -0.166987
-0.225222 3.090693 -0.121433
-0.157577 3.032317 -0.075879
-0.089540 2.973601 -0.030061
-0.021502 2.914886 0.015756
0.046535 2.856171 0.061574
0.114572 2.797455 0.107392
0.182610 2.738740 0.153210
0.250647 2.680025 0.199028
0.318685 2.621309 0.244845
0.386722 2.562594 0.290663
0.454760 2.503879 0.336481
0.477203 2.445163 0.382299
0.408776 2.386112 0.428379
0.340348 2.327060 0.474460
0.271921 2.268009 0.479460
0.203494 2.208957 0.433380
0.135066 2.149906 0.387299
0.066639 2.090854 0.341219
-0.001788 2.031803 0.295139
-0.070216 1.972751 0.249058
-0.138643 1.913700 0.202978
-0.207070 1.854648 0.156898
-0.275885 1.795262 0.110556
-0.344700 1.735875 0.064215
-0.413515 1.676489 0.017873
-0.482331 1.617102 -0.028468
-0.448854 1.557716 -0.074810
-0.380039 1.498329 -0.121151
-0.311224 1.438943 -0.167493
-0.242409 1.379556 -0.213834
-0.173594 1.320170 -0.260176
-0.104779 1.260783 -0.306517
-0.035579 1.201064 -0.353118
0.033622 1.141345 -0.399719
0.102822 1.081626 -0.446320
0.172023 1.021907 -0.492921
0.241223 0.962188 -0.460478
0.310424 0.902470 -0.413877
0.379624 0.842751 -0.367276
0.448825 0.783033 -0.320675
0.481975 0.723314 -0.274074
0.412775 0.663596 -0.227473
0.343191 0.603546 -0.180614
0.273607 0.543497 -0.133754
0.204023 0.483448 -0.086895
0.134439 0.423398 -0.040036
0.064855 0.363349 0.006823
-0.004729 0.303299 0.053683
-0.074313 0.243249 0.100542
-0.143897 0.183200 0.147401
-0.213481 0.123151 0.194260
-0.283065 0.063101 0.241120
-0.353030 0.002722 0.288236
-0.422995 -0.057656 0.335352
-0.492960 -0.118035 0.382468
-0.437075 -0.178413 0.429584
-0.367110 -0.238792 0.476700
-0.297145 -0.299170 0.476184
-0.227180 -0.359549 0.429068
-0.157214 -0.419928 0.381952
-0.087249 -0.480306 0.334836
-0.017284 -0.459315 0.287720
0.053060 -0.398609 0.240349
0.123405 -0.337903 0.192978
0.193749 -0.277198 0.145606
0.264094 -0.216492 0.098235
0.334438 -0.155786 0.050864
0.404783 -0.095080 0.003492
0.475127 -0.034374 -0.043879
0.454528 0.026332 -0.091251
0.384184 0.087037 -0.138622
0.313839 0.147743 -0.185994
0.243118 0.208775 -0.233619
0.172396 0.269806 -0.281244
0.101675 0.330837 -0.328870
0.030953 0.391868 -0.376495
-0.039768 0.452900 -0.424120
-0.110490 0.513931 -0.471746
-0.181211 0.574963 -0.480629
-0.251933 0.635994 -0.433004
-0.322654 0.697026 -0.385379
-0.393376 0.758057 -0.337753
-0.464473 0.819413 -0.289875
-0.464431 0.880768 -0.241997
-0.393334 0.942123 -0.194119
-0.322237 1.003478 -0.146241
-0.251141 1.064833 -0.098363
-0.180044 1.126187 -0.050485
-0.108947 1.187542 -0.002607
-0.037850 1.248897 0.045271
0.033246 1.310251 0.093149
0.104343 1.371606 0.141027
0.175813 1.433284 0.189157
0.247283 1.494961 0.237286
0.318753 1.556639 0.285416
0.390223 1.618317 0.333545
0.461693 1.679994 0.381675
0.466837 1.741672 0.429804
0.395368 1.803350 0.477934
0.323898 1.865028 0.473936
0.252428 1.926705 0.425807
0.180958 1.988383 0.377677
0.109117 2.050381 0.329298
0.037275 2.112380 0.280919
-0.034566 2.174378 0.232539
-0.106407 2.236376 0.184160
-0.178248 2.298375 0.135781
-0.250090 2.360373 0.087401
-0.321931 2.422371 0.039022
-0.393772 2.484370 -0.009358
-0.465613 2.546368 -0.057737
-0.462546 2.608366 -0.106117
-0.390335 2.670682 -0.154745
-0.318124 2.732997 -0.203373
-0.245914 2.795313 -0.252001
-0.173703 2.857628 -0.300629
-0.101492 2.919944 -0.349257
-0.029282 2.982259 -0.397886
0.042929 3.044575 -0.446514
0.115139 3.106890 -0.495142
0.187350 3.169206 -0.456230
0.259561 3.231521 -0.407602
0.332139 3.294154 -0.358726
0.404717 3.356786 -0.309851
0.477295 3.419419 -0.260975
0.450127 3.482051 -0.212100
0.377548 3.544684 -0.163224
0.304970 3.607316 -0.114348
0.232392 3.562496 -0.065473
0.159814 3.499863 -0.016597
0.087236 3.437231 0.032279
0.014658 3.374598 0.081154
-0.058286 3.311648 0.130276
-0.131230 3.248699 0.179398
-0.204173 3.185749 0.228520
-0.277117 3.122799 0.277642
-0.350061 3.059850 0.326764
-0.423005 2.996900 0.375886
-0.495949 2.933950 0.425008
-0.491123 2.910450 0.433094
-0.431783 2.946122 0.379626
-0.354688 2.981794 0.326157
-0.277209 3.017645 0.272423
-0.199731 3.053496 0.218688
-0.122252 3.089347 0.164953
-0.044773 3.125198 0.111218
0.032706 3.161049 0.057483
0.110185 3.196900 0.003749
0.187664 3.232751 -0.049986
0.265143 3.268602 -0.103721
0.342622 3.304453 -0.157456
