-0.392270 0.486656 -0.217760
-0.381943 0.446294 -0.214361
-0.371616 0.334907 -0.210963
-0.361289 0.177216 -0.207565
-0.350963 0.012711 -0.204166
-0.340636 -0.136290 -0.200768
-0.330309 -0.223809 -0.197370
-0.319982 -0.277599 -0.193971
-0.309655 -0.304344 -0.190573
-0.299329 -0.335075 -0.187174
-0.289002 -0.364758 -0.183776
-0.276354 -0.393441 -0.179614
-0.263707 -0.422124 -0.175452
-0.251059 -0.450807 -0.171290
-0.238412 -0.479490 -0.167128
-0.225764 -0.491827 -0.162966
-0.216728 -0.483528 -0.163840
-0.213109 -0.494196 -0.172268
-0.209490 -0.471921 -0.180696
-0.205871 -0.449645 -0.189124
-0.202252 -0.427369 -0.197552
-0.198073 -0.401647 -0.207284
-0.193894 -0.375926 -0.217016
-0.189715 -0.350204 -0.226748
-0.185536 -0.326588 -0.236479
-0.181358 -0.352310 -0.246211
-0.177179 -0.378032 -0.255943
-0.173000 -0.403753 -0.265675
-0.168821 -0.429475 -0.275407
-0.164642 -0.455197 -0.285139
-0.160463 -0.480919 -0.294871
-0.155791 -0.490323 -0.305752
-0.151119 -0.461566 -0.316632
-0.146447 -0.432808 -0.327513
-0.141775 -0.404050 -0.338393
-0.137103 -0.375292 -0.349274
-0.132430 -0.346535 -0.360154
-0.127758 -0.317777 -0.371035
-0.123086 -0.300998 -0.381915
-0.118414 -0.329756 -0.392796
-0.111768 -0.356955 -0.401535
-0.085021 -0.371386 -0.389996
-0.058275 -0.385817 -0.378457
-0.031529 -0.400248 -0.366917
-0.004782 -0.414680 -0.355378
0.021964 -0.429111 -0.343839
0.048710 -0.443542 -0.332300
0.075457 -0.457973 -0.320761
0.102203 -0.472404 -0.309222
0.128949 -0.486835 -0.297682
0.155696 -0.498733 -0.286143
0.184585 -0.483146 -0.273680
0.213474 -0.467559 -0.261216
0.242364 -0.451972 -0.248752
0.271253 -0.436384 -0.236289
0.300143 -0.420797 -0.223825
0.329032 -0.405210 -0.211361
0.357922 -0.389623 -0.198897
0.386811 -0.374036 -0.186433
0.395350 -0.393047 -0.209468
0.401627 -0.415903 -0.236448
0.408338 -0.440337 -0.265290
0.415049 -0.464771 -0.294132
0.421759 -0.489205 -0.322974
0.428470 -0.486361 -0.351816
0.435181 -0.461926 -0.380658
0.441892 -0.437492 -0.409500
0.448603 -0.413058 -0.438342
0.431285 -0.385331 -0.460915
0.411298 -0.357237 -0.482791
0.391310 -0.329144 -0.495334
0.402839 -0.333758 -0.481177
0.436188 -0.361314 -0.473052
0.469536 -0.388869 -0.464927
0.497115 -0.416425 -0.456802
0.475509 -0.435535 -0.451140
0.481302 -0.434938 -0.451225
0.487094 -0.434341 -0.451309
0.492887 -0.433744 -0.451393
0.498680 -0.433147 -0.451478
0.495528 -0.432550 -0.451562
0.489422 -0.431921 -0.451651
0.483316 -0.431291 -0.451740
0.477210 -0.430662 -0.451829
0.471104 -0.430032 -0.451918
0.464998 -0.429403 -0.452007
0.458892 -0.428773 -0.452097
0.452786 -0.428144 -0.452186
0.446681 -0.427515 -0.452275
0.440575 -0.426885 -0.452364
0.434469 -0.426256 -0.452453
0.428065 -0.425596 -0.452546
0.421661 -0.424935 -0.452640
0.415257 -0.424275 -0.452733
0.408853 -0.423615 -0.452826
0.402449 -0.422955 -0.452919
0.396045 -0.422295 -0.453013
0.389641 -0.421635 -0.453106
0.383237 -0.420975 -0.453199
0.376833 -0.420315 -0.453293
0.370429 -0.419654 -0.453386
0.363741 -0.418965 -0.453483
0.357052 -0.418276 -0.453581
0.350363 -0.417587 -0.453678
0.343674 -0.416897 -0.453776
0.336985 -0.416208 -0.453873
0.330296 -0.415519 -0.453971
0.323608 -0.414829 -0.454068
0.316919 -0.414140 -0.454165
0.310230 -0.413451 -0.454263
0.303541 -0.412761 -0.454360
0.296579 -0.412044 -0.454462
0.289618 -0.411326 -0.454564
0.282656 -0.410608 -0.454665
0.275694 -0.409891 -0.454767
0.268732 -0.409173 -0.454868
0.261770 -0.408455 -0.454970
0.254808 -0.407738 -0.455072
0.247847 -0.407020 -0.455173
0.240885 -0.406302 -0.455275
0.233923 -0.405585 -0.455377
0.226698 -0.404840 -0.455482
0.219474 -0.404096 -0.455587
0.212249 -0.403351 -0.455692
0.228388 -0.393565 -0.458613
0.260102 -0.377752 -0.463409
0.291817 -0.361938 -0.468206
0.323531 -0.346124 -0.473003
0.298466 -0.331612 -0.466793
0.267092 -0.317244 -0.459359
0.235718 -0.302877 -0.451926
0.203243 -0.288005 -0.444231
0.170768 -0.273133 -0.436536
0.138293 -0.258261 -0.428842
0.105818 -0.243389 -0.421147
0.073343 -0.228517 -0.413452
0.040868 -0.213644 -0.405758
0.008393 -0.198772 -0.398063
-0.024082 -0.183900 -0.390368
-0.056557 -0.169028 -0.382674
-0.089032 -0.154156 -0.374979
-0.122572 -0.138796 -0.367032
-0.156112 -0.123436 -0.359086
-0.189652 -0.108077 -0.351139
-0.223192 -0.092717 -0.343192
-0.256732 -0.077357 -0.335245
-0.290273 -0.061997 -0.327298
-0.323813 -0.046637 -0.319352
-0.357353 -0.031278 -0.311405
-0.390893 -0.015918 -0.303458
-0.424433 -0.000558 -0.295511
-0.459005 0.015275 -0.287320
-0.493577 0.031107 -0.279128
-0.471850 0.046940 -0.270937
-0.490831 0.049103 -0.297512
-0.445525 0.049747 -0.327949
-0.400219 0.050391 -0.358387
-0.354913 0.051035 -0.388825
-0.309607 0.051679 -0.419262
-0.264301 0.052323 -0.449700
-0.218995 0.052967 -0.480138
-0.172376 0.053630 -0.488542
-0.125756 0.054293 -0.457222
-0.079137 0.054956 -0.425903
-0.032517 0.055619 -0.394583
0.014102 0.056282 -0.363263
0.060722 0.056945 -0.331943
0.107341 0.057607 -0.300623
0.153961 0.058270 -0.269303
0.200580 0.058933 -0.237983
0.247200 0.059596 -0.206663
0.295097 0.060277 -0.174485
0.342994 0.060958 -0.142307
0.390891 0.061639 -0.110128
0.438788 0.062320 -0.077950
0.486685 0.063001 -0.045772
0.465418 0.063682 -0.013594
0.417521 0.064363 0.018585
0.369623 0.065044 0.050763
0.321726 0.065725 0.082941
0.273829 0.066406 0.115119
0.224688 0.067104 0.148133
0.175547 0.067803 0.181147
0.126406 0.068502 0.214162
0.077264 0.069201 0.247176
0.028123 0.069899 0.280190
-0.021018 0.070598 0.313204
-0.070159 0.071297 0.346218
-0.119301 0.071995 0.379232
-0.168442 0.072694 0.412246
-0.217583 0.073393 0.445260
-0.267938 0.074109 0.479090
-0.318293 0.074825 0.487081
-0.368648 0.075541 0.453251
-0.419003 0.076257 0.419422
-0.469358 0.076972 0.385592
-0.480288 0.077688 0.351763
-0.429933 0.078404 0.317933
-0.379578 0.079120 0.284103
-0.329223 0.079836 0.250274
-0.278868 0.080552 0.216444
-0.227328 0.081285 0.181819
-0.175788 0.082018 0.147193
-0.124248 0.082750 0.112568
-0.072709 0.083483 0.077942
-0.021169 0.084216 0.043317
0.030371 0.084949 0.008691
0.081911 0.085681 -0.025934
0.133450 0.086414 -0.060560
0.184990 0.087147 -0.095185
0.236530 0.087880 -0.129811
0.289228 0.088629 -0.165215
0.341927 0.089378 -0.200619
0.394625 0.090127 -0.236022
0.447323 0.090877 -0.271426
0.499979 0.091626 -0.306830
0.447280 0.092375 -0.342233
0.394582 0.093124 -0.377637
0.341884 0.093874 -0.413041
0.289186 0.094623 -0.448444
0.236487 0.095372 -0.483848
0.182656 0.096137 -0.479987
0.128825 0.096903 -0.443822
0.074993 0.097668 -0.407656
0.021161 0.098434 -0.371491
-0.032670 0.099199 -0.335326
-0.086502 0.099964 -0.299161
-0.140333 0.100730 -0.262996
-0.194165 0.101495 -0.226831
-0.247996 0.102261 -0.190666
-0.301828 0.103026 -0.154500
-0.356769 0.103807 -0.117589
-0.411711 0.104588 -0.080678
-0.466652 0.105369 -0.043767
-0.478406 0.106151 -0.006856
-0.423465 0.106932 0.030055
-0.368523 0.107713 0.066966
-0.313582 0.108494 0.103877
-0.258640 0.109275 0.140788
-0.203699 0.110056 0.177698
-0.148757 0.110837 0.214609
-0.092727 0.111634 0.252251
-0.036698 0.112430 0.289893
0.019332 0.113227 0.327535
0.075361 0.114024 0.365177
0.131391 0.114820 0.402819
0.187421 0.115617 0.440460
0.243451 0.116414 0.478102
0.299480 0.117210 0.484256
0.355510 0.118007 0.446614
0.411539 0.118803 0.408972
0.468636 0.119615 0.370613
0.474267 0.120427 0.332255
0.448824 0.115630 0.325959
0.469643 0.104944 0.276354
0.388110 0.094258 0.226749
0.306576 0.083572 0.177144
0.225043 0.072886 0.127539
0.143510 0.062200 0.077934
0.061976 0.051514 0.028329
-0.019557 0.040828 -0.021277
-0.102586 0.029946 -0.071792
-0.185616 0.019064 -0.122307
-0.268645 0.008181 -0.172823
-0.351675 -0.002701 -0.223338
-0.434704 -0.013583 -0.273854
-0.482266 -0.024465 -0.324369
-0.399237 -0.035347 -0.374885
-0.316207 -0.046229 -0.425400
-0.233177 -0.057111 -0.475916
-0.150148 -0.067994 -0.473569
-0.065649 -0.079068 -0.422159
0.018850 -0.090143 -0.370750
0.103349 -0.101218 -0.319340
0.187848 -0.112293 -0.267930
0.272348 -0.123367 -0.216521
0.356847 -0.134442 -0.165111
0.441346 -0.145517 -0.113702
0.442079 -0.148786 -0.112132
0.359045 -0.144248 -0.160404
0.276012 -0.139711 -0.208675
0.191559 -0.135097 -0.257771
0.107106 -0.130482 -0.306868
0.022654 -0.125867 -0.355964
-0.061799 -0.121252 -0.405060
-0.146252 -0.116638 -0.454157
-0.230705 -0.112023 -0.496747
-0.315157 -0.107408 -0.447650
-0.399610 -0.102793 -0.398554
-0.484063 -0.098179 -0.349458
-0.431485 -0.093564 -0.300361
-0.345636 -0.088873 -0.250454
-0.259787 -0.084182 -0.200546
-0.173938 -0.079491 -0.150638
-0.088089 -0.074800 -0.100730
-0.002241 -0.070109 -0.050822
0.083608 -0.065418 -0.000914
0.169457 -0.060727 0.048994
0.255306 -0.056036 0.098902
0.341155 -0.051345 0.148810
0.427003 -0.046654 0.198718
0.485774 -0.041888 0.249425
0.398552 -0.037122 0.300132
0.311329 -0.032356 0.350838
0.224107 -0.027589 0.401545
0.136884 -0.022823 0.452251
0.049662 -0.018057 0.497042
-0.037561 -0.013291 0.446336
-0.124783 -0.008525 0.395629
-0.212005 -0.003759 0.344922
-0.299228 0.001007 0.294216
-0.387803 0.005847 0.242723
-0.476378 0.010687 0.191230
-0.435047 0.015527 0.139738
-0.346473 0.020367 0.088245
-0.257898 0.025207 0.036752
-0.169323 0.030047 -0.014741
-0.080748 0.034887 -0.066233
0.007827 0.039727 -0.117726
0.096402 0.044567 -0.169219
0.184977 0.049407 -0.220712
0.274883 0.054319 -0.272979
0.364790 0.059232 -0.325246
0.454697 0.064145 -0.377513
0.455396 0.069057 -0.429780
0.365490 0.073970 -0.482047
0.275583 0.078883 -0.465686
0.185676 0.083796 -0.413419
0.095769 0.088709 -0.361152
0.005862 0.093621 -0.308885
-0.084045 0.098534 -0.256618
-0.175264 0.103519 -0.203588
-0.266483 0.108503 -0.150558
-0.229999 0.106497 -0.171783
-0.138784 0.101495 -0.224832
-0.047569 0.096494 -0.277880
-0.001154 0.107209 -0.335060
-0.021937 0.141498 -0.398437
-0.042720 0.175788 -0.461813
-0.063503 0.210078 -0.474811
-0.084287 0.244367 -0.411434
-0.105365 0.279143 -0.347159
-0.126443 0.313919 -0.282883
-0.147521 0.348695 -0.218607
-0.168599 0.383471 -0.154332
-0.189677 0.418247 -0.090056
-0.210755 0.453024 -0.025781
-0.231833 0.487800 0.038495
-0.252911 0.522576 0.102770
-0.273989 0.557352 0.167046
-0.295067 0.592128 0.231322
-0.316436 0.627384 0.296484
-0.337804 0.662640 0.361646
-0.359173 0.697895 0.426808
-0.380542 0.733151 0.491970
-0.401911 0.768406 0.442868
-0.423280 0.803662 0.377705
-0.444649 0.838917 0.312543
-0.466018 0.874173 0.247381
-0.487387 0.909428 0.182219
-0.491245 0.944684 0.117057
-0.469589 0.980413 0.051020
-0.447933 1.007727 -0.015017
-0.426278 0.971998 -0.081054
-0.404622 0.936269 -0.147091
-0.382967 0.900541 -0.213128
-0.361311 0.864812 -0.279165
-0.339656 0.829083 -0.345202
-0.318000 0.793354 -0.411238
-0.296345 0.757625 -0.477275
-0.274689 0.721897 -0.456688
-0.252750 0.685700 -0.389787
-0.230812 0.649504 -0.322887
-0.208873 0.613308 -0.255987
-0.186934 0.577112 -0.189087
-0.164996 0.540916 -0.122187
-0.143057 0.504720 -0.055287
-0.121118 0.468524 0.011614
-0.099179 0.432328 0.078514
-0.077241 0.396132 0.145414
-0.055302 0.359935 0.212314
-0.033084 0.323278 0.280066
-0.010866 0.286621 0.347819
0.011353 0.249964 0.415571
0.033571 0.213307 0.483323
0.055789 0.176650 0.448924
0.078007 0.139992 0.381172
0.100226 0.103335 0.313420
0.122444 0.066678 0.245668
0.144662 0.030021 0.177915
0.166880 -0.006636 0.110163
0.189374 -0.043749 0.041569
0.211869 -0.080861 -0.027026
0.234363 -0.117974 -0.095620
0.256857 -0.155086 -0.164214
0.279351 -0.192199 -0.232808
0.301845 -0.229311 -0.301402
0.324340 -0.266424 -0.369996
0.346834 -0.303537 -0.438590
0.369328 -0.340649 -0.492815
0.391822 -0.377762 -0.424221
0.414589 -0.415324 -0.354795
0.437356 -0.452887 -0.285370
0.460123 -0.490449 -0.215944
0.482890 -0.471988 -0.146519
0.494343 -0.434426 -0.077093
0.471576 -0.396863 -0.007667
0.448810 -0.359301 0.061758
0.426043 -0.321738 0.131184
0.403276 -0.284175 0.200609
0.381150 -0.323793 0.043532
0.358762 -0.363879 -0.115405
0.336374 -0.403966 -0.274342
0.313986 -0.444052 -0.433278
0.291599 -0.484139 -0.407785
0.269211 -0.475775 -0.248848
0.246823 -0.435688 -0.089912
0.224435 -0.395602 0.069025
0.202047 -0.355515 0.227962
0.179660 -0.315429 0.386898
0.157272 -0.275342 0.454165
0.134625 -0.234792 0.293391
0.111979 -0.194242 0.132617
0.089332 -0.153692 -0.028157
0.066686 -0.113142 -0.188931
0.044039 -0.072592 -0.349705
0.021392 -0.032043 -0.489521
-0.001254 0.008507 -0.328747
-0.023901 0.049057 -0.167973
-0.046547 0.089607 -0.007199
-0.069194 0.130157 0.153575
-0.092096 0.171165 0.316166
-0.114999 0.212173 0.478757
-0.137901 0.253181 0.358653
-0.160804 0.294189 0.196062
-0.177500 0.324546 0.054372
-0.138339 0.259042 0.100789
-0.099178 0.193538 0.147207
-0.060017 0.128034 0.193624
-0.020856 0.062531 0.240041
0.018305 -0.002973 0.286458
0.057899 -0.069201 0.333389
0.097493 -0.135428 0.380319
0.137086 -0.201656 0.427249
0.176680 -0.267883 0.474180
0.216274 -0.334111 0.478890
0.255867 -0.400339 0.431960
0.295461 -0.466566 0.385029
0.335055 -0.467206 0.338099
0.374649 -0.400979 0.291169
0.414243 -0.334751 0.244239
0.454265 -0.267808 0.196801
0.494287 -0.200864 0.149363
0.465692 -0.133921 0.101926
0.425670 -0.066977 0.054488
0.385648 -0.000034 0.007051
0.345626 0.066910 -0.040387
0.305604 0.133853 -0.087824
0.265582 0.200797 -0.135262
0.225561 0.267740 -0.182699
0.185539 0.334684 -0.230137
0.145093 0.402336 -0.278076
0.104648 0.469988 -0.326016
0.064203 0.537639 -0.373955
0.023757 0.605291 -0.421895
-0.016688 0.672943 -0.469834
-0.057133 0.740595 -0.482226
-0.097579 0.808247 -0.434287
-0.138024 0.875899 -0.386348
-0.178469 0.943551 -0.338408
-0.218915 1.011203 -0.290469
-0.259779 1.079556 -0.242032
-0.300643 1.147910 -0.193596
-0.341508 1.216263 -0.145160
-0.382372 1.284616 -0.096723
-0.423236 1.352970 -0.048287
-0.464101 1.361224 0.000149
-0.495035 1.292871 0.048586
-0.454171 1.224517 0.097022
-0.413306 1.156164 0.145458
-0.372442 1.087811 0.193895
-0.331163 1.018763 0.242823
-0.289883 0.949716 0.291751
-0.257834 0.907837 0.347716
-0.262706 0.974632 0.431833
-0.267577 1.041427 0.484051
-0.272448 1.108223 0.399935
-0.277319 1.175018 0.315819
-0.282190 1.241813 0.231703
-0.287061 1.308609 0.147586
-0.291933 1.375404 0.063470
-0.296852 1.442863 -0.021483
-0.301772 1.510323 -0.106436
-0.306692 1.473227 -0.191390
-0.311612 1.405768 -0.276343
-0.316531 1.338308 -0.361296
-0.321451 1.270849 -0.446250
-0.326371 1.203390 -0.468797
-0.331291 1.135930 -0.383844
-0.336211 1.068471 -0.298891
-0.341130 1.001012 -0.213937
-0.346098 0.932894 -0.128155
-0.351066 0.864777 -0.042373
-0.356034 0.796660 0.043409
-0.361001 0.728542 0.129191
-0.365969 0.660425 0.214973
-0.370937 0.592307 0.300755
-0.375905 0.524190 0.386537
-0.380872 0.456072 0.472320
-0.385840 0.387955 0.441898
-0.390808 0.319837 0.356116
-0.395823 0.251068 0.269513
-0.400838 0.182298 0.182910
-0.405853 0.113529 0.096307
-0.410868 0.044759 0.009704
-0.415883 -0.024010 -0.076899
-0.420899 -0.092780 -0.163502
-0.425914 -0.161549 -0.250105
-0.430929 -0.230319 -0.336708
-0.435944 -0.299088 -0.423310
-0.440959 -0.367857 -0.490087
-0.446021 -0.437273 -0.402671
-0.451084 -0.493312 -0.315254
-0.456146 -0.423897 -0.227838
-0.461208 -0.354481 -0.140422
-0.466270 -0.285066 -0.053006
-0.471332 -0.215651 0.034410
-0.476395 -0.146236 0.121826
-0.481457 -0.076820 0.209243
-0.486519 -0.007405 0.296659
-0.491581 0.062010 0.384075
-0.496690 0.132065 0.472297
-0.498201 0.202120 0.439481
-0.493092 0.272175 0.351260
-0.487983 0.342230 0.263038
-0.482874 0.412285 0.174816
-0.477765 0.482340 0.086594
-0.472656 0.552395 -0.001628
-0.467547 0.622451 -0.089849
-0.462438 0.692506 -0.178071
-0.457329 0.762561 -0.266293
-0.452173 0.833250 -0.355313
-0.447018 0.903938 -0.444333
-0.441863 0.974627 -0.466646
-0.436708 1.045316 -0.377626
-0.431552 1.116004 -0.288606
-0.426397 1.186693 -0.199586
-0.421242 1.257382 -0.110566
-0.416087 1.328071 -0.021545
-0.410932 1.398759 0.067475
-0.405776 1.469448 0.156495
-0.400575 1.540765 0.246307
-0.395374 1.612082 0.336118
-0.390173 1.683399 0.425930
-0.384972 1.754716 0.484258
-0.379771 1.826033 0.394447
-0.374570 1.794477 0.304635
-0.369369 1.723160 0.214823
-0.364168 1.651843 0.125012
-0.358967 1.580526 0.035200
-0.353765 1.509209 -0.054611
-0.348519 1.437269 -0.145207
-0.343273 1.365328 -0.235803
-0.338026 1.293388 -0.326399
-0.332780 1.221447 -0.416995
-0.327533 1.149507 -0.492409
-0.322287 1.077567 -0.401812
-0.317041 1.005626 -0.311216
-0.311794 0.933686 -0.220620
-0.306548 0.861745 -0.130024
-0.301301 0.789805 -0.039429
-0.296010 0.717247 0.051945
-0.290719 0.644689 0.143319
-0.285427 0.572131 0.234692
-0.280136 0.499573 0.326066
-0.274844 0.427016 0.417440
-0.269553 0.354458 0.491187
-0.264262 0.281900 0.399813
-0.258970 0.209343 0.308439
-0.253679 0.136785 0.217066
-0.248387 0.064227 0.125692
-0.243051 -0.008943 0.033548
-0.237715 -0.082113 -0.058597
-0.232379 -0.155283 -0.150742
-0.227043 -0.228453 -0.242887
-0.221707 -0.301623 -0.335031
-0.216371 -0.374793 -0.427176
-0.211035 -0.447963 -0.480679
-0.205699 -0.478867 -0.388535
-0.200362 -0.405697 -0.296390
-0.195026 -0.332527 -0.204246
-0.189646 -0.258749 -0.111336
-0.184265 -0.184972 -0.018427
-0.178885 -0.111194 0.074483
-0.173504 -0.037417 0.167392
-0.168124 0.036360 0.260302
-0.162743 0.110137 0.353211
-0.157363 0.183915 0.446120
-0.151982 0.257692 0.460970
-0.146602 0.331469 0.368061
-0.141221 0.405247 0.275152
-0.135797 0.479626 0.181484
-0.130373 0.554006 0.087816
-0.124948 0.628385 -0.005852
-0.119524 0.702765 -0.099520
-0.114099 0.777144 -0.193188
-0.108675 0.851524 -0.286855
-0.103251 0.925903 -0.380523
-0.097826 1.000282 -0.474191
-0.092402 1.074662 -0.432141
-0.086977 1.149041 -0.338473
-0.081509 1.224018 -0.244053
-0.076041 1.298995 -0.149633
-0.070574 1.373971 -0.055213
-0.065106 1.448948 0.039208
-0.059638 1.523925 0.133628
-0.054170 1.598901 0.228048
-0.048702 1.673878 0.322469
-0.043234 1.748855 0.416889
-0.037766 1.823831 0.488691
-0.032298 1.898808 0.394270
-0.026787 1.974377 0.299104
-0.021276 1.911910 0.203937
-0.015764 1.836341 0.108771
-0.010253 1.760772 0.013604
-0.004742 1.685203 -0.081563
0.000769 1.609634 -0.176729
0.006280 1.534064 -0.271896
0.011792 1.458495 -0.367063
0.017303 1.382926 -0.462229
0.022814 1.307357 -0.442604
0.028368 1.231199 -0.346697
0.033922 1.155041 -0.250790
0.039476 1.078883 -0.154883
0.045030 1.002725 -0.058975
0.050584 0.926567 0.036932
0.056138 0.850409 0.132839
0.061692 0.774251 0.228747
0.067246 0.698093 0.324654
0.072800 0.621935 0.420561
0.078354 0.545776 0.483532
0.083951 0.469035 0.386890
0.089548 0.392294 0.290248
0.095144 0.315553 0.193606
0.100741 0.238811 0.096963
0.106338 0.162070 0.000321
0.111934 0.085328 -0.096321
0.117531 0.008587 -0.192963
0.123128 -0.068154 -0.289605
0.128724 -0.144896 -0.386247
0.134321 -0.221637 -0.482890
0.139960 -0.298958 -0.419739
0.145599 -0.376279 -0.322367
0.151238 -0.453599 -0.224996
0.156876 -0.469080 -0.127624
0.162515 -0.391760 -0.030252
0.168154 -0.314439 0.067119
0.173793 -0.237118 0.164491
0.179432 -0.159798 0.261862
0.185071 -0.082477 0.359234
0.190710 -0.005156 0.456606
0.196391 0.072739 0.445299
0.202071 0.150634 0.347203
0.207752 0.228530 0.249108
0.213433 0.306425 0.151012
0.219114 0.384321 0.052917
0.224794 0.462217 -0.045179
0.230475 0.540112 -0.143274
0.236156 0.618008 -0.241370
0.241837 0.695903 -0.339466
0.247518 0.773799 -0.437561
0.253240 0.852265 -0.463625
0.258962 0.930730 -0.364811
0.264685 1.009196 -0.265997
0.270407 1.087662 -0.167183
0.276129 1.166128 -0.068368
0.281852 1.244594 0.030446
0.287574 1.323060 0.129260
0.293296 1.401526 0.228074
0.299019 1.479992 0.326888
0.304741 1.558458 0.425703
0.310505 1.637490 0.474770
0.316269 1.716522 0.375242
0.322032 1.795555 0.275715
0.327796 1.874587 0.176187
0.333560 1.953619 0.076660
0.339324 2.032652 -0.022868
0.345087 2.111685 -0.122396
0.350851 2.190718 -0.221924
0.356615 2.269752 -0.321451
0.362379 2.348785 -0.420979
0.368183 2.428381 -0.478785
0.373988 2.507977 -0.378549
0.379792 2.434771 -0.278314
0.385597 2.355175 -0.178077
0.391402 2.275579 -0.077841
0.397206 2.195983 0.022395
0.403011 2.116387 0.122631
0.408815 2.036791 0.222867
0.414620 1.957196 0.323103
0.420425 1.877601 0.423339
0.426270 1.797447 0.475722
0.432115 1.717293 0.374782
0.437961 1.637139 0.273843
0.443806 1.556985 0.172903
0.449652 1.476831 0.071964
0.455497 1.396677 -0.028976
0.461343 1.316523 -0.129915
0.467188 1.236369 -0.230855
0.473033 1.156215 -0.331794
0.478879 1.076061 -0.432734
0.484765 0.995353 -0.465628
0.490651 0.914645 -0.363990
0.496537 0.833937 -0.262352
0.497577 0.753228 -0.160714
0.491691 0.672520 -0.059076
0.485805 0.591812 0.042562
0.479919 0.511104 0.144200
0.474033 0.430395 0.245838
0.468147 0.349687 0.347476
0.462261 0.268978 0.449115
0.456335 0.187719 0.448553
0.450409 0.106459 0.346222
0.444483 0.025200 0.243890
0.438557 -0.056060 0.141558
0.432631 -0.137319 0.039226
0.426704 -0.218579 -0.063106
0.420778 -0.299838 -0.165438
0.414852 -0.381097 -0.267769
0.408926 -0.462357 -0.370101
0.403000 -0.456384 -0.472433
0.397033 -0.374578 -0.424546
0.391067 -0.292771 -0.321525
0.385101 -0.210965 -0.218504
0.379135 -0.129158 -0.115483
0.373169 -0.047351 -0.012462
0.367203 0.034455 0.090559
0.361237 0.116262 0.193580
0.355271 0.198068 0.296601
0.349304 0.279875 0.399622
0.343338 0.361682 0.497357
0.337333 0.444032 0.393652
0.331327 0.526382 0.289946
0.325321 0.608732 0.186241
0.319315 0.691083 0.082535
0.313309 0.773433 -0.021170
0.343029 0.695020 0.024522
0.376718 0.598745 0.086814
0.410407 0.502470 0.149106
0.444097 0.406195 0.211398
0.477786 0.309919 0.273690
0.488304 0.213013 0.336390
0.454394 0.116106 0.399091
0.420484 0.019200 0.461791
0.386574 -0.077707 0.475508
0.352664 -0.174613 0.412808
0.318754 -0.271520 0.350107
0.284844 -0.368426 0.287407
0.250935 -0.465333 0.224706
0.217025 -0.437761 0.162006
0.183115 -0.340854 0.099305
0.148985 -0.243321 0.036199
0.114856 -0.145787 -0.026907
0.080726 -0.048253 -0.090014
0.046597 0.049281 -0.153120
0.012467 0.146814 -0.216226
-0.021662 0.244348 -0.279333
-0.055792 0.341882 -0.342439
-0.089921 0.439416 -0.405545
-0.124051 0.536950 -0.468652
-0.158180 0.634484 -0.468242
-0.192527 0.732641 -0.404732
-0.226875 0.830797 -0.341223
-0.261222 0.928954 -0.277713
-0.295570 1.027111 -0.214203
-0.329917 1.125268 -0.150694
-0.364265 1.223425 -0.087184
-0.398612 1.321582 -0.023675
-0.432960 1.419739 0.039835
-0.467307 1.517896 0.103344
-0.498345 1.616053 0.166854
-0.463781 1.714830 0.230764
-0.429217 1.813607 0.294674
-0.394653 1.912383 0.358584
-0.360089 2.011160 0.422494
-0.325525 2.109937 0.486405
-0.290960 2.208714 0.449685
-0.256396 2.307491 0.385775
-0.221832 2.406267 0.321865
-0.187268 2.505044 0.257955
-0.152703 2.603821 0.194044
-0.117924 2.703213 0.129736
-0.083144 2.802605 0.065427
-0.048365 2.901997 0.001119
-0.013585 2.845676 -0.063189
0.021195 2.746284 -0.127498
0.055974 2.646892 -0.191806
0.090754 2.547500 -0.256115
0.125533 2.448108 -0.320423
0.160313 2.348716 -0.384731
0.195093 2.249325 -0.449040
0.230086 2.149322 -0.486256
0.265080 2.049320 -0.421552
0.300073 1.949317 -0.356848
0.335067 1.849313 -0.292144
0.370061 1.749310 -0.227440
0.405054 1.649307 -0.162735
0.440048 1.549303 -0.098031
0.475041 1.449300 -0.033327
0.489965 1.349296 0.031377
0.454972 1.249293 0.096081
0.419765 1.148681 0.161179
0.384559 1.048070 0.226276
0.349352 0.947458 0.291374
0.314146 0.846847 0.356471
0.278940 0.746235 0.421569
0.243733 0.645624 0.486666
0.208527 0.545012 0.448236
0.173321 0.444401 0.383139
0.138114 0.343790 0.318041
0.102908 0.243178 0.252944
0.067490 0.141963 0.187455
0.032072 0.040747 0.121967
-0.003346 -0.060469 0.056478
-0.038763 -0.161684 -0.009010
-0.074181 -0.262900 -0.074499
-0.109599 -0.364115 -0.139987
-0.145017 -0.465331 -0.205476
-0.180435 -0.433454 -0.270965
-0.215852 -0.332238 -0.336453
-0.251270 -0.231022 -0.401942
-0.242697 -0.264945 -0.371909
-0.215181 -0.357041 -0.300773
-0.187665 -0.449138 -0.229637
-0.160149 -0.458766 -0.158501
-0.132633 -0.366670 -0.087366
-0.105116 -0.274573 -0.016230
-0.077600 -0.182477 0.054906
-0.050084 -0.090381 0.126042
-0.022568 0.001716 0.197178
0.004948 0.093812 0.268314
0.032626 0.186448 0.339868
0.060303 0.279085 0.411421
0.087981 0.371721 0.482974
0.115658 0.464357 0.445473
0.143336 0.556994 0.373919
0.171014 0.649630 0.302366
0.198691 0.742267 0.230813
0.226369 0.834903 0.159260
0.254046 0.927539 0.087706
0.281724 1.020176 0.016153
0.309562 1.113350 -0.055815
0.337400 1.206524 -0.127783
0.365238 1.299698 -0.199751
0.393076 1.392871 -0.271719
0.420914 1.486045 -0.343687
0.448752 1.579219 -0.415655
0.476590 1.672393 -0.487623
0.495572 1.765567 -0.440409
0.467734 1.858741 -0.368441
0.439896 1.951915 -0.296472
0.411898 2.045623 -0.224092
0.383901 2.139331 -0.151712
0.355903 2.233039 -0.079331
0.327906 2.326747 -0.006951
0.299908 2.420455 0.065430
0.271911 2.514163 0.137810
0.243913 2.607871 0.210191
0.215916 2.701579 0.282571
0.187918 2.795287 0.354951
0.159921 2.888995 0.427332
0.131765 2.983232 0.499878
0.103609 3.077470 0.427088
0.075452 3.171707 0.354297
0.047296 3.265944 0.281507
0.019140 3.307356 0.208716
-0.009016 3.213119 0.135926
-0.037172 3.118881 0.063135
-0.065328 3.024644 -0.009655
-0.093485 2.930407 -0.082446
-0.121641 2.836169 -0.155236
-0.149955 2.741403 -0.228435
-0.178269 2.646636 -0.301633
-0.206582 2.551869 -0.374831
-0.234896 2.457103 -0.448030
-0.263210 2.362336 -0.478772
-0.291524 2.267570 -0.405573
-0.319838 2.172803 -0.332375
-0.348152 2.078036 -0.259177
-0.376466 1.983270 -0.185978
-0.404780 1.888503 -0.112780
-0.433251 1.793212 -0.039176
-0.461722 1.697921 0.034428
-0.490192 1.602630 0.108032
-0.481337 1.507339 0.181635
-0.452866 1.412047 0.255239
-0.424395 1.316756 0.328843
-0.395925 1.221465 0.402447
-0.367454 1.126174 0.476051
-0.338983 1.030883 0.450345
-0.310512 0.935592 0.376741
-0.281885 0.839778 0.302734
-0.253258 0.743965 0.228726
-0.224632 0.648152 0.154719
-0.196005 0.552339 0.080712
-0.167378 0.456525 0.006705
-0.138751 0.360712 -0.067302
-0.110125 0.264898 -0.141309
-0.081498 0.169084 -0.215317
-0.052871 0.073271 -0.289324
-0.024244 -0.022543 -0.363331
0.004538 -0.118875 -0.437739
0.033320 -0.215208 -0.487852
0.062101 -0.311541 -0.413444
0.090883 -0.407874 -0.339035
0.119665 -0.495794 -0.264627
0.148447 -0.399461 -0.190219
0.177229 -0.303128 -0.115810
0.206011 -0.206795 -0.041402
0.234793 -0.110462 0.033006
0.263575 -0.014130 0.107414
0.292511 0.082720 0.182222
0.321447 0.179569 0.257029
0.350384 0.276418 0.331836
0.379320 0.373268 0.406644
0.408256 0.470117 0.481451
0.437192 0.566966 0.443741
0.466129 0.663815 0.368934
0.495065 0.760664 0.294127
0.475999 0.857514 0.219319
0.447062 0.954363 0.144512
0.417973 1.051726 0.069308
0.388883 1.149089 -0.005896
0.359793 1.246452 -0.081100
0.330703 1.343815 -0.156304
0.301614 1.441178 -0.231509
0.272524 1.538541 -0.306713
0.243434 1.635904 -0.381917
0.214344 1.733267 -0.457121
0.185255 1.830630 -0.467675
0.156165 1.927993 -0.392471
0.126922 2.025867 -0.316872
0.097680 2.123740 -0.241273
0.068437 2.221613 -0.165674
0.039195 2.319487 -0.090075
0.009953 2.417360 -0.014476
-0.019290 2.515233 0.061122
-0.048532 2.613106 0.136721
-0.077775 2.710979 0.212320
-0.107017 2.808853 0.287919
-0.136260 2.906726 0.363518
-0.165654 3.005109 0.439510
-0.195049 3.103493 0.484498
-0.224443 3.201876 0.408507
-0.253837 3.300260 0.332515
-0.283232 3.398643 0.256523
-0.312626 3.497026 0.180531
-0.342020 3.595410 0.104540
-0.371415 3.693793 0.028548
-0.400809 3.642031 -0.047443
-0.430203 3.543647 -0.123435
-0.459749 3.444758 -0.199817
-0.489294 3.345870 -0.276200
-0.481161 3.246981 -0.352582
-0.451615 3.148092 -0.428965
-0.422070 3.049203 -0.494653
-0.392524 2.950314 -0.418271
-0.362979 2.851425 -0.341888
-0.333433 2.752536 -0.265506
-0.303888 2.653647 -0.189123
-0.274343 2.554759 -0.112741
-0.244647 2.455367 -0.035970
-0.214951 2.355975 0.040801
-0.185255 2.256583 0.117572
-0.155559 2.157191 0.194343
-0.125863 2.057799 0.271114
-0.096167 1.958407 0.347885
-0.066471 1.859015 0.424656
-0.036775 1.759623 0.498573
-0.007079 1.660231 0.421801
0.022616 1.560839 0.345030
0.052462 1.460947 0.267872
0.082307 1.361054 0.190715
0.112153 1.261161 0.113557
0.141998 1.161269 0.036399
0.171844 1.061376 -0.040759
0.201689 0.961483 -0.117916
0.231535 0.861591 -0.195074
0.261380 0.761698 -0.272232
0.291226 0.661806 -0.349390
0.321071 0.561913 -0.426548
0.351066 0.461522 -0.495910
0.381060 0.361132 -0.418367
0.411054 0.260741 -0.340824
0.441048 0.160350 -0.263282
0.471043 0.059960 -0.185739
0.498963 -0.040431 -0.108196
0.468969 -0.140822 -0.030654
0.438974 -0.241212 0.046889
0.408980 -0.341603 0.124432
