-0.087247 0.138277 -0.271718
-0.090740 0.156332 -0.253595
-0.094233 0.174388 -0.235471
-0.097726 0.161988 -0.217347
-0.101219 0.012711 -0.199224
-0.101946 -0.150081 -0.193661
-0.114452 -0.223809 -0.183917
-0.126913 -0.277599 -0.170953
-0.139101 -0.306254 -0.189973
-0.149167 -0.337923 -0.198331
-0.157897 -0.364652 -0.190441
-0.168588 -0.392039 -0.180777
-0.179280 -0.419425 -0.171113
-0.189971 -0.446812 -0.161450
-0.200663 -0.474198 -0.151786
-0.211354 -0.498415 -0.142123
-0.220190 -0.483661 -0.140214
-0.221606 -0.480566 -0.169327
-0.223021 -0.444793 -0.198440
-0.224436 -0.409020 -0.227552
-0.225852 -0.397162 -0.256665
-0.227486 -0.438469 -0.290281
-0.229705 -0.481098 -0.322159
-0.237186 -0.464382 -0.338389
-0.244668 -0.409862 -0.354619
-0.252149 -0.355342 -0.370849
-0.259631 -0.327930 -0.387079
-0.267112 -0.382450 -0.403309
-0.274594 -0.436970 -0.419539
-0.282076 -0.491490 -0.435769
-0.289557 -0.453990 -0.451999
-0.297922 -0.393034 -0.470145
-0.306286 -0.332079 -0.488291
-0.314651 -0.307879 -0.493564
-0.323016 -0.368834 -0.475418
-0.331380 -0.429789 -0.457272
-0.339745 -0.490745 -0.439126
-0.348109 -0.448300 -0.420981
-0.356474 -0.387345 -0.402835
-0.364839 -0.326389 -0.384689
-0.373203 -0.303402 -0.366543
-0.382366 -0.370175 -0.346666
-0.391529 -0.436948 -0.326788
-0.400691 -0.496278 -0.306911
-0.409854 -0.429505 -0.287033
-0.419017 -0.362732 -0.267156
-0.428180 -0.295958 -0.247278
-0.437342 -0.313805 -0.227400
-0.446505 -0.380578 -0.207523
-0.455668 -0.447352 -0.187645
-0.464831 -0.485875 -0.167768
-0.474728 -0.413752 -0.146298
-0.484625 -0.341628 -0.124827
-0.494522 -0.269505 -0.103357
-0.495581 -0.247805 -0.081887
-0.485684 -0.319929 -0.060417
-0.475787 -0.392052 -0.038947
-0.438525 -0.416037 -0.069607
-0.398222 -0.434674 -0.106060
-0.357919 -0.453310 -0.142512
-0.317616 -0.471946 -0.178965
-0.274531 -0.491869 -0.217934
-0.231445 -0.488208 -0.256903
-0.188359 -0.468284 -0.295873
-0.145274 -0.448361 -0.334842
-0.102188 -0.428438 -0.373812
-0.059102 -0.408515 -0.412781
-0.016017 -0.388592 -0.451751
0.027069 -0.368669 -0.490720
0.070154 -0.348745 -0.470310
0.113240 -0.328822 -0.431341
0.176005 -0.310773 -0.433493
0.240667 -0.293065 -0.440478
0.305328 -0.275358 -0.447463
0.369989 -0.257651 -0.454448
0.434650 -0.239943 -0.461433
0.499311 -0.222236 -0.468417
0.436027 -0.204529 -0.475402
0.371366 -0.186822 -0.482387
0.306705 -0.169114 -0.489372
0.242044 -0.157007 -0.496356
0.173885 -0.175672 -0.496281
0.105726 -0.194337 -0.488918
0.037567 -0.213002 -0.481556
-0.030592 -0.231667 -0.474193
-0.098751 -0.250332 -0.466830
-0.166910 -0.268997 -0.459468
-0.235069 -0.287662 -0.452105
-0.303228 -0.306327 -0.444742
-0.297478 -0.259154 -0.459200
-0.260053 -0.183765 -0.483010
-0.220801 -0.104697 -0.492018
-0.181549 -0.082048 -0.467046
-0.142297 -0.161116 -0.442074
-0.103046 -0.240184 -0.417102
-0.063794 -0.319252 -0.392130
-0.024542 -0.398321 -0.367158
0.014710 -0.477389 -0.342186
0.053962 -0.443543 -0.317214
0.093214 -0.364475 -0.292242
0.132466 -0.285406 -0.267270
0.173463 -0.202822 -0.241188
0.214460 -0.120238 -0.215106
0.255458 -0.037654 -0.189024
0.296455 -0.093570 -0.162941
0.337452 -0.176154 -0.136859
0.378449 -0.258738 -0.110777
0.419447 -0.341322 -0.084695
0.364492 -0.342430 -0.091503
0.285550 -0.323169 -0.106534
0.206608 -0.303908 -0.121565
0.124442 -0.283861 -0.137210
0.042277 -0.263813 -0.152855
-0.039889 -0.243766 -0.168500
-0.122054 -0.223718 -0.184145
-0.204220 -0.203671 -0.199789
-0.286386 -0.183624 -0.215434
-0.368551 -0.163577 -0.231079
-0.450717 -0.143529 -0.246724
-0.467118 -0.123482 -0.262369
-0.384952 -0.103435 -0.278014
-0.299685 -0.082631 -0.294249
-0.214417 -0.061827 -0.310484
-0.129150 -0.041023 -0.326720
-0.043883 -0.020219 -0.342955
0.041385 0.000585 -0.359191
0.126652 0.021389 -0.375426
0.211919 0.007884 -0.391661
0.196567 0.014628 -0.390377
0.114135 0.035613 -0.377414
0.031704 0.010504 -0.364450
-0.053621 -0.015487 -0.351031
-0.138946 -0.041477 -0.337612
-0.224271 -0.067468 -0.324194
-0.309596 -0.093458 -0.310775
-0.394921 -0.119448 -0.297356
-0.480246 -0.145439 -0.283937
-0.434429 -0.171429 -0.270518
-0.349104 -0.197419 -0.257100
-0.263779 -0.223410 -0.243681
-0.178454 -0.249400 -0.230262
-0.090331 -0.276242 -0.216403
-0.002208 -0.303085 -0.202544
0.085915 -0.329928 -0.188686
0.174039 -0.356770 -0.174827
0.262162 -0.383613 -0.160968
0.350285 -0.410456 -0.147109
0.438408 -0.437298 -0.133250
0.473469 -0.464141 -0.119391
0.385346 -0.490984 -0.105533
0.297223 -0.482174 -0.091674
0.206387 -0.454505 -0.077388
0.115552 -0.426836 -0.063103
0.024717 -0.399167 -0.048818
-0.066119 -0.371499 -0.034532
-0.156954 -0.343830 -0.020247
-0.247789 -0.316161 -0.005962
-0.338624 -0.288492 0.008324
-0.429460 -0.260823 0.022609
-0.479705 -0.233155 0.036895
-0.388869 -0.205486 0.051180
-0.295401 -0.177015 0.065879
-0.201932 -0.148544 0.080579
-0.108463 -0.120073 0.095279
-0.014994 -0.091602 0.109978
0.078474 -0.063131 0.124678
0.171943 -0.034660 0.139377
0.265412 -0.006189 0.154077
0.358880 0.022282 0.168776
0.452349 0.050753 0.183476
0.454182 0.079224 0.198175
0.358152 0.108475 0.213278
0.262122 0.137727 0.228380
0.166092 0.166978 0.243482
0.070062 0.155251 0.258585
-0.025968 0.126000 0.273687
-0.121998 0.096748 0.288789
-0.218028 0.067497 0.303892
-0.314058 0.038246 0.318994
-0.410088 0.008995 0.334096
-0.493882 -0.020256 0.349199
-0.395357 -0.050267 0.364693
-0.296833 -0.080279 0.380188
-0.198308 -0.110290 0.395682
-0.099783 -0.140301 0.411177
-0.001259 -0.170312 0.426671
0.097266 -0.200323 0.442166
0.195791 -0.230334 0.457660
0.294316 -0.260345 0.473155
0.392840 -0.290356 0.488649
0.491365 -0.320367 0.495856
0.496346 -0.355005 0.482482
0.456831 -0.392234 0.435794
0.410008 -0.429463 0.389106
0.363185 -0.466692 0.342418
0.316362 -0.496079 0.295730
0.269539 -0.458850 0.249042
0.222716 -0.421620 0.202354
0.175893 -0.384391 0.155665
0.129070 -0.347162 0.108977
0.082247 -0.309933 0.062289
0.034322 -0.271828 0.014502
-0.013603 -0.233723 -0.033285
-0.061528 -0.195618 -0.081071
-0.109453 -0.157512 -0.128858
-0.157378 -0.119407 -0.176645
-0.205303 -0.081302 -0.224432
-0.253228 -0.043197 -0.272219
-0.301153 -0.005092 -0.320006
-0.349077 0.033014 -0.367792
-0.397002 0.071119 -0.415579
-0.446004 0.110081 -0.464440
-0.495007 0.149042 -0.486699
-0.455991 0.188004 -0.437838
-0.406989 0.226965 -0.388977
-0.357987 0.265927 -0.340116
-0.308985 0.304888 -0.291255
-0.259983 0.343850 -0.242394
-0.210981 0.382811 -0.193534
-0.161979 0.421773 -0.144673
-0.112977 0.420812 -0.095812
-0.062921 0.381012 -0.045900
-0.012865 0.341213 0.004012
0.037191 0.301413 0.053923
0.087247 0.261614 0.103835
0.137303 0.221814 0.153747
0.187359 0.182014 0.203659
0.237415 0.142215 0.253570
0.287471 0.102415 0.303482
0.337527 0.062616 0.353394
0.387583 0.022816 0.403306
0.438671 -0.017804 0.454246
0.489759 -0.058424 0.494813
0.459153 -0.099045 0.443872
0.408065 -0.139665 0.392931
0.356977 -0.180285 0.341990
0.305889 -0.220905 0.291050
0.254800 -0.261526 0.240109
0.203712 -0.302146 0.189168
0.152624 -0.342766 0.138227
0.101536 -0.383386 0.087286
0.049436 -0.424811 0.035336
-0.002664 -0.466236 -0.016614
-0.054764 -0.492340 -0.068564
-0.106864 -0.450915 -0.120513
-0.158964 -0.409490 -0.172463
-0.211064 -0.368066 -0.224413
-0.263164 -0.326641 -0.276363
-0.315263 -0.285217 -0.328313
-0.367363 -0.243792 -0.380263
-0.419463 -0.202367 -0.432212
-0.472555 -0.160153 -0.485152
-0.474352 -0.117939 -0.461909
-0.421260 -0.075726 -0.408969
-0.368168 -0.033512 -0.356030
-0.315076 0.008702 -0.303091
-0.261983 0.050916 -0.250151
-0.208891 0.093130 -0.197212
-0.155799 0.135343 -0.144273
-0.102706 0.177557 -0.091333
-0.049614 0.219771 -0.038394
0.004453 0.262759 0.015517
0.058519 0.305748 0.069428
0.112586 0.348736 0.123339
0.166653 0.391725 0.177249
0.220719 0.434713 0.231160
0.274786 0.477701 0.285071
0.328853 0.520690 0.338982
0.382919 0.563678 0.392893
0.436986 0.606667 0.446804
0.491053 0.649656 0.499285
0.453923 0.693405 0.444420
0.398899 0.682023 0.389555
0.343876 0.638274 0.334690
0.288852 0.594525 0.279825
0.233828 0.550775 0.224960
0.178805 0.507026 0.170095
0.123781 0.463277 0.115230
0.068758 0.419527 0.060365
0.013734 0.375778 0.005499
-0.041290 0.332028 -0.049366
-0.097254 0.287531 -0.105169
-0.153218 0.243034 -0.160972
-0.209183 0.198536 -0.216775
-0.265147 0.154039 -0.272578
-0.321111 0.109542 -0.328381
-0.377075 0.065045 -0.384184
-0.433040 0.020547 -0.439987
-0.489004 -0.023950 -0.495790
-0.455032 -0.068447 -0.448407
-0.399067 -0.112944 -0.392604
-0.342178 -0.158177 -0.335878
-0.285289 -0.203410 -0.279153
-0.228399 -0.248643 -0.222428
-0.171510 -0.293875 -0.165702
-0.114621 -0.339108 -0.108977
-0.057731 -0.384341 -0.052251
-0.000842 -0.429574 0.004474
0.056048 -0.474806 0.061200
0.112937 -0.479961 0.117925
0.169826 -0.434728 0.174651
0.227626 -0.388771 0.232284
0.285425 -0.342815 0.289917
0.343225 -0.296858 0.347550
0.401025 -0.250901 0.405183
0.458824 -0.204945 0.462816
0.483376 -0.158988 0.479550
0.425577 -0.113032 0.421917
0.367777 -0.067075 0.364284
0.309978 -0.021119 0.306651
0.252178 0.024838 0.249018
0.193483 0.071507 0.190491
0.134787 0.118176 0.131964
0.076091 0.164845 0.073437
0.017395 0.211514 0.014911
-0.041301 0.258184 -0.043616
-0.099997 0.304853 -0.102143
-0.158692 0.351522 -0.160669
-0.217388 0.398191 -0.219196
-0.276084 0.444861 -0.277723
-0.334780 0.491530 -0.336249
-0.394359 0.538901 -0.395656
-0.453937 0.586271 -0.455063
-0.486485 0.633642 -0.485530
-0.426906 0.681013 -0.426124
-0.481402 0.729318 -0.340312
-0.372901 0.777727 -0.251566
-0.264401 0.826137 -0.162820
-0.155901 0.783346 -0.074075
-0.047401 0.734936 0.014671
0.061099 0.686527 0.103417
0.171183 0.637412 0.193458
0.281267 0.588296 0.283499
0.204960 0.628619 0.205421
0.107943 0.678879 0.108663
0.010925 0.729138 0.011904
-0.086092 0.779398 -0.084854
-0.183109 0.829658 -0.181612
-0.280127 0.796721 -0.278370
-0.377144 0.746461 -0.375129
-0.474161 0.696201 -0.471887
-0.427445 0.645229 -0.429982
-0.329052 0.594256 -0.331852
-0.230658 0.543283 -0.233721
-0.132264 0.492311 -0.135590
-0.033871 0.441338 -0.037459
0.064523 0.390365 0.060671
0.162916 0.339392 0.158802
0.261310 0.288419 0.256933
0.359703 0.237446 0.355064
0.458097 0.186473 0.453194
0.442152 0.134797 0.447321
0.342402 0.083120 0.347837
0.242651 0.031444 0.248353
0.142900 -0.020232 0.148868
0.043149 -0.071908 0.049384
-0.056601 -0.123584 -0.050100
-0.156352 -0.175260 -0.149585
-0.256103 -0.226936 -0.249069
-0.260612 -0.250590 -0.275984
-0.169880 -0.246222 -0.230329
-0.077931 -0.241796 -0.184062
0.014019 -0.237370 -0.137795
0.105969 -0.232944 -0.091527
0.197919 -0.228518 -0.045260
0.289869 -0.224092 0.001007
0.381819 -0.219666 0.047275
0.473769 -0.215240 0.093542
0.434281 -0.210814 0.139809
0.342331 -0.206388 0.186077
0.250381 -0.201962 0.232344
0.157229 -0.197478 0.279216
0.064077 -0.192993 0.326089
-0.029075 -0.188509 0.372961
-0.122226 -0.184025 0.419833
-0.215378 -0.179541 0.466705
-0.308530 -0.175057 0.486423
-0.401682 -0.170573 0.439550
-0.494834 -0.166089 0.392678
-0.412014 -0.161605 0.345806
-0.318862 -0.157121 0.298934
-0.224523 -0.152580 0.251464
-0.130185 -0.148039 0.203995
-0.035846 -0.143498 0.156526
0.058492 -0.138956 0.109057
0.152831 -0.134415 0.061587
0.247169 -0.129874 0.014118
0.341508 -0.125333 -0.033351
0.435847 -0.120792 -0.080821
0.469815 -0.116251 -0.128290
0.375476 -0.111710 -0.175759
0.279966 -0.107112 -0.223818
0.269809 -0.112075 -0.229217
0.387684 -0.131380 -0.170625
0.494441 -0.150684 -0.112033
0.376567 -0.169988 -0.053441
0.258692 -0.189292 0.005151
0.140817 -0.208596 0.063743
0.022943 -0.227900 0.122335
-0.094932 -0.247204 0.180927
-0.212807 -0.266509 0.239519
-0.332110 -0.286047 0.298821
-0.451414 -0.305585 0.358123
-0.429283 -0.325123 0.417425
-0.309979 -0.344661 0.476727
-0.190676 -0.364199 0.463970
-0.071373 -0.383737 0.404668
0.047931 -0.403275 0.345366
0.167234 -0.422814 0.286064
0.286538 -0.442352 0.226762
0.405841 -0.461890 0.167460
0.473443 -0.481659 0.107456
0.352728 -0.498572 0.047452
0.232012 -0.478802 -0.012552
0.111297 -0.459033 -0.072556
-0.009419 -0.439263 -0.132561
-0.130134 -0.419494 -0.192565
-0.250849 -0.399725 -0.252569
-0.371565 -0.379955 -0.312573
-0.492280 -0.360186 -0.372577
-0.387004 -0.340417 -0.432581
-0.264893 -0.320419 -0.493278
-0.142782 -0.300421 -0.446024
-0.020671 -0.280423 -0.385326
0.101440 -0.260425 -0.324628
0.223551 -0.240427 -0.263930
0.208424 -0.289087 -0.260404
0.158989 -0.354911 -0.271170
0.109553 -0.420735 -0.281937
0.060117 -0.486560 -0.292703
0.010681 -0.447616 -0.303470
-0.039314 -0.381047 -0.314358
-0.089309 -0.314479 -0.325246
-0.139303 -0.247911 -0.336134
-0.189298 -0.181343 -0.347022
-0.239292 -0.114774 -0.357910
-0.289287 -0.048206 -0.368797
-0.339282 0.018362 -0.379685
-0.389276 0.084930 -0.390573
-0.439271 0.151498 -0.401461
-0.489265 0.218067 -0.412349
-0.460187 0.285370 -0.423358
-0.409640 0.352674 -0.434366
-0.359093 0.419978 -0.445375
-0.308546 0.487282 -0.456383
-0.257999 0.554585 -0.467391
-0.207452 0.621889 -0.478400
-0.156905 0.689193 -0.489408
-0.106358 0.756497 -0.499584
-0.055811 0.823801 -0.488575
-0.005263 0.891104 -0.477567
0.045830 0.959136 -0.466439
0.096924 1.027167 -0.455312
0.148017 1.095199 -0.444185
0.199111 1.163231 -0.433058
0.250204 1.231262 -0.421930
0.301298 1.299294 -0.410803
0.352391 1.323996 -0.399676
0.403484 1.255964 -0.388548
0.454578 1.187933 -0.377421
0.494329 1.119901 -0.366294
0.442694 1.051150 -0.355049
0.391060 0.982398 -0.343804
0.339426 0.913647 -0.332559
0.287792 0.844895 -0.321314
0.236157 0.776143 -0.310069
0.184523 0.707392 -0.298824
0.132889 0.638640 -0.287579
0.081255 0.569889 -0.276334
0.029620 0.501137 -0.265089
-0.022014 0.432386 -0.253844
-0.074183 0.362922 -0.242482
-0.126352 0.293458 -0.231121
-0.178522 0.223994 -0.219759
-0.230691 0.154530 -0.208398
-0.282860 0.085067 -0.197036
-0.335029 0.015603 -0.185674
-0.387199 -0.053861 -0.174313
-0.439368 -0.123325 -0.162951
-0.491537 -0.192789 -0.151590
-0.456293 -0.262253 -0.140228
-0.403595 -0.332422 -0.128751
-0.408131 -0.259182 -0.127430
-0.419027 -0.170008 -0.127237
-0.429923 -0.080834 -0.127044
-0.440819 0.008340 -0.126851
-0.451715 0.097514 -0.126658
-0.462611 0.186687 -0.126465
-0.473507 0.275861 -0.126272
-0.484403 0.365035 -0.126079
-0.495299 0.454209 -0.125886
-0.493696 0.544270 -0.125692
-0.482692 0.634332 -0.125497
-0.471687 0.724393 -0.125302
-0.460683 0.814455 -0.125107
-0.449678 0.904516 -0.124913
-0.438674 0.994578 -0.124718
-0.427669 1.084639 -0.124523
-0.416665 1.174700 -0.124328
-0.405660 1.264762 -0.124133
-0.394656 1.354823 -0.123938
-0.383544 1.445763 -0.123742
-0.372432 1.536703 -0.123545
-0.361320 1.583798 -0.123348
-0.350208 1.492858 -0.123151
-0.339097 1.401918 -0.122954
-0.327985 1.310978 -0.122758
-0.316873 1.220038 -0.122561
-0.305761 1.129098 -0.122364
-0.294649 1.038158 -0.122167
-0.283538 0.947218 -0.121971
-0.272319 0.855408 -0.121772
-0.261101 0.763598 -0.121573
-0.249883 0.671788 -0.121375
-0.238665 0.579977 -0.121176
-0.227447 0.488167 -0.120977
-0.216228 0.396357 -0.120779
-0.205010 0.304547 -0.120580
-0.193792 0.212737 -0.120382
-0.182574 0.120926 -0.120183
-0.171356 0.029116 -0.119984
-0.160032 -0.063556 -0.119784
-0.148709 -0.156228 -0.119583
-0.137385 -0.248900 -0.119383
-0.126062 -0.341572 -0.119182
-0.114738 -0.434244 -0.118982
-0.103414 -0.473084 -0.118781
-0.092091 -0.380412 -0.118581
-0.080767 -0.287739 -0.118380
-0.069444 -0.195067 -0.118180
-0.058120 -0.102395 -0.117979
-0.046692 -0.008869 -0.117777
-0.035265 0.084657 -0.117575
-0.023837 0.178184 -0.117372
-0.012409 0.271710 -0.117170
-0.000981 0.365236 -0.116968
0.010447 0.458763 -0.116765
0.021875 0.552289 -0.116563
0.033303 0.645815 -0.116361
0.044731 0.739341 -0.116158
0.056159 0.832868 -0.115956
0.067690 0.927240 -0.115752
0.079221 1.021613 -0.115548
0.090753 1.115986 -0.115343
0.102284 1.210360 -0.115139
0.113815 1.304733 -0.114935
0.125347 1.399106 -0.114731
0.136878 1.493479 -0.114527
0.148409 1.587852 -0.114323
0.159940 1.682226 -0.114118
0.171472 1.588484 -0.113914
0.183105 1.493273 -0.113708
0.194739 1.398061 -0.113502
0.206373 1.302850 -0.113296
0.218007 1.207639 -0.113090
0.229641 1.112427 -0.112884
0.241274 1.017216 -0.112678
0.252908 0.922004 -0.112472
0.264542 0.826793 -0.112266
0.276176 0.731581 -0.112060
0.287810 0.636369 -0.111854
0.299545 0.540325 -0.111646
0.311281 0.444282 -0.111439
0.323017 0.348239 -0.111231
0.334752 0.252196 -0.111023
0.346488 0.156153 -0.110815
0.358223 0.060110 -0.110607
0.369959 -0.035933 -0.110400
0.381694 -0.131977 -0.110192
0.393430 -0.228020 -0.109984
0.405166 -0.324063 -0.109776
0.417002 -0.420931 -0.109567
0.428838 -0.482202 -0.109357
0.440674 -0.385334 -0.109148
0.452511 -0.288466 -0.108938
0.464347 -0.191599 -0.108728
0.476183 -0.094731 -0.108519
0.488020 0.002137 -0.108309
0.499856 0.099004 -0.108100
0.488308 0.195872 -0.107890
0.476472 0.292739 -0.107680
0.464535 0.390425 -0.107469
0.452599 0.488110 -0.107258
0.440663 0.585795 -0.107047
0.428727 0.683480 -0.106835
0.416791 0.781164 -0.106624
0.404855 0.878849 -0.106413
0.392919 0.976534 -0.106201
0.380983 1.074219 -0.105990
0.369046 1.171904 -0.105779
0.357110 1.269589 -0.105567
0.345075 1.368084 -0.105354
0.333040 1.466580 -0.105141
0.321005 1.565075 -0.104928
0.308970 1.663571 -0.104715
0.296935 1.762066 -0.104502
0.284900 1.775895 -0.104289
0.272865 1.677400 -0.104076
0.260830 1.578904 -0.103863
0.248795 1.480409 -0.103650
0.236760 1.381913 -0.103437
0.201733 1.343496 -0.162930
0.143814 1.365963 -0.282133
0.085895 1.388429 -0.401335
0.027975 1.410895 -0.479462
-0.029944 1.433361 -0.360260
-0.087864 1.455827 -0.241057
-0.145783 1.478294 -0.121855
-0.203702 1.500760 -0.002653
-0.261622 1.523226 0.116550
-0.319541 1.545692 0.235752
-0.377925 1.568338 0.355912
-0.436310 1.590984 0.476072
-0.494695 1.613631 0.403768
-0.446921 1.636277 0.283608
-0.388536 1.658923 0.163448
-0.330152 1.681569 0.043288
-0.271767 1.704215 -0.076872
-0.213383 1.726862 -0.197032
-0.154998 1.749508 -0.317191
-0.096614 1.772154 -0.437351
-0.037768 1.794979 -0.441539
0.021079 1.817804 -0.320429
0.079925 1.840629 -0.199319
0.138771 1.863454 -0.078209
0.197617 1.886279 0.042900
0.256463 1.909104 0.164010
0.315309 1.931929 0.285120
0.374156 1.954754 0.406230
0.433002 1.977579 0.472661
0.491848 2.000404 0.351551
0.448848 2.023407 0.229499
0.389544 2.024298 0.107446
0.330239 2.001295 -0.014606
0.270935 1.978293 -0.136658
0.211631 1.955290 -0.258711
0.152327 1.932287 -0.380763
0.093023 1.909285 -0.497185
0.033719 1.886282 -0.375133
-0.025585 1.863280 -0.253081
-0.084890 1.840277 -0.131029
-0.144648 1.817098 -0.008041
-0.204407 1.793919 0.114946
-0.264165 1.770740 0.237934
-0.323924 1.747561 0.360922
-0.383682 1.724382 0.483909
-0.443440 1.701203 0.393103
-0.496801 1.678024 0.270115
-0.437043 1.654845 0.147128
-0.377284 1.631665 0.024140
-0.317526 1.608486 -0.098847
-0.257316 1.585132 -0.222763
-0.197107 1.561778 -0.346679
-0.136897 1.538424 -0.470594
-0.076687 1.515069 -0.405490
-0.016478 1.491715 -0.281574
0.043732 1.468361 -0.157658
0.103941 1.445006 -0.033743
0.164151 1.421652 0.090173
0.224361 1.398298 0.214089
0.284570 1.374943 0.338005
0.345227 1.351415 0.462842
0.405885 1.327887 0.412321
0.466542 1.304358 0.287484
0.472801 1.280830 0.162647
0.412144 1.257302 0.037809
0.351486 1.233773 -0.087028
0.290829 1.210245 -0.211865
0.230172 1.186717 -0.336702
0.169514 1.163188 -0.461539
0.108857 1.139660 -0.413624
0.047756 1.115960 -0.287872
-0.013346 1.092260 -0.162120
-0.074448 1.068560 -0.036369
-0.135549 1.044860 0.089383
-0.196651 1.021160 0.215135
-0.257752 0.997460 0.340886
-0.318854 0.973760 0.466638
-0.379956 0.950060 0.407610
-0.441057 0.926360 0.281858
-0.497841 0.902660 0.156107
-0.436298 0.878789 0.029447
-0.374756 0.854918 -0.097213
-0.313213 0.831047 -0.223872
-0.251670 0.807176 -0.350532
-0.190128 0.783305 -0.477191
-0.128585 0.759434 -0.396149
-0.067042 0.735563 -0.269489
-0.005499 0.711692 -0.142830
0.056044 0.687821 -0.016170
0.117586 0.663949 0.110489
0.179567 0.639908 0.238051
0.241548 0.615866 0.365612
0.303529 0.591825 0.493173
0.365510 0.567783 0.379266
0.427490 0.543742 0.251705
0.489471 0.519700 0.124144
0.448548 0.495659 -0.003417
0.386567 0.471618 -0.130978
0.324587 0.447576 -0.258539
0.262606 0.423535 -0.386100
0.200190 0.399325 -0.485443
0.137774 0.375115 -0.356987
0.075358 0.350905 -0.228530
0.012943 0.326695 -0.100074
-0.049473 0.302486 0.028382
-0.111889 0.278276 0.156838
-0.174305 0.254066 0.285295
-0.236720 0.229856 0.413751
-0.299136 0.205646 0.457792
-0.361552 0.181436 0.329336
-0.424400 0.157058 0.199991
-0.487248 0.132681 0.070645
-0.449905 0.108303 -0.058700
-0.387057 0.083926 -0.188045
-0.324209 0.059548 -0.317391
-0.261362 0.035171 -0.446736
-0.198514 0.010793 -0.423919
-0.135666 -0.013584 -0.294573
-0.072818 -0.037962 -0.165228
-0.009971 -0.062339 -0.035883
0.053306 -0.086883 0.094345
0.116583 -0.111427 0.224574
0.179860 -0.135971 0.354802
0.243136 -0.160515 0.485030
0.306413 -0.185059 0.384742
0.369689 -0.209603 0.254514
0.432966 -0.234146 0.124286
0.496243 -0.258690 -0.005943
0.440481 -0.283234 -0.136171
0.377204 -0.307778 -0.266399
0.313501 -0.332487 -0.397504
0.249799 -0.357196 -0.471391
0.186096 -0.381906 -0.340285
0.122393 -0.406615 -0.209180
0.058690 -0.431324 -0.078075
-0.005013 -0.456033 0.053030
-0.068715 -0.480742 0.184135
-0.132418 -0.494549 0.315240
-0.196121 -0.469840 0.446346
-0.259824 -0.445131 0.422549
-0.323950 -0.420257 0.290573
-0.388076 -0.395384 0.158597
-0.452202 -0.370511 0.026620
-0.483671 -0.345637 -0.105356
-0.419545 -0.320764 -0.237332
-0.355419 -0.295891 -0.369309
-0.291292 -0.271017 -0.498715
-0.227166 -0.246144 -0.366739
-0.163040 -0.221271 -0.234762
-0.183861 -0.232302 -0.285612
-0.241462 -0.258893 -0.415664
-0.299063 -0.285485 -0.454285
-0.356664 -0.312076 -0.324234
-0.414266 -0.338667 -0.194182
-0.471867 -0.365259 -0.064131
-0.470532 -0.391850 0.065920
-0.412930 -0.418442 0.195971
-0.355329 -0.445033 0.326023
-0.297728 -0.471624 0.456074
-0.240126 -0.498216 0.413875
-0.182152 -0.475020 0.282982
-0.124178 -0.448257 0.152089
-0.066204 -0.421493 0.021196
-0.008230 -0.394729 -0.109697
0.049744 -0.367966 -0.240590
0.107718 -0.341202 -0.371484
0.165692 -0.314438 -0.497624
0.223666 -0.287675 -0.366731
0.281640 -0.260911 -0.235838
0.339614 -0.234147 -0.104945
0.397959 -0.207213 0.026785
0.456303 -0.180278 0.158514
0.485352 -0.153343 0.290244
0.427008 -0.126408 0.421973
0.368663 -0.099474 0.446297
0.310318 -0.072539 0.314568
0.251974 -0.045604 0.182838
0.193629 -0.018670 0.051109
0.135285 0.008265 -0.080621
0.076940 0.035200 -0.212350
0.018228 0.062304 -0.344910
-0.040485 0.089409 -0.477471
-0.099197 0.116514 -0.389969
-0.157910 0.143618 -0.257408
-0.216622 0.170723 -0.124848
-0.275335 0.197828 0.007713
-0.334048 0.224932 0.140273
-0.392760 0.252037 0.272834
-0.451473 0.279141 0.405394
-0.489814 0.306246 0.462045
-0.430736 0.333520 0.328659
-0.371658 0.360793 0.195272
-0.312579 0.388067 0.061886
-0.253501 0.415340 -0.071501
-0.194423 0.442614 -0.204887
-0.135344 0.469888 -0.338274
-0.076266 0.497161 -0.471660
-0.017188 0.524435 -0.394953
0.041891 0.551708 -0.261567
0.100969 0.578981 -0.128180
0.160411 0.606422 0.006027
0.219853 0.633864 0.140234
0.279295 0.661305 0.274442
0.338737 0.688747 0.408649
0.398179 0.716188 0.457144
0.457621 0.743629 0.322937
0.482937 0.771071 0.188729
0.423495 0.798512 0.054522
0.364053 0.825954 -0.079685
0.304612 0.853395 -0.213893
0.244808 0.881003 -0.348916
0.185005 0.908611 -0.483939
0.125202 0.936220 -0.381038
0.065398 0.963828 -0.246014
0.005595 0.991436 -0.110991
-0.054208 1.019044 0.024032
-0.114012 1.046652 0.159055
-0.173815 1.074260 0.294078
-0.233618 1.101867 0.429102
-0.293422 1.129475 0.435875
-0.315269 1.140092 0.380224
-0.247713 1.110675 0.488333
-0.180158 1.081257 0.356890
-0.112603 1.051840 0.225448
-0.045047 1.022423 0.094005
0.022508 0.993005 -0.037438
0.090063 0.963587 -0.168881
0.157619 0.934170 -0.300324
0.225174 0.904752 -0.431767
0.292729 0.875334 -0.436791
0.360685 0.845741 -0.304568
0.428642 0.816149 -0.172345
0.496598 0.786556 -0.040122
0.435446 0.756964 0.092101
0.367490 0.727371 0.224324
0.299534 0.697779 0.356546
0.231578 0.668186 0.488769
0.163621 0.638594 0.379008
0.095665 0.609001 0.246785
0.027709 0.579409 0.114562
-0.040646 0.549643 -0.018436
-0.109001 0.519877 -0.151434
-0.177356 0.490111 -0.284433
-0.245711 0.460345 -0.417431
-0.314066 0.430580 -0.449570
-0.382421 0.400814 -0.316572
-0.450775 0.371048 -0.183573
-0.480870 0.341283 -0.050575
-0.412515 0.311517 0.082424
-0.344160 0.281751 0.215422
-0.275409 0.251813 0.349191
-0.206658 0.221875 0.482961
-0.137907 0.191936 0.383270
-0.069156 0.161998 0.249500
-0.000404 0.132060 0.115731
0.068347 0.102121 -0.018039
0.137098 0.072183 -0.151808
0.205849 0.042244 -0.285577
0.274600 0.012306 -0.419347
0.343351 -0.017632 -0.446883
0.412496 -0.047742 -0.312347
0.481641 -0.077852 -0.177811
0.449214 -0.107962 -0.043275
0.380069 -0.138072 0.091261
0.310924 -0.168182 0.225797
0.241779 -0.198292 0.360333
0.172634 -0.228402 0.494869
0.103489 -0.258512 0.370595
0.034344 -0.288621 0.236059
-0.034801 -0.318731 0.101523
-0.104338 -0.349012 -0.033775
-0.173875 -0.379293 -0.169073
-0.243412 -0.409573 -0.304371
-0.312949 -0.439854 -0.439670
-0.382486 -0.470135 -0.425032
-0.452022 -0.499585 -0.289733
-0.478441 -0.469304 -0.154435
-0.408904 -0.439023 -0.019137
-0.339367 -0.408743 0.116161
-0.269830 -0.378462 0.251460
-0.199904 -0.348012 0.387516
-0.129977 -0.317562 0.476428
-0.060051 -0.287112 0.340372
0.009876 -0.256661 0.204316
0.079802 -0.226211 0.068259
0.149728 -0.195761 -0.067797
0.219655 -0.165311 -0.203853
0.289581 -0.134860 -0.339909
0.359508 -0.104410 -0.475966
0.429434 -0.073960 -0.387978
0.499748 -0.043341 -0.251168
0.429938 -0.012722 -0.114358
0.359625 0.017897 0.022452
0.289311 0.048515 0.159262
0.218997 0.079134 0.296072
0.148683 0.109753 0.432882
0.078369 0.140372 0.430308
0.008055 0.170991 0.293498
-0.062258 0.201610 0.156689
-0.132572 0.232229 0.019879
-0.203271 0.263016 -0.117681
-0.273971 0.293802 -0.255241
-0.244139 0.366324 -0.431592
-0.189175 0.449279 -0.382358
-0.134211 0.532234 -0.196308
-0.079247 0.615189 -0.010259
-0.024283 0.698145 0.175791
0.030681 0.781100 0.361840
0.085645 0.864055 0.452110
0.140609 0.947011 0.266060
0.195871 1.030415 0.079002
0.251133 1.113820 -0.108056
0.306395 1.197225 -0.295113
0.361657 1.280630 -0.482171
0.416919 1.364035 -0.330771
0.472181 1.447439 -0.143713
0.472557 1.530844 0.043345
0.417296 1.614249 0.230403
0.362034 1.697654 0.417461
0.306772 1.781058 0.395481
0.251213 1.864910 0.207420
0.195655 1.948762 0.019359
0.140097 2.032614 -0.168702
0.084539 2.116466 -0.356763
0.028980 2.200318 -0.455176
-0.026578 2.284169 -0.267115
-0.082136 2.368021 -0.079054
-0.137694 2.451873 0.109007
-0.193253 2.535725 0.297068
-0.248811 2.619577 0.485129
-0.304664 2.703874 0.325813
-0.360517 2.788172 0.136754
-0.416370 2.872470 -0.052304
-0.472223 2.956767 -0.241363
-0.471923 3.041065 -0.430421
-0.416070 3.125363 -0.380520
-0.360217 3.209660 -0.191462
-0.304364 3.293958 -0.002403
-0.248511 3.378256 0.186656
-0.192658 3.462553 0.375714
-0.136512 3.547292 0.434235
-0.080366 3.486254 0.244183
-0.024219 3.401516 0.054132
0.031927 3.316777 -0.135919
0.088073 3.232038 -0.325970
0.144219 3.147300 -0.483979
0.200366 3.062561 -0.293928
0.256512 2.977822 -0.103877
0.312658 2.893083 0.086174
0.368804 2.808345 0.276225
0.425242 2.723165 0.467264
0.481680 2.637985 0.341698
0.461882 2.552805 0.150660
0.405445 2.467625 -0.040378
0.349007 2.382446 -0.231417
0.292569 2.297266 -0.422455
0.236131 2.212086 -0.386507
0.179693 2.126906 -0.195469
0.123255 2.041726 -0.004430
0.066818 1.956547 0.186608
0.010089 1.870929 0.378629
-0.046639 1.785312 0.429351
-0.103367 1.699695 0.237330
-0.160095 1.614077 0.045310
-0.216823 1.528460 -0.146711
-0.273551 1.442843 -0.338731
-0.330279 1.357225 -0.469248
-0.387007 1.271608 -0.277228
-0.443735 1.185991 -0.085207
-0.499537 1.100374 0.106813
-0.442520 1.014320 0.299811
-0.385504 0.928267 0.492809
-0.328487 0.842214 0.314193
-0.271470 0.756161 0.121196
-0.214454 0.670108 -0.071802
-0.157437 0.584055 -0.264800
-0.100420 0.498002 -0.457798
-0.043403 0.411949 -0.349205
0.013613 0.325896 -0.156207
0.070630 0.239843 0.036791
0.127934 0.153356 0.230761
0.185238 0.066869 0.424731
0.242542 -0.019617 0.381299
0.299846 -0.106104 0.187329
0.357150 -0.192590 -0.006641
0.414454 -0.279077 -0.200611
0.471757 -0.365564 -0.394581
0.470939 -0.452050 -0.411449
0.413635 -0.461463 -0.217479
0.356331 -0.374976 -0.023509
0.298741 -0.288059 0.171428
0.241151 -0.201141 0.366366
0.183562 -0.114223 0.438697
0.125972 -0.027305 0.243759
0.068382 0.059613 0.048822
0.010792 0.146531 -0.146116
-0.046798 0.233449 -0.341053
-0.104387 0.320367 -0.464009
-0.161977 0.407285 -0.269072
