-0.155084 -0.003070 0.401822
-0.156276 -0.004059 0.427596
-0.157468 -0.005047 0.453369
-0.158659 -0.006036 0.479142
-0.159851 -0.007025 0.495084
-0.161042 -0.136290 0.469311
-0.162234 -0.223809 0.443537
-0.163166 -0.277599 0.443522
-0.165079 -0.304344 0.469260
-0.171652 -0.335075 0.478866
-0.185214 -0.364531 0.464274
-0.168610 -0.372817 0.456403
-0.144829 -0.396463 0.461301
-0.134161 -0.432417 0.471239
-0.134209 -0.448952 0.469270
-0.133035 -0.450608 0.456776
-0.131861 -0.451519 0.444283
-0.130686 -0.452167 0.431790
-0.129512 -0.452815 0.419297
-0.128338 -0.453463 0.406804
-0.127163 -0.454111 0.394311
-0.125807 -0.454859 0.379885
-0.124451 -0.455608 0.365459
-0.123095 -0.456356 0.351032
-0.121739 -0.457104 0.336606
-0.120383 -0.457853 0.322180
-0.119027 -0.458601 0.307754
-0.117671 -0.459349 0.293328
-0.116315 -0.460098 0.278902
-0.114959 -0.460846 0.264476
-0.113603 -0.461594 0.250050
-0.112087 -0.462431 0.233921
-0.110570 -0.463267 0.217792
-0.112387 -0.462562 0.210658
-0.121982 -0.458260 0.224509
-0.131576 -0.453957 0.238361
-0.141171 -0.449655 0.252213
-0.150766 -0.445352 0.266065
-0.160360 -0.441049 0.279916
-0.169955 -0.436747 0.293768
-0.179549 -0.432444 0.307620
-0.190060 -0.427731 0.322794
-0.200570 -0.423018 0.337968
-0.211080 -0.418305 0.353142
-0.221590 -0.413591 0.368315
-0.232100 -0.408878 0.383489
-0.242611 -0.404165 0.398663
-0.253121 -0.399452 0.413837
-0.263631 -0.394738 0.429011
-0.274142 -0.390025 0.444185
-0.284652 -0.385312 0.459359
-0.296004 -0.380221 0.475748
-0.307357 -0.375130 0.492137
-0.318709 -0.370039 0.491473
-0.330061 -0.364949 0.475084
-0.339429 -0.362372 0.460042
-0.330940 -0.382429 0.457136
-0.322451 -0.402485 0.454230
-0.313962 -0.422541 0.451323
-0.305473 -0.442597 0.448417
-0.296984 -0.462653 0.445511
-0.287908 -0.484093 0.442404
-0.278833 -0.494466 0.439296
-0.269757 -0.473025 0.436189
-0.260682 -0.451584 0.433082
-0.251606 -0.430144 0.429975
-0.242531 -0.408703 0.426868
-0.233456 -0.387262 0.423760
-0.224381 -0.365822 0.420653
-0.215305 -0.344381 0.417546
-0.206230 -0.322940 0.414439
-0.196604 -0.300199 0.411143
-0.186979 -0.277458 0.407848
-0.177353 -0.254717 0.404552
-0.167727 -0.231975 0.401257
-0.158101 -0.209234 0.397961
-0.148475 -0.186493 0.394666
-0.138849 -0.163752 0.391370
-0.129223 -0.149493 0.388075
-0.119598 -0.172234 0.384779
-0.109972 -0.194976 0.381483
-0.099825 -0.218947 0.378010
-0.089679 -0.242919 0.374536
-0.079532 -0.266890 0.371062
-0.069386 -0.290862 0.367588
-0.059239 -0.314833 0.364115
-0.049093 -0.338805 0.360641
-0.038946 -0.362776 0.357167
-0.028800 -0.386748 0.353693
-0.018653 -0.410719 0.350220
-0.008507 -0.434691 0.346746
0.002135 -0.459832 0.343103
0.012777 -0.484974 0.339459
0.023418 -0.489885 0.335816
0.034060 -0.464743 0.332173
0.044702 -0.439602 0.328529
0.055344 -0.414460 0.324886
0.065985 -0.389319 0.321243
0.076627 -0.364177 0.317599
0.087269 -0.339035 0.313956
0.097910 -0.313894 0.310313
0.109025 -0.287634 0.306507
0.120140 -0.261375 0.302702
0.131255 -0.235116 0.298896
0.142370 -0.208856 0.295091
0.153485 -0.182597 0.291285
0.164600 -0.156337 0.287480
0.175715 -0.130078 0.283674
0.186830 -0.103819 0.279869
0.197945 -0.077559 0.276063
0.209060 -0.051300 0.272258
0.220629 -0.023968 0.268297
0.232197 0.003364 0.264336
0.243766 0.001353 0.260376
0.255335 -0.025979 0.256415
0.266904 -0.053310 0.252454
0.278472 -0.080642 0.248493
0.290041 -0.107974 0.244533
0.301610 -0.135305 0.240572
0.313178 -0.162637 0.236611
0.324747 -0.189969 0.232650
0.336752 -0.218332 0.228540
0.348758 -0.246696 0.224429
0.360764 -0.275059 0.220319
0.372769 -0.303422 0.216209
0.384775 -0.331786 0.212098
0.396780 -0.360149 0.207988
0.408786 -0.388513 0.203878
0.420791 -0.416876 0.199767
0.432797 -0.445240 0.195657
0.444803 -0.473603 0.191547
0.457230 -0.497038 0.187292
0.469657 -0.467679 0.183037
0.482083 -0.438320 0.178783
0.494510 -0.408961 0.174528
0.493063 -0.379602 0.170274
0.480636 -0.350244 0.166019
0.468209 -0.320885 0.161765
0.455782 -0.291526 0.157510
0.443355 -0.262167 0.153255
0.430928 -0.232808 0.149001
0.418093 -0.202486 0.144607
0.405259 -0.172164 0.140212
0.392425 -0.141843 0.135818
0.379590 -0.111521 0.131424
0.366756 -0.081199 0.127030
0.353921 -0.050877 0.122636
0.341087 -0.020556 0.118242
0.328253 0.009766 0.113847
0.315418 0.040088 0.109453
0.302584 0.070410 0.105059
0.289355 0.101665 0.100530
0.276125 0.081129 0.096000
0.262896 0.049874 0.091471
0.249667 0.018619 0.086942
0.236438 -0.012636 0.082412
0.223208 -0.043891 0.077883
0.209979 -0.075146 0.073354
0.196749 -0.106401 0.068824
0.183520 -0.137655 0.064295
0.170291 -0.168910 0.059766
0.156678 -0.201071 0.055105
0.143065 -0.233232 0.050444
0.129452 -0.265393 0.045784
0.115839 -0.297555 0.041123
0.102226 -0.329716 0.036462
0.088613 -0.361877 0.031802
0.075000 -0.394038 0.027141
0.061387 -0.426199 0.022480
0.047774 -0.458361 0.017820
0.034161 -0.490522 0.013159
0.020175 -0.476436 0.008370
0.006189 -0.443393 0.003582
-0.007797 -0.410351 -0.001206
-0.021783 -0.377309 -0.005995
-0.035769 -0.344266 -0.010783
-0.049755 -0.311224 -0.015572
-0.063741 -0.278181 -0.020360
-0.077727 -0.245139 -0.025148
-0.091713 -0.212096 -0.029937
-0.105699 -0.179054 -0.034725
-0.120048 -0.145153 -0.039638
-0.134397 -0.111252 -0.044551
-0.148747 -0.077352 -0.049464
-0.163096 -0.043451 -0.054376
-0.177445 -0.009550 -0.059289
-0.191795 0.024350 -0.064202
-0.206144 0.058251 -0.069115
-0.220493 0.092152 -0.074027
-0.234843 0.126053 -0.078940
-0.249192 0.159953 -0.083853
-0.263896 0.194691 -0.088887
-0.278599 0.229429 -0.093921
-0.293303 0.264167 -0.098955
-0.308006 0.298905 -0.103990
-0.322710 0.333643 -0.109024
-0.337414 0.368381 -0.114058
-0.352117 0.403119 -0.119092
-0.366821 0.386670 -0.124126
-0.381524 0.351932 -0.129160
-0.396228 0.317195 -0.134194
-0.411277 0.281639 -0.139347
-0.426327 0.246084 -0.144499
-0.441377 0.210528 -0.149652
-0.456426 0.174973 -0.154804
-0.471476 0.139418 -0.159957
-0.486525 0.103862 -0.165109
-0.498425 0.068307 -0.170262
-0.483375 0.032752 -0.175414
-0.468326 -0.002804 -0.180567
-0.453276 -0.038359 -0.185719
-0.437889 -0.074714 -0.190988
-0.422501 -0.111068 -0.196256
-0.407113 -0.147423 -0.201524
-0.391725 -0.183777 -0.206793
-0.376337 -0.220132 -0.212061
-0.360949 -0.256486 -0.217329
-0.345562 -0.292841 -0.222598
-0.330174 -0.329195 -0.227866
-0.314786 -0.365549 -0.233134
-0.299398 -0.401904 -0.238402
-0.283679 -0.439040 -0.243784
-0.267960 -0.476176 -0.249166
-0.252241 -0.486687 -0.254548
-0.236522 -0.449551 -0.259929
-0.220803 -0.412414 -0.265311
-0.205084 -0.375278 -0.270693
-0.189365 -0.338142 -0.276074
-0.173647 -0.301005 -0.281456
-0.157928 -0.263869 -0.286838
-0.142209 -0.226733 -0.292219
-0.126166 -0.188830 -0.297712
-0.110123 -0.150928 -0.303205
-0.094080 -0.113026 -0.308697
-0.078036 -0.075124 -0.314190
-0.061993 -0.037222 -0.319682
-0.045950 0.000680 -0.325175
-0.029907 0.038583 -0.330667
-0.013864 0.076485 -0.336160
0.002179 0.114387 -0.341653
0.018222 0.152289 -0.347145
0.034582 0.190942 -0.352747
0.050943 0.229594 -0.358348
0.067304 0.268247 -0.363949
0.083664 0.306900 -0.369551
0.100025 0.345553 -0.375152
0.116386 0.384205 -0.380753
0.132747 0.422858 -0.386355
0.149107 0.461511 -0.391956
0.165468 0.500164 -0.397557
0.181829 0.538817 -0.403159
0.198501 0.578206 -0.408867
0.215173 0.578840 -0.414575
0.231846 0.539451 -0.420283
0.248518 0.500062 -0.425991
0.265190 0.460673 -0.431699
0.281863 0.421284 -0.437407
0.298535 0.381895 -0.443115
0.315207 0.342505 -0.448823
0.331880 0.303116 -0.454531
0.348552 0.263727 -0.460239
0.365530 0.223615 -0.466052
0.382509 0.183504 -0.471865
0.399487 0.143392 -0.477678
0.416465 0.103280 -0.483491
0.433444 0.063168 -0.489304
0.450422 0.023056 -0.495117
0.467401 -0.017056 -0.499070
0.484379 -0.057168 -0.493257
0.498643 -0.097280 -0.487444
0.481664 -0.137392 -0.481632
0.464385 -0.178214 -0.475716
0.447107 -0.219035 -0.469800
0.429828 -0.259857 -0.463884
0.412549 -0.300679 -0.457969
0.395270 -0.341501 -0.452053
0.377991 -0.382323 -0.446137
0.360713 -0.423145 -0.440221
0.343434 -0.463967 -0.434305
0.326155 -0.495211 -0.428390
0.308876 -0.454388 -0.422474
0.322255 -0.485198 -0.423810
0.339072 -0.475957 -0.425962
0.355890 -0.437111 -0.428115
0.372707 -0.398266 -0.430267
0.389524 -0.359420 -0.432420
0.406342 -0.320575 -0.434573
0.423159 -0.281729 -0.436725
0.439977 -0.242884 -0.438878
0.456794 -0.204038 -0.441031
0.473612 -0.165192 -0.443183
0.490707 -0.125704 -0.445371
0.492198 -0.086217 -0.447559
0.475103 -0.046729 -0.449747
0.458007 -0.007241 -0.451936
0.440912 0.032247 -0.454124
0.423817 0.071734 -0.456312
0.406722 0.111222 -0.458500
0.389627 0.150710 -0.460688
0.372531 0.190198 -0.462876
0.355436 0.229686 -0.465064
0.338067 0.269805 -0.467287
0.320699 0.309925 -0.469511
0.303330 0.350044 -0.471734
0.285961 0.390164 -0.473957
0.268592 0.430283 -0.476180
0.251223 0.470403 -0.478404
0.244332 0.483821 -0.463541
0.279350 0.390430 -0.380338
0.314369 0.297040 -0.297134
0.349387 0.203650 -0.213930
0.384948 0.108811 -0.129436
0.420510 0.013973 -0.044942
0.456071 -0.080866 0.039552
0.491632 -0.175704 0.124046
0.472806 -0.270542 0.208540
0.437245 -0.365381 0.293034
0.401684 -0.460219 0.377527
0.366122 -0.444942 0.462021
0.330561 -0.350104 0.453485
0.295000 -0.255265 0.368991
0.258904 -0.159001 0.283227
0.222807 -0.062736 0.197462
0.186711 0.033528 0.111698
0.150615 0.129793 0.025933
0.114519 0.226058 -0.059831
0.078423 0.322322 -0.145596
0.042327 0.418587 -0.231360
0.037868 0.491257 -0.265248
0.080866 0.528535 -0.221321
0.123863 0.565814 -0.177394
0.167488 0.603637 -0.132826
0.211114 0.641459 -0.088258
0.254739 0.679282 -0.043690
0.298364 0.717105 0.000879
0.341989 0.754927 0.045447
0.385615 0.792750 0.090015
0.429240 0.830573 0.134583
0.472865 0.809545 0.179152
0.483510 0.771723 0.223720
0.439884 0.733900 0.268288
0.395640 0.695541 0.313489
0.351396 0.657182 0.358689
0.307152 0.618822 0.403890
0.262908 0.580463 0.449090
0.218663 0.542104 0.494291
0.174419 0.503745 0.460509
0.130175 0.465386 0.415308
0.085931 0.427027 0.370107
0.041687 0.388667 0.324907
-0.002557 0.350308 0.279706
-0.047411 0.311420 0.233882
-0.092266 0.272531 0.188058
-0.137120 0.233643 0.142234
-0.181975 0.194754 0.096411
-0.226829 0.155866 0.050587
-0.271684 0.116978 0.004763
-0.316538 0.078089 -0.041061
-0.361392 0.039201 -0.086885
-0.406246 0.000312 -0.132709
-0.451101 -0.038576 -0.178533
-0.496557 -0.077986 -0.224972
-0.457986 -0.117397 -0.271411
-0.412530 -0.156807 -0.317850
-0.367073 -0.196218 -0.364289
-0.321616 -0.235628 -0.410729
-0.276160 -0.275038 -0.457168
-0.230703 -0.314449 -0.496393
-0.185247 -0.353859 -0.449954
-0.139790 -0.393269 -0.403515
-0.094334 -0.432680 -0.357076
-0.048283 -0.472605 -0.310029
-0.002232 -0.487469 -0.262983
0.043818 -0.447544 -0.215937
0.089869 -0.407618 -0.168891
0.135920 -0.367693 -0.121845
0.181970 -0.327767 -0.074799
0.228021 -0.287841 -0.027753
0.274072 -0.247916 0.019294
0.320123 -0.207990 0.066340
0.366174 -0.168065 0.113386
0.412811 -0.127631 0.161031
0.459448 -0.087196 0.208677
0.493914 -0.046762 0.256322
0.447277 -0.006328 0.303968
0.400640 0.034106 0.351613
0.354002 0.074541 0.399259
0.307365 0.114975 0.446904
0.260728 0.155409 0.494550
0.214090 0.195843 0.457805
0.167453 0.236277 0.410159
0.120236 0.277214 0.361922
0.073019 0.318150 0.313684
0.025803 0.359087 0.265447
-0.021414 0.400023 0.217209
-0.068631 0.440960 0.168972
-0.115848 0.481896 0.120735
-0.163064 0.522833 0.072497
-0.210281 0.563769 0.024260
-0.257498 0.604706 -0.023977
-0.304715 0.645642 -0.072215
-0.352504 0.687075 -0.121037
-0.400293 0.728508 -0.169859
-0.448082 0.769941 -0.218681
-0.495871 0.811374 -0.267503
-0.456339 0.852807 -0.316325
-0.408550 0.894240 -0.365147
-0.360761 0.935673 -0.413969
-0.312972 0.949899 -0.462792
-0.265182 0.908466 -0.488386
-0.217393 0.867033 -0.439564
-0.169039 0.825110 -0.390164
-0.120684 0.783187 -0.340765
-0.072329 0.741264 -0.291365
-0.023974 0.699341 -0.241965
0.024380 0.657418 -0.192565
0.072735 0.615495 -0.143165
0.121090 0.573572 -0.093766
0.169444 0.531649 -0.044366
0.217799 0.489726 0.005034
0.266154 0.447803 0.054434
0.315067 0.405395 0.104405
0.363981 0.362987 0.154376
0.412895 0.320580 0.204347
0.461808 0.278172 0.254318
0.489278 0.235764 0.304289
0.440364 0.193356 0.354260
0.391451 0.150948 0.404231
0.342537 0.108541 0.454202
0.293623 0.066133 0.495827
0.244710 0.023725 0.445856
0.195243 -0.019162 0.395320
0.145777 -0.062049 0.344785
0.096310 -0.104936 0.294249
0.046844 -0.147823 0.243714
-0.002623 -0.190710 0.193178
-0.052089 -0.233597 0.142642
-0.101555 -0.276484 0.092107
-0.151022 -0.319371 0.041571
-0.200488 -0.362258 -0.008965
-0.249955 -0.405145 -0.059500
-0.299968 -0.448506 -0.110594
-0.329026 -0.468714 -0.138493
-0.274262 -0.396309 -0.073609
-0.219498 -0.323904 -0.008725
-0.164735 -0.251499 0.056159
-0.109971 -0.179094 0.121043
-0.055208 -0.106690 0.185927
-0.000444 -0.034285 0.250811
0.054319 0.038120 0.315694
0.109083 0.110525 0.380578
0.164438 0.183713 0.446164
0.219794 0.256900 0.488251
0.275150 0.330088 0.422666
0.330505 0.403276 0.357080
0.385861 0.476463 0.291495
0.441217 0.549651 0.225910
0.496572 0.622838 0.160324
0.448072 0.696025 0.094739
0.392716 0.769213 0.029153
0.337360 0.842400 -0.036432
0.281419 0.916362 -0.102711
0.225478 0.990325 -0.168991
0.169536 1.064287 -0.235270
0.113595 1.138249 -0.301549
0.057654 1.212211 -0.367829
0.001712 1.286173 -0.434108
-0.054229 1.360136 -0.499612
-0.110170 1.355847 -0.433333
-0.166112 1.281885 -0.367053
-0.222053 1.207923 -0.300774
-0.278574 1.133194 -0.233808
-0.335095 1.058466 -0.166841
-0.391616 0.983737 -0.099875
-0.448137 0.909008 -0.032909
-0.495342 0.834279 0.034057
-0.438821 0.759551 0.101024
-0.382300 0.684822 0.167990
-0.325779 0.610093 0.234956
-0.269258 0.535365 0.301922
-0.212737 0.460636 0.368888
-0.155642 0.385149 0.436535
-0.098547 0.309661 0.495819
-0.041452 0.234174 0.428173
0.015643 0.158687 0.360527
0.072738 0.083200 0.292881
0.129833 0.007712 0.225234
0.186928 -0.067775 0.157588
0.244023 -0.143262 0.089942
0.301118 -0.218750 0.022296
0.358213 -0.294237 -0.045350
0.415876 -0.370476 -0.113669
0.473539 -0.446714 -0.181988
0.468798 -0.477048 -0.250308
0.411135 -0.400809 -0.318627
0.353472 -0.324570 -0.386946
0.295809 -0.248332 -0.455265
0.238146 -0.172093 -0.476416
0.180483 -0.095855 -0.408097
0.122820 -0.019617 -0.339777
0.065157 0.056622 -0.271458
0.006931 0.133604 -0.202472
-0.051294 0.210586 -0.133487
-0.109520 0.287569 -0.064501
-0.167746 0.364551 0.004485
-0.225971 0.441533 0.073471
-0.284197 0.518516 0.142457
-0.342423 0.595498 0.211442
-0.400648 0.672481 0.280428
-0.458874 0.749463 0.349414
-0.482900 0.826445 0.418400
-0.424118 0.904164 0.488046
-0.365335 0.981884 0.442308
-0.306552 1.059602 0.372662
-0.247769 1.137321 0.303016
-0.188987 1.215039 0.233370
-0.130204 1.292758 0.163724
-0.071421 1.370476 0.094079
-0.012638 1.448195 0.024433
0.046145 1.525913 -0.045213
0.104928 1.603632 -0.114859
0.164262 1.566311 -0.185159
0.223597 1.487862 -0.255459
0.282932 1.409413 -0.325759
0.342267 1.330963 -0.396059
0.401601 1.252514 -0.466359
0.460936 1.174065 -0.463342
0.479730 1.095616 -0.393042
0.420395 1.017166 -0.322742
0.361060 0.938718 -0.252442
0.301726 0.860269 -0.182142
0.241844 0.781097 -0.111194
0.181962 0.701926 -0.040246
0.122081 0.622754 0.030701
0.062199 0.543582 0.101649
0.002317 0.464411 0.172597
-0.057564 0.385239 0.243545
-0.117446 0.306067 0.314493
-0.177328 0.226896 0.385441
-0.237209 0.147724 0.456389
-0.297091 0.068552 0.472663
-0.357515 -0.011336 0.401073
-0.417938 -0.091224 0.329483
-0.478362 -0.171113 0.257893
-0.461214 -0.251001 0.186303
-0.400791 -0.330889 0.114713
-0.340367 -0.410777 0.043123
-0.279944 -0.490665 -0.028467
-0.219520 -0.429447 -0.100057
-0.159096 -0.349559 -0.171646
-0.098673 -0.269671 -0.243236
-0.037712 -0.189072 -0.315463
0.023249 -0.108474 -0.387689
0.084209 -0.027875 -0.459915
0.145170 0.052723 -0.467859
0.206131 0.133321 -0.395632
0.267091 0.213920 -0.323406
0.328052 0.294518 -0.251180
0.389013 0.375117 -0.178954
0.449973 0.455715 -0.106728
0.489066 0.536313 -0.034501
0.427573 0.617616 0.038356
0.366080 0.698918 0.111213
0.304586 0.780221 0.184070
0.243093 0.861523 0.256927
0.181600 0.942826 0.329784
0.120107 1.024128 0.402642
0.058614 1.105430 0.475499
-0.002879 1.186732 0.451644
-0.064372 1.268034 0.378787
-0.125866 1.349336 0.305930
-0.187887 1.431336 0.232447
-0.249908 1.513337 0.158965
-0.311929 1.595337 0.085482
-0.373950 1.677338 0.012000
-0.435971 1.759338 -0.061483
-0.497992 1.680666 -0.134965
-0.439987 1.598665 -0.208448
-0.377966 1.516665 -0.281930
-0.315945 1.434664 -0.355412
-0.253924 1.352664 -0.428895
-0.191380 1.269972 -0.497003
-0.128836 1.187280 -0.422900
-0.066291 1.104588 -0.348797
-0.003747 1.021896 -0.274695
0.058797 0.939204 -0.200592
0.121342 0.856513 -0.126490
0.183886 0.773821 -0.052387
0.246431 0.691129 0.021716
0.308975 0.608437 0.095818
0.371519 0.525745 0.169921
0.434583 0.442366 0.244638
0.497646 0.358988 0.319356
0.439290 0.275609 0.394074
0.376227 0.192231 0.468791
0.313163 0.108852 0.456491
0.250100 0.025474 0.381773
0.187036 -0.057904 0.307056
0.123973 -0.141283 0.232338
0.060910 -0.224661 0.157620
-0.002154 -0.308040 0.082903
-0.065732 -0.392099 0.007575
-0.129310 -0.476158 -0.067752
-0.192888 -0.439783 -0.143080
-0.256467 -0.355723 -0.218407
-0.162796 -0.403392 -0.143316
-0.051653 -0.465697 -0.051511
0.059489 -0.471998 0.040294
0.170632 -0.409693 0.132099
0.281775 -0.347388 0.223904
0.392917 -0.285083 0.315708
0.495047 -0.222277 0.408251
0.383012 -0.159472 0.499207
0.270977 -0.096666 0.406665
0.158941 -0.033861 0.314123
0.046906 0.028945 0.221581
-0.065130 0.091750 0.129038
-0.177165 0.154556 0.036496
-0.289200 0.217361 -0.056046
-0.401236 0.280167 -0.148588
-0.486729 0.342972 -0.241131
-0.373808 0.406274 -0.334405
-0.260887 0.469576 -0.427678
-0.147966 0.532878 -0.479048
-0.035045 0.596180 -0.385774
0.077876 0.659482 -0.292500
0.190797 0.722784 -0.199226
0.303718 0.786086 -0.105952
0.416639 0.849388 -0.012679
0.470440 0.912690 0.080595
0.357519 0.975992 0.173869
0.243719 1.039786 0.267869
0.129919 1.103581 0.361869
0.016119 1.167376 0.455868
-0.097681 1.231171 0.450132
-0.211480 1.294966 0.356132
-0.325280 1.358761 0.262132
-0.439080 1.422556 0.168133
-0.447120 1.486350 0.074133
-0.333320 1.550145 -0.019867
-0.219520 1.613940 -0.113866
-0.104848 1.678224 -0.208586
0.009824 1.742507 -0.303307
0.124495 1.806791 -0.398027
0.239167 1.871075 -0.492747
0.353839 1.935358 -0.412533
0.468511 1.879755 -0.317813
0.416817 1.815472 -0.223093
0.302145 1.751188 -0.128373
0.187473 1.686905 -0.033653
0.072801 1.622621 0.061067
-0.042736 1.557852 0.156502
-0.158273 1.493083 0.251937
-0.273811 1.428315 0.347372
-0.389348 1.363546 0.442807
-0.495115 1.298777 0.461759
-0.379577 1.234008 0.366324
-0.264040 1.169239 0.270889
-0.148503 1.104471 0.175454
-0.032965 1.039702 0.080019
0.082572 0.974933 -0.015416
0.198968 0.909683 -0.111560
0.315365 0.844432 -0.207705
0.431761 0.779182 -0.303849
0.451843 0.713931 -0.399994
0.335446 0.648681 -0.496138
0.219050 0.583431 -0.407718
0.102654 0.518180 -0.311573
-0.013743 0.452930 -0.215429
-0.130139 0.387679 -0.119284
-0.246535 0.322429 -0.023140
-0.363785 0.256701 0.073709
-0.481034 0.190972 0.170558
-0.401717 0.125244 0.267407
-0.284468 0.059516 0.364256
-0.167219 -0.006212 0.461104
-0.049969 -0.071941 0.442047
0.067280 -0.137669 0.345198
0.184529 -0.203397 0.248349
0.301778 -0.269126 0.151500
0.419027 -0.334854 0.054651
0.462877 -0.401057 -0.042897
0.344782 -0.467260 -0.140445
0.226686 -0.466537 -0.237993
0.108590 -0.400334 -0.335541
-0.009505 -0.334132 -0.433089
-0.127601 -0.267929 -0.469363
-0.245697 -0.201726 -0.371814
-0.363792 -0.135523 -0.274266
-0.481888 -0.069320 -0.176718
-0.400016 -0.003117 -0.079170
-0.281080 0.063557 0.019072
-0.162144 0.130231 0.117315
-0.043208 0.196905 0.215557
0.075729 0.263579 0.313800
0.194665 0.330253 0.412042
0.313601 0.396927 0.489716
0.432538 0.463601 0.391473
0.448526 0.530275 0.293231
0.329590 0.596950 0.194988
0.210654 0.663624 0.096746
0.090883 0.730766 -0.002186
-0.028888 0.797909 -0.101118
-0.148659 0.865051 -0.200050
-0.268430 0.932193 -0.298982
-0.388201 0.999335 -0.397913
-0.492028 1.066478 -0.496845
-0.364805 1.137012 -0.413679
-0.232612 1.209809 -0.330508
-0.100420 1.282605 -0.247337
0.031772 1.355401 -0.164166
0.164880 1.428702 -0.080420
0.297987 1.502002 0.003327
0.431094 1.575303 0.087074
0.435798 1.648604 0.170820
0.302691 1.721904 0.254567
0.169584 1.795205 0.338313
0.036476 1.868505 0.422060
-0.023059 1.973470 0.355635
-0.074420 2.081953 0.272524
-0.125781 2.190436 0.189413
-0.177492 2.299660 0.105735
-0.229204 2.298330 0.022057
-0.280915 2.189106 -0.061622
-0.332627 2.079882 -0.145300
-0.384338 1.970658 -0.228978
-0.436050 1.861435 -0.312656
-0.487761 1.752211 -0.396335
-0.460527 1.642988 -0.480013
-0.408816 1.533765 -0.436309
-0.357104 1.424542 -0.352630
-0.305045 1.314583 -0.268389
-0.252985 1.204625 -0.184147
-0.200925 1.094666 -0.099905
-0.148866 0.984707 -0.015663
-0.096806 0.874749 0.068579
-0.044746 0.764790 0.152820
0.007313 0.654832 0.237062
0.059373 0.544873 0.321304
0.111433 0.434914 0.405545
0.163492 0.324955 0.489787
0.215898 0.214266 0.425411
0.268304 0.103576 0.340610
0.320709 -0.007113 0.255808
0.373115 -0.117803 0.171007
0.425520 -0.228493 0.086205
0.477926 -0.339182 0.001404
0.469668 -0.449871 -0.083398
0.417263 -0.439439 -0.168199
0.364857 -0.328750 -0.253001
0.312452 -0.218060 -0.337802
0.259702 -0.106645 -0.423160
0.206953 0.004770 -0.491483
0.154204 0.116186 -0.406125
0.101455 0.227601 -0.320768
0.048706 0.339016 -0.235411
-0.004044 0.450432 -0.150053
-0.056793 0.561847 -0.064695
-0.109542 0.673263 0.020662
-0.162291 0.784678 0.106020
-0.215041 0.896093 0.191377
-0.268131 1.008230 0.277287
-0.321222 1.120367 0.363197
-0.374313 1.232503 0.449107
-0.427404 1.344640 0.464983
-0.480494 1.456776 0.379073
-0.466415 1.568913 0.293163
-0.413324 1.681050 0.207253
-0.360233 1.793186 0.121343
-0.307143 1.905323 0.035433
-0.254052 2.017459 -0.050477
-0.200622 2.130312 -0.136936
-0.147192 2.243165 -0.223396
-0.093762 2.356018 -0.309855
-0.040332 2.468871 -0.396313
0.013098 2.581724 -0.482772
0.066527 2.694577 -0.430769
0.119957 2.726808 -0.344310
0.173387 2.613955 -0.257851
0.226817 2.501102 -0.171392
0.280247 2.388249 -0.084933
0.334014 2.274683 0.002072
0.387781 2.161117 0.089076
0.441548 2.047551 0.176081
0.495315 1.933986 0.263085
0.450918 1.820421 0.350090
0.397151 1.706857 0.437094
0.343384 1.593292 0.475901
0.289617 1.479727 0.388896
0.235850 1.366163 0.301892
0.182083 1.252598 0.214887
0.127981 1.138325 0.127341
0.073879 1.024052 0.039794
0.019777 0.909779 -0.047752
-0.034325 0.795506 -0.135299
-0.088427 0.681234 -0.222846
-0.142529 0.566961 -0.310392
-0.196631 0.452688 -0.397939
-0.250733 0.338416 -0.485486
-0.304835 0.224143 -0.426968
-0.358936 0.109870 -0.339421
-0.413371 -0.005106 -0.251336
-0.467806 -0.120081 -0.163250
-0.477759 -0.235057 -0.075165
-0.423324 -0.350033 0.012920
-0.368889 -0.465009 0.101006
-0.314454 -0.420015 0.189091
-0.260020 -0.305039 0.277176
-0.205585 -0.190063 0.365262
-0.151150 -0.075087 0.453347
-0.096715 0.039888 0.458568
-0.041949 0.155563 0.369947
0.012817 0.271238 0.281326
0.067583 0.386913 0.192706
0.122349 0.502588 0.104085
0.177114 0.618262 0.015464
0.231880 0.733937 -0.073157
0.286646 0.849612 -0.161778
0.341412 0.965286 -0.250399
0.396178 1.080961 -0.339019
0.450944 1.196636 -0.427640
0.493961 1.313006 -0.483207
0.438867 1.429375 -0.394054
0.383772 1.545745 -0.304901
0.328677 1.662115 -0.215748
0.273583 1.778485 -0.126595
0.218488 1.894854 -0.037441
0.163393 2.011224 0.051712
0.108298 2.127594 0.140865
0.053204 2.243963 0.230018
-0.001891 2.360333 0.319171
-0.057313 2.477394 0.408853
-0.112735 2.594455 0.498536
-0.168156 2.711517 0.411782
-0.223578 2.828578 0.322100
-0.279000 2.945639 0.232417
-0.334422 3.062700 0.142735
-0.389844 3.179761 0.053053
-0.445266 3.142484 -0.036629
-0.499312 3.025423 -0.126311
-0.443891 2.908362 -0.215993
-0.388144 2.790614 -0.306202
-0.332397 2.672866 -0.396410
-0.276650 2.555118 -0.486618
-0.220904 2.437371 -0.423174
-0.165157 2.319623 -0.332966
-0.109410 2.201875 -0.242758
-0.053663 2.084127 -0.152550
0.002084 1.966380 -0.062342
0.057831 1.848633 0.027866
0.113577 1.730887 0.118075
0.169647 1.612457 0.208806
0.225717 1.494027 0.299537
0.281787 1.375598 0.390268
0.337857 1.257168 0.480999
0.393928 1.138738 0.428270
0.449998 1.020309 0.337539
0.493932 0.901879 0.246808
0.437862 0.783449 0.156077
0.381792 0.665020 0.065346
0.325722 0.546590 -0.025386
0.269331 0.427482 -0.116637
0.212939 0.308374 -0.207888
0.156548 0.189266 -0.299139
0.100157 0.070158 -0.390390
0.043765 -0.048950 -0.481641
-0.012626 -0.168058 -0.427108
-0.069017 -0.287166 -0.335856
-0.125409 -0.406274 -0.244605
-0.181800 -0.474618 -0.153354
-0.238191 -0.355510 -0.062103
-0.294902 -0.235727 0.029665
-0.351613 -0.115944 0.121433
-0.408324 0.003839 0.213201
-0.465035 0.123622 0.304969
-0.478255 0.243405 0.396738
-0.421544 0.363188 0.488506
-0.364833 0.482971 0.419726
-0.308122 0.602753 0.327958
-0.251411 0.722536 0.236190
-0.194700 0.842319 0.144422
-0.137672 0.962772 0.052139
-0.080643 1.083226 -0.040143
-0.023615 1.203680 -0.132425
0.033414 1.324134 -0.224707
0.090442 1.444588 -0.316990
0.147471 1.565042 -0.409272
0.204499 1.685495 -0.498446
0.249045 1.764913 -0.453453
0.243657 1.680188 -0.402379
0.238269 1.595462 -0.258211
0.232851 1.510267 -0.113245
0.227434 1.425072 0.031721
0.222016 1.339876 0.176688
0.216599 1.254681 0.321654
0.211181 1.169486 0.466620
0.205763 1.084290 0.388414
0.200346 0.999095 0.243447
0.194928 0.913900 0.098481
0.189510 0.828706 -0.046485
0.184093 0.743511 -0.191452
0.178646 0.657850 -0.337212
0.173198 0.572188 -0.482973
0.167751 0.486527 -0.371266
0.162304 0.400865 -0.225505
0.156856 0.315203 -0.079745
0.151409 0.229542 0.066016
0.145962 0.143880 0.211777
0.140515 0.058219 0.357537
0.135067 -0.027443 0.496702
0.129620 -0.113105 0.350941
0.124143 -0.199231 0.204390
0.118666 -0.285356 0.057840
0.113190 -0.371483 -0.088711
0.107713 -0.457609 -0.235262
0.102236 -0.456265 -0.381813
0.096759 -0.370139 -0.471637
0.091282 -0.284013 -0.325086
0.085805 -0.197887 -0.178535
0.080329 -0.111762 -0.031984
0.074852 -0.025636 0.114566
0.069346 0.060952 0.261903
0.063839 0.147540 0.409239
0.058333 0.234127 0.443424
0.052827 0.320715 0.296088
0.047321 0.407303 0.148751
0.041815 0.493890 0.001415
0.036308 0.580478 -0.145922
0.030802 0.667066 -0.293258
0.025296 0.753653 -0.440595
0.019790 0.840241 -0.412069
0.014254 0.927288 -0.263951
0.008719 1.014335 -0.115832
0.003184 1.101382 0.032286
-0.002352 1.188429 0.180404
-0.007887 1.275475 0.328522
-0.013423 1.362522 0.476640
-0.018958 1.449569 0.375242
-0.024493 1.536615 0.227124
-0.030029 1.623662 0.079005
-0.035564 1.710708 -0.069113
-0.041129 1.798213 -0.218008
-0.046693 1.885717 -0.366904
-0.052258 1.973222 -0.484200
-0.057822 2.060726 -0.335305
-0.063387 2.148230 -0.186409
-0.068951 2.235735 -0.037513
-0.074516 2.323239 0.111382
-0.080080 2.410743 0.260278
-0.085645 2.498248 0.409174
-0.091209 2.585752 0.441931
-0.096802 2.673710 0.292261
-0.102396 2.761667 0.142592
-0.107989 2.849624 -0.007077
-0.106467 2.907522 -0.105640
-0.076481 2.845180 0.000222
-0.046496 2.782839 0.106084
-0.016510 2.720497 0.211946
0.013475 2.658155 0.317808
0.043461 2.595814 0.423670
0.073447 2.533472 0.470468
0.103586 2.470808 0.364062
0.133726 2.408145 0.257656
0.163866 2.345481 0.151250
0.194005 2.282818 0.044843
0.224145 2.220154 -0.061563
0.254285 2.157490 -0.167969
0.284424 2.094827 -0.274375
0.314564 2.032163 -0.380781
0.344704 1.969500 -0.487188
0.374843 1.906838 -0.406406
0.405137 1.843856 -0.299458
0.435430 1.780874 -0.192511
0.465723 1.717893 -0.085563
0.496016 1.654911 0.021385
0.473691 1.591929 0.128332
0.443398 1.528947 0.235280
0.413104 1.465965 0.342228
0.382811 1.402983 0.449176
0.352518 1.340001 0.443877
0.322225 1.277020 0.336929
0.291779 1.213721 0.229443
0.261333 1.150422 0.121956
0.230888 1.087123 0.014470
0.200442 1.023824 -0.093017
0.169996 0.960525 -0.200503
0.139550 0.897226 -0.307990
0.109105 0.833927 -0.415476
0.078659 0.770628 -0.477037
0.048213 0.707329 -0.369551
0.017768 0.644030 -0.262064
-0.012830 0.580415 -0.154042
-0.043427 0.516801 -0.046019
-0.074025 0.453186 0.062003
-0.104623 0.389571 0.170026
-0.135220 0.325956 0.278049
-0.165818 0.262341 0.386071
-0.196415 0.198726 0.494094
-0.227013 0.135111 0.397883
-0.257611 0.071497 0.289861
