-0.098081 -0.476252 -0.099550
-0.113370 -0.479811 -0.079051
-0.128659 -0.483370 -0.058551
-0.143948 -0.486929 -0.038051
-0.159237 -0.490488 -0.017551
-0.174526 -0.494047 0.002949
-0.189815 -0.497606 0.023449
-0.205104 -0.498835 0.043949
-0.220393 -0.495276 0.064449
-0.235682 -0.491717 0.084949
-0.250971 -0.488158 0.105449
-0.269697 -0.483800 0.130556
-0.288422 -0.479441 0.155663
-0.307147 -0.475083 0.180770
-0.325872 -0.470724 0.205877
-0.344597 -0.466365 0.230984
-0.363322 -0.462007 0.256092
-0.382047 -0.457648 0.281199
-0.400772 -0.453290 0.306306
-0.419497 -0.448931 0.331413
-0.438222 -0.444573 0.356521
-0.459844 -0.439539 0.385512
-0.481466 -0.434506 0.414503
-0.496912 -0.429473 0.443495
-0.475290 -0.424440 0.472486
-0.453668 -0.419407 0.498522
-0.432046 -0.414374 0.469531
-0.410424 -0.409341 0.440540
-0.388802 -0.404308 0.411548
-0.367181 -0.399275 0.382557
-0.345559 -0.394242 0.353565
-0.321385 -0.388615 0.321152
-0.297210 -0.382988 0.288739
-0.273036 -0.377361 0.256325
-0.248862 -0.371734 0.223912
-0.224688 -0.366107 0.191499
-0.200514 -0.360480 0.159086
-0.176340 -0.354854 0.126673
-0.152166 -0.349227 0.094260
-0.127992 -0.343600 0.061846
-0.103818 -0.337973 0.029433
-0.077337 -0.331809 -0.006074
-0.050855 -0.325645 -0.041581
-0.024374 -0.319481 -0.077088
0.002107 -0.313317 -0.112595
0.028589 -0.307153 -0.148101
0.055070 -0.300988 -0.183608
0.081552 -0.294824 -0.219115
0.108033 -0.288660 -0.254622
0.134514 -0.282496 -0.290129
0.160996 -0.276332 -0.325636
0.189599 -0.269674 -0.363988
0.218202 -0.263016 -0.402339
0.246805 -0.256358 -0.440691
0.275408 -0.249700 -0.479043
0.292496 -0.246537 -0.496879
0.263524 -0.257355 -0.470109
0.234551 -0.268174 -0.437096
0.205579 -0.278992 -0.404084
0.176607 -0.289810 -0.371071
0.147634 -0.300628 -0.338058
0.116662 -0.312193 -0.302766
0.085689 -0.323759 -0.267475
0.054716 -0.335324 -0.232183
0.023743 -0.346889 -0.196891
-0.007229 -0.358454 -0.161599
-0.038202 -0.370019 -0.126307
-0.069175 -0.381584 -0.091015
-0.100148 -0.393149 -0.055723
-0.131120 -0.404714 -0.020431
-0.162093 -0.416279 0.014861
-0.194944 -0.428546 0.052294
-0.227796 -0.440813 0.089727
-0.260648 -0.453079 0.127159
-0.293499 -0.465346 0.164592
-0.326350 -0.477612 0.202025
-0.359202 -0.489879 0.239458
-0.392053 -0.497854 0.276890
-0.424904 -0.485588 0.314323
-0.457756 -0.473321 0.351756
-0.490607 -0.461054 0.389189
-0.474764 -0.448124 0.428647
-0.440136 -0.435194 0.468105
-0.405507 -0.422263 0.492438
-0.370879 -0.409333 0.452980
-0.336250 -0.396403 0.413522
-0.301622 -0.383472 0.374065
-0.266993 -0.370542 0.334607
-0.257373 -0.377835 0.344146
-0.264425 -0.398611 0.386350
-0.271476 -0.419386 0.428554
-0.278872 -0.441176 0.472817
-0.286269 -0.462965 0.482919
-0.293665 -0.484754 0.438656
-0.301061 -0.493456 0.394392
-0.308457 -0.471667 0.350128
-0.315853 -0.449878 0.305865
-0.323249 -0.428088 0.261601
-0.330645 -0.406299 0.217338
-0.338041 -0.384509 0.173074
-0.345437 -0.362720 0.128810
-0.353162 -0.339962 0.082579
-0.360886 -0.317204 0.036347
-0.368611 -0.294445 -0.009885
-0.376336 -0.271687 -0.056117
-0.384061 -0.248929 -0.102349
-0.391785 -0.226171 -0.148581
-0.399510 -0.203412 -0.194813
-0.407235 -0.180654 -0.241045
-0.414960 -0.157896 -0.287276
-0.422684 -0.135138 -0.333508
-0.430725 -0.111450 -0.381628
-0.438765 -0.087763 -0.429748
-0.446806 -0.064075 -0.477867
-0.454846 -0.040387 -0.474013
-0.462886 -0.016700 -0.425893
-0.470927 0.006988 -0.377773
-0.478967 0.030024 -0.329654
-0.487007 0.006336 -0.281534
-0.495048 -0.017351 -0.233414
-0.496912 -0.041039 -0.185295
-0.488568 -0.065621 -0.135358
-0.480224 -0.090202 -0.085422
-0.471881 -0.114784 -0.035486
-0.463537 -0.139366 0.014450
-0.455193 -0.163948 0.064386
-0.446849 -0.188529 0.114322
-0.438506 -0.213111 0.164258
-0.430162 -0.237693 0.214195
-0.421818 -0.262275 0.264131
-0.413474 -0.286856 0.314067
-0.404838 -0.312301 0.365756
-0.396201 -0.337746 0.417445
-0.387564 -0.363190 0.469133
-0.378927 -0.388635 0.479178
-0.370291 -0.414079 0.427489
-0.361654 -0.439524 0.375800
-0.353017 -0.464969 0.324111
-0.344381 -0.490413 0.272422
-0.335744 -0.484142 0.220734
-0.327107 -0.458697 0.169045
-0.318187 -0.432418 0.115661
-0.309267 -0.406139 0.062277
-0.300348 -0.379860 0.008893
-0.359267 -0.391864 0.004331
-0.418185 -0.403867 -0.000232
-0.477104 -0.415871 -0.004794
-0.463977 -0.427874 -0.009356
-0.405058 -0.439878 -0.013918
-0.346139 -0.451881 -0.018481
-0.287220 -0.463884 -0.023043
-0.226488 -0.476257 -0.027745
-0.165756 -0.488630 -0.032448
-0.105024 -0.498997 -0.037151
-0.044292 -0.486625 -0.041853
0.016440 -0.474252 -0.046556
0.077172 -0.461879 -0.051259
0.137904 -0.449506 -0.055961
0.198636 -0.437134 -0.060664
0.259369 -0.424761 -0.065367
0.320101 -0.412388 -0.070069
0.382593 -0.399657 -0.074908
0.445086 -0.386925 -0.079747
0.475655 -0.392622 -0.069674
0.431732 -0.441320 -0.024807
0.387810 -0.490018 0.020061
0.343888 -0.461284 0.064929
0.299966 -0.412586 0.109797
0.256044 -0.363888 0.154665
0.212122 -0.315190 0.199532
0.168200 -0.266492 0.244400
0.123074 -0.216460 0.290498
0.077948 -0.166428 0.336595
0.032823 -0.116395 0.382692
-0.012303 -0.066363 0.428790
-0.057429 -0.016330 0.474887
-0.102555 0.033702 0.479016
-0.147680 0.083734 0.432918
-0.192806 0.133767 0.386821
-0.237932 0.183799 0.340724
-0.275864 0.214367 0.309079
-0.285262 0.158206 0.335921
-0.294660 0.102045 0.362764
-0.304057 0.045883 0.389606
-0.313455 -0.010278 0.416449
-0.322852 -0.066440 0.443292
-0.332250 -0.122601 0.470134
-0.341647 -0.178763 0.496977
-0.351045 -0.234924 0.476180
-0.360443 -0.291086 0.449338
-0.369840 -0.347247 0.422495
-0.379470 -0.404796 0.394989
-0.389100 -0.462344 0.367483
-0.398729 -0.480108 0.339978
-0.408359 -0.422559 0.312472
-0.417989 -0.365011 0.284966
-0.427618 -0.307463 0.257460
-0.437248 -0.249915 0.229955
-0.446878 -0.192366 0.202449
-0.456508 -0.134818 0.174944
-0.466137 -0.077269 0.147438
-0.475994 -0.018367 0.119285
-0.485850 0.040536 0.091132
-0.495706 0.099439 0.062979
-0.494438 0.158341 0.034826
-0.484582 0.217244 0.006673
-0.474725 0.276147 -0.021480
-0.464869 0.335049 -0.049633
-0.455013 0.393952 -0.077786
-0.445157 0.350912 -0.105939
-0.435300 0.292009 -0.134092
-0.425222 0.231783 -0.162877
-0.415145 0.171556 -0.191663
-0.405067 0.111330 -0.220449
-0.394989 0.051103 -0.249234
-0.384911 -0.009123 -0.278020
-0.374833 -0.069350 -0.306806
-0.364755 -0.129576 -0.335591
-0.354677 -0.189802 -0.364377
-0.344599 -0.250029 -0.393163
-0.334521 -0.310256 -0.421949
-0.324226 -0.371777 -0.451353
-0.313932 -0.433299 -0.480758
-0.303637 -0.494821 -0.489837
-0.293342 -0.443657 -0.460432
-0.283048 -0.382135 -0.431027
-0.272753 -0.320613 -0.401623
-0.262459 -0.259092 -0.372218
-0.252164 -0.197570 -0.342813
-0.241869 -0.136048 -0.313408
-0.231575 -0.074526 -0.284004
-0.221068 -0.011736 -0.253992
-0.210561 0.051055 -0.223981
-0.200054 0.113845 -0.193970
-0.189547 0.176636 -0.163959
-0.179041 0.239426 -0.133948
-0.168534 0.302217 -0.103937
-0.158027 0.365007 -0.073926
-0.147520 0.427798 -0.043915
-0.137013 0.490588 -0.013903
-0.126507 0.476167 0.016108
-0.115792 0.412134 0.046713
-0.105077 0.348100 0.077319
-0.094362 0.284066 0.107924
-0.083647 0.220032 0.138530
-0.072932 0.155998 0.169135
-0.062217 0.091964 0.199741
-0.051502 0.027930 0.230346
-0.040787 -0.036104 0.260952
-0.030072 -0.100138 0.291557
-0.019358 -0.164172 0.322163
-0.008439 -0.229425 0.353351
0.002480 -0.294679 0.384539
0.013400 -0.359933 0.415728
0.024319 -0.425186 0.446916
0.035238 -0.490440 0.478105
0.046157 -0.444306 0.490707
0.057076 -0.379053 0.459518
0.067995 -0.313799 0.428330
0.078914 -0.248545 0.397142
0.089833 -0.183292 0.365953
0.100952 -0.116841 0.334192
0.112072 -0.050389 0.302431
0.123191 0.016062 0.270670
0.134310 0.082513 0.238909
0.145430 0.148964 0.207149
0.156549 0.215415 0.175388
0.167669 0.281866 0.143627
0.178788 0.348317 0.111866
0.189907 0.414769 0.080106
0.201027 0.481220 0.048345
0.212343 0.548847 0.016022
0.223659 0.616475 -0.016301
0.234976 0.684102 -0.048624
0.246292 0.671515 -0.080947
0.257608 0.603887 -0.113270
0.268924 0.536260 -0.145593
0.280240 0.468633 -0.177916
0.290906 0.402431 -0.215664
0.298966 0.341934 -0.275114
0.307026 0.281437 -0.334563
0.315224 0.219905 -0.395028
0.323422 0.158374 -0.455493
0.331620 0.096842 -0.484041
0.339818 0.035311 -0.423576
0.348016 -0.026221 -0.363111
0.356214 -0.087752 -0.302645
0.364412 -0.149284 -0.242180
0.372610 -0.210815 -0.181714
0.380808 -0.272347 -0.121249
0.389006 -0.333878 -0.060784
0.397340 -0.396427 0.000681
0.405674 -0.458975 0.062146
0.414007 -0.478476 0.123611
0.422341 -0.415928 0.185076
0.430675 -0.353379 0.246541
0.439008 -0.290831 0.308006
0.447342 -0.228282 0.369471
0.455675 -0.165734 0.430936
0.464009 -0.103185 0.492401
0.472343 -0.040636 0.446134
0.480810 0.022913 0.383686
0.489276 0.086463 0.321238
0.497743 0.150012 0.258789
0.493790 0.213561 0.196341
0.485323 0.277111 0.133893
0.476856 0.340661 0.071444
0.468389 0.404210 0.008996
0.459923 0.467760 -0.053453
0.451456 0.531309 -0.115901
0.442989 0.594858 -0.178350
0.434391 0.659393 -0.241766
0.425792 0.723927 -0.305183
0.417194 0.788462 -0.368600
0.408596 0.745915 -0.432016
0.399998 0.681381 -0.495433
0.391399 0.616846 -0.441150
0.382801 0.552311 -0.377734
0.374203 0.487777 -0.314317
0.365605 0.423242 -0.250900
0.357006 0.358707 -0.187484
0.348279 0.293202 -0.123113
0.339551 0.227697 -0.058743
0.330823 0.162192 0.005627
0.322096 0.096686 0.069998
0.313368 0.031181 0.134368
0.304641 -0.034324 0.198739
0.295913 -0.099830 0.263109
0.287185 -0.165335 0.327479
0.278458 -0.230840 0.391850
0.269730 -0.296345 0.456220
0.260875 -0.362807 0.478470
0.252020 -0.429268 0.413160
0.243165 -0.495730 0.347850
0.234310 -0.437809 0.282540
0.225455 -0.371347 0.217230
0.216600 -0.304885 0.151920
0.207745 -0.238424 0.086610
0.198890 -0.171962 0.021300
0.190035 -0.105501 -0.044011
0.181180 -0.039039 -0.109321
0.172200 0.028365 -0.175557
0.163219 0.095770 -0.241794
0.154238 0.163174 -0.308030
0.145258 0.230578 -0.374267
0.136277 0.297983 -0.440504
0.127297 0.365387 -0.493260
0.118316 0.432792 -0.427023
0.109335 0.500196 -0.360787
0.100355 0.567601 -0.294550
0.091374 0.635005 -0.228314
0.100615 0.647749 -0.167994
0.137375 0.577107 -0.117922
0.174135 0.506465 -0.067849
0.210895 0.435822 -0.017776
0.247655 0.365180 0.032296
0.284415 0.294538 0.082369
0.321175 0.223896 0.132442
0.357935 0.153253 0.182515
0.394695 0.082611 0.232587
0.431454 0.011969 0.282660
0.468708 -0.059621 0.333405
0.494039 -0.131212 0.384150
0.456786 -0.202802 0.434895
0.419533 -0.274393 0.485640
0.382279 -0.345983 0.463615
0.345026 -0.417574 0.412870
0.307773 -0.489164 0.362125
0.270520 -0.439245 0.311380
0.233267 -0.367655 0.260635
0.196013 -0.296064 0.209890
0.158273 -0.223538 0.158482
0.120533 -0.151011 0.107074
0.082792 -0.078485 0.055665
0.045052 -0.005959 0.004257
0.007312 0.066568 -0.047151
-0.030429 0.139094 -0.098559
-0.068169 0.211620 -0.149968
-0.105909 0.284147 -0.201376
-0.143650 0.356673 -0.252784
-0.181390 0.429199 -0.304192
-0.219611 0.502649 -0.356255
-0.257832 0.576100 -0.408319
-0.296053 0.649550 -0.460382
-0.334275 0.723000 -0.487555
-0.372496 0.796450 -0.435492
-0.410717 0.869900 -0.383429
-0.448938 0.943351 -0.331366
-0.487159 1.016801 -0.279302
-0.474619 1.051810 -0.227239
-0.436398 0.978360 -0.175176
-0.397702 0.903997 -0.122466
-0.375781 0.862600 -0.089504
-0.420958 0.953068 -0.135532
-0.466136 1.020955 -0.181559
-0.488687 0.930487 -0.227587
-0.443510 0.840020 -0.273615
-0.398332 0.749553 -0.319642
-0.353155 0.659085 -0.365670
-0.307978 0.568618 -0.411698
-0.262800 0.478151 -0.457725
-0.217075 0.386587 -0.495689
-0.171350 0.295023 -0.449104
-0.125625 0.203459 -0.402518
-0.079900 0.111894 -0.355933
-0.034175 0.020330 -0.309347
0.011550 -0.071234 -0.262762
0.057275 -0.162798 -0.216176
0.103001 -0.254362 -0.169591
0.148726 -0.345926 -0.123005
0.194451 -0.437490 -0.076419
0.240717 -0.469863 -0.029282
0.286983 -0.377215 0.017855
0.333250 -0.284567 0.064992
0.379516 -0.191920 0.112128
0.425782 -0.099272 0.159265
0.472048 -0.006624 0.206402
0.481685 0.086023 0.253539
0.435419 0.178671 0.300676
0.389153 0.271319 0.347813
0.342886 0.363966 0.394950
0.296085 0.457685 0.442632
0.249284 0.551404 0.490314
0.202483 0.645123 0.462004
0.155682 0.738842 0.414322
0.108881 0.832560 0.366640
0.062080 0.926279 0.318959
0.015279 1.019998 0.271277
-0.031522 1.113717 0.223595
-0.078323 1.207435 0.175913
-0.125125 1.149899 0.128231
-0.172455 1.055121 0.080010
-0.219785 0.960344 0.031789
-0.267114 0.865566 -0.016431
-0.314444 0.770788 -0.064652
-0.361774 0.676010 -0.112873
-0.409104 0.581232 -0.161093
-0.456434 0.486454 -0.209314
-0.496236 0.391676 -0.257535
-0.448906 0.296899 -0.305756
-0.401576 0.202121 -0.353976
-0.353723 0.106296 -0.402730
-0.305870 0.010471 -0.451484
-0.258017 -0.085354 -0.499763
-0.210164 -0.181179 -0.451009
-0.162311 -0.277004 -0.402256
-0.114458 -0.372829 -0.353502
-0.066605 -0.468655 -0.304748
-0.018752 -0.435520 -0.255995
0.029101 -0.339695 -0.207241
0.076954 -0.243870 -0.158488
0.125324 -0.147009 -0.109207
0.173694 -0.050148 -0.059926
0.222065 0.046713 -0.010646
0.270435 0.143574 0.038635
0.318805 0.240435 0.087915
0.356809 0.316815 0.129180
0.353345 0.311268 0.138384
0.392886 0.336981 0.230533
0.443179 0.370510 0.343419
0.493471 0.404038 0.456305
0.455704 0.437921 0.429614
0.404879 0.471805 0.315533
0.354054 0.505688 0.201453
0.303229 0.539571 0.087372
0.252404 0.573455 -0.026709
0.201579 0.607338 -0.140789
0.150754 0.641222 -0.254870
0.099929 0.675105 -0.368951
0.049104 0.708989 -0.483031
-0.001721 0.742872 -0.402888
-0.053072 0.777107 -0.287625
-0.104424 0.811341 -0.172362
-0.155776 0.845576 -0.057099
-0.207127 0.879810 0.058164
-0.258479 0.914045 0.173427
-0.309831 0.948279 0.288690
-0.361183 0.982514 0.403953
-0.412534 1.016748 0.480784
-0.463886 1.050983 0.365522
-0.484762 1.085217 0.250259
-0.432889 1.119799 0.133826
-0.381016 1.154380 0.017392
-0.329143 1.188962 -0.099041
-0.277270 1.223543 -0.215474
-0.225397 1.258124 -0.331907
-0.173524 1.292706 -0.448340
-0.121651 1.327287 -0.435226
-0.069778 1.361869 -0.318793
-0.017905 1.396450 -0.202360
0.033968 1.431031 -0.085927
0.086357 1.465957 0.031665
0.138747 1.500883 0.149257
0.191136 1.535809 0.266848
0.243525 1.570735 0.384440
0.295914 1.582176 0.497968
0.348303 1.547251 0.380377
0.400693 1.512325 0.262785
0.453082 1.477399 0.145193
0.494529 1.442473 0.027602
0.442140 1.407547 -0.089990
0.389240 1.372280 -0.208729
0.336339 1.337013 -0.327468
0.283439 1.301746 -0.446207
0.230539 1.266479 -0.435054
0.177638 1.231212 -0.316315
0.124738 1.195946 -0.197576
0.071838 1.160679 -0.078837
0.018937 1.125412 0.039902
-0.033963 1.090145 0.158641
-0.086863 1.054878 0.277380
-0.140270 1.019274 0.397256
-0.193676 0.983670 0.482869
-0.247083 0.948065 0.362994
-0.300489 0.912461 0.243118
-0.353896 0.876857 0.123243
-0.407303 0.841253 0.003368
-0.460709 0.805648 -0.116507
-0.485884 0.770044 -0.236383
-0.432477 0.734440 -0.356258
-0.379071 0.698836 -0.476133
-0.325163 0.662897 -0.402866
-0.271255 0.626958 -0.281865
-0.217347 0.591020 -0.160864
-0.163439 0.555081 -0.039863
-0.109531 0.519143 0.081138
-0.055623 0.483204 0.202139
-0.001715 0.447265 0.323140
0.052193 0.411327 0.444141
0.106101 0.375388 0.434858
0.160009 0.339449 0.313857
0.214414 0.303180 0.191741
0.268819 0.266910 0.069625
0.323224 0.230640 -0.052491
0.377629 0.194370 -0.174607
0.432033 0.158100 -0.296723
0.486438 0.121831 -0.418840
0.459157 0.085561 -0.459044
0.404752 0.049291 -0.336928
0.350348 0.013021 -0.214812
0.295943 -0.023249 -0.092696
0.241046 -0.059847 0.030526
0.186148 -0.096445 0.153747
0.131251 -0.133043 0.276968
0.076354 -0.169641 0.400189
0.021457 -0.206239 0.476589
-0.033441 -0.242838 0.353368
-0.088338 -0.279436 0.230147
-0.143235 -0.316034 0.106925
-0.198132 -0.352632 -0.016296
-0.253029 -0.389230 -0.139517
-0.308415 -0.426153 -0.263834
-0.363800 -0.463077 -0.388150
-0.419185 -0.500000 -0.487533
-0.474570 -0.463077 -0.363217
-0.470044 -0.426153 -0.238900
-0.414659 -0.389230 -0.114584
-0.359274 -0.352307 0.009733
-0.303889 -0.315384 0.134049
-0.248504 -0.278460 0.258366
-0.193118 -0.241537 0.382682
-0.137249 -0.204291 0.491915
-0.081380 -0.167045 0.366513
-0.025511 -0.129799 0.241111
0.030357 -0.092553 0.115709
0.086226 -0.055307 -0.009694
0.142095 -0.018062 -0.135096
0.197964 0.019184 -0.260498
0.253833 0.056430 -0.385901
0.309702 0.093676 -0.488697
0.365571 0.130922 -0.363295
0.421919 0.168488 -0.236816
0.478268 0.206053 -0.110337
0.465384 0.243619 0.016141
0.409035 0.281184 0.142620
0.352687 0.318750 0.269099
0.296338 0.356315 0.395578
0.239990 0.393881 0.477944
0.183641 0.431446 0.351465
0.127293 0.469012 0.224986
0.070944 0.506577 0.098507
0.014120 0.544460 -0.029039
-0.042704 0.582342 -0.156585
-0.099528 0.620224 -0.284131
-0.156352 0.658107 -0.411677
-0.213176 0.695989 -0.460777
-0.270000 0.733871 -0.333230
-0.326824 0.771754 -0.205684
-0.383648 0.809636 -0.078138
-0.440472 0.847518 0.049408
-0.497296 0.885401 0.176954
-0.445408 0.923598 0.305559
-0.388113 0.961795 0.434164
-0.330817 0.999992 0.437232
-0.273522 1.038189 0.308627
-0.216226 1.076386 0.180022
-0.158930 1.114583 0.051417
-0.101635 1.152780 -0.077187
-0.044339 1.190977 -0.205792
0.012956 1.229174 -0.334397
0.070252 1.267371 -0.463001
0.128015 1.305880 -0.407344
0.185779 1.344390 -0.277690
0.243542 1.382899 -0.148035
0.301305 1.421409 -0.018381
0.359069 1.459918 0.111273
0.416832 1.498427 0.240928
0.474596 1.536937 0.370582
0.467641 1.575446 0.499763
0.409877 1.613955 0.370109
0.352114 1.652465 0.240454
0.293887 1.691283 0.109759
0.235660 1.730101 -0.020937
0.177432 1.768919 -0.151633
0.156489 1.785280 -0.205160
0.222541 1.749242 -0.078626
0.288593 1.713204 0.047907
0.354645 1.677166 0.174441
0.420697 1.641128 0.300974
0.486749 1.605090 0.427508
0.447199 1.569051 0.445959
0.380625 1.532728 0.318425
0.314050 1.496405 0.190891
0.247476 1.460082 0.063357
0.180902 1.423759 -0.064177
0.114328 1.387436 -0.191711
0.047754 1.351113 -0.319245
-0.018821 1.314790 -0.446779
-0.085395 1.278467 -0.425687
-0.151969 1.242144 -0.298153
-0.218543 1.205821 -0.170619
-0.285636 1.169215 -0.042093
-0.352728 1.132609 0.086434
-0.419820 1.096004 0.214960
-0.486912 1.059398 0.343487
-0.445996 1.022793 0.472013
-0.378904 0.986187 0.399461
-0.311811 0.949582 0.270934
-0.244719 0.912976 0.142408
-0.177627 0.876370 0.013881
-0.110535 0.839765 -0.114645
-0.042928 0.802878 -0.244156
0.024678 0.765992 -0.373668
0.092285 0.729106 -0.496821
0.159891 0.692219 -0.367310
0.227498 0.655333 -0.237798
0.295104 0.618447 -0.108287
0.362710 0.581560 0.021224
0.430316 0.544674 0.150736
0.497923 0.507788 0.280247
0.434471 0.470901 0.409759
0.366354 0.433737 0.459753
0.298237 0.396572 0.329264
0.230121 0.359407 0.198775
0.162004 0.322243 0.068286
0.093887 0.285078 -0.062203
0.025771 0.247913 -0.192691
-0.042346 0.210749 -0.323180
-0.110462 0.173584 -0.453669
-0.178579 0.136419 -0.415842
-0.246696 0.099254 -0.285353
-0.315319 0.061813 -0.153894
-0.383942 0.024372 -0.022435
-0.452565 -0.013069 0.109024
-0.478812 -0.050510 0.240483
-0.410189 -0.087951 0.371942
-0.341566 -0.125392 0.496600
-0.272942 -0.162833 0.365141
-0.204319 -0.200274 0.233682
-0.135696 -0.237715 0.102223
-0.107040 -0.282686 0.251403
-0.078173 -0.327987 0.401677
-0.049307 -0.373287 0.448050
-0.020441 -0.418588 0.297777
0.008426 -0.463888 0.147503
0.037292 -0.490812 -0.002770
0.066158 -0.445511 -0.153044
0.095025 -0.400211 -0.303317
0.123891 -0.354910 -0.453590
0.152757 -0.309610 -0.396136
0.181624 -0.264309 -0.245863
0.210698 -0.218682 -0.094504
0.239773 -0.173054 0.056854
0.268848 -0.127427 0.208212
0.297923 -0.081799 0.359571
0.326998 -0.036171 0.489071
0.356072 0.009456 0.337713
0.385147 0.055084 0.186355
0.414222 0.100711 0.034996
0.443297 0.146339 -0.116362
0.472372 0.191967 -0.267721
0.498347 0.237919 -0.420156
0.469065 0.283872 -0.427408
0.439783 0.329824 -0.274973
0.410502 0.375776 -0.122537
0.381220 0.421729 0.029899
0.351938 0.467681 0.182334
0.322657 0.513634 0.334770
0.293375 0.559586 0.487206
0.264093 0.605538 0.360359
0.234811 0.651491 0.207923
0.205324 0.697765 0.054418
0.175837 0.744040 -0.099087
0.146350 0.790314 -0.252593
0.116863 0.836589 -0.406098
0.087376 0.882864 -0.440396
0.057889 0.929138 -0.286891
0.028401 0.975413 -0.133385
-0.001086 1.021688 0.020120
-0.030573 1.067963 0.173625
-0.060060 1.114237 0.327131
-0.089752 1.160833 0.481699
-0.119443 1.207428 0.363734
-0.149134 1.254023 0.209166
-0.178825 1.300619 0.054598
-0.208517 1.347214 -0.099969
-0.238208 1.393809 -0.254537
-0.267899 1.440405 -0.409105
-0.297590 1.487000 -0.436328
-0.327282 1.533595 -0.281760
-0.356973 1.580191 -0.127192
-0.386866 1.627104 0.028430
-0.416760 1.674018 0.184053
-0.446654 1.720931 0.339676
-0.476548 1.767845 0.495299
-0.493558 1.814759 0.349079
-0.463664 1.861672 0.193456
-0.433771 1.908586 0.037833
-0.403877 1.955500 -0.117790
-0.373983 2.002413 -0.273412
-0.344089 2.049327 -0.429035
-0.313994 2.096555 -0.414294
-0.283899 2.143783 -0.257623
-0.253803 2.191012 -0.100953
-0.223708 2.238240 0.055718
-0.193613 2.285468 0.212389
-0.163517 2.332697 0.369060
-0.133422 2.379925 0.474269
-0.103327 2.427153 0.317599
-0.073232 2.474382 0.160928
-0.043137 2.521610 0.004257
-0.012841 2.569153 -0.153455
0.017454 2.616696 -0.311167
0.047749 2.664239 -0.468879
0.078044 2.644366 -0.373410
0.108339 2.596823 -0.215698
0.138635 2.549279 -0.057986
0.168930 2.501736 0.099726
0.199225 2.454193 0.257438
0.229520 2.406650 0.415149
0.259816 2.359107 0.427139
0.290309 2.311252 0.268393
0.320803 2.263397 0.109647
0.351297 2.215541 -0.049099
0.381791 2.167686 -0.207845
0.412284 2.119830 -0.366591
0.442778 2.071975 -0.474663
0.473272 2.024120 -0.315917
0.496234 1.976265 -0.157171
0.465741 1.928411 0.001575
0.435247 1.880556 0.160321
0.404556 1.832392 0.320094
0.373864 1.784228 0.479868
0.343173 1.736064 0.360359
0.312482 1.687900 0.200585
0.281790 1.639736 0.040812
0.251099 1.591572 -0.118962
0.220408 1.543408 -0.278735
0.189717 1.495243 -0.438509
0.159025 1.447079 -0.401717
0.128334 1.398915 -0.241944
0.179791 1.395856 -0.125605
0.354762 1.460914 -0.075948
0.470266 1.525972 -0.026291
0.295295 1.591031 0.023366
0.120323 1.656089 0.073023
-0.054648 1.721148 0.122680
-0.229620 1.786206 0.172337
-0.404592 1.851265 0.221994
-0.420437 1.916323 0.271651
-0.245465 1.981382 0.321308
-0.069390 2.046851 0.371278
0.106686 2.112321 0.421248
0.282761 2.177791 0.471218
0.458837 2.243260 0.478812
0.365087 2.308730 0.428841
0.189012 2.374200 0.378871
0.012936 2.439670 0.328901
-0.163140 2.505139 0.278931
-0.339215 2.570609 0.228961
-0.484709 2.636079 0.178990
-0.307536 2.701956 0.128709
-0.130364 2.767834 0.078427
0.046809 2.833711 0.028146
0.223982 2.899589 -0.022136
0.401154 2.965466 -0.072417
0.421673 2.937109 -0.122699
0.244500 2.871232 -0.172981
0.067328 2.805354 -0.223262
-0.109845 2.739477 -0.273544
-0.287018 2.673599 -0.323825
-0.465281 2.607316 -0.374416
-0.356456 2.541034 -0.425007
-0.178194 2.474751 -0.475598
0.000069 2.408468 -0.473811
0.178332 2.342185 -0.423220
0.356595 2.275903 -0.372629
0.362649 2.223018 -0.353119
0.196494 2.183531 -0.364689
0.030339 2.144044 -0.376260
-0.135816 2.104557 -0.387830
-0.302981 2.064832 -0.399471
-0.470146 2.025107 -0.411112
-0.362689 1.985381 -0.422752
-0.195524 1.945654 -0.434393
-0.028359 1.905928 -0.446034
0.138806 1.866201 -0.457675
0.305971 1.826475 -0.469316
0.473136 1.786748 -0.480956
0.359698 1.747022 -0.492597
0.192533 1.707295 -0.495762
0.024364 1.667331 -0.484051
-0.143805 1.627366 -0.472341
-0.311974 1.587401 -0.460630
-0.480143 1.547436 -0.448920
-0.351688 1.507471 -0.437209
-0.183519 1.467506 -0.425499
-0.015350 1.427541 -0.413788
0.152820 1.387576 -0.402078
0.320989 1.347611 -0.390367
0.489158 1.307646 -0.378657
0.341675 1.267444 -0.366876
0.172508 1.227242 -0.355096
0.003341 1.187040 -0.343316
-0.165826 1.146838 -0.331536
-0.334993 1.106636 -0.319755
-0.495839 1.066433 -0.307975
-0.326672 1.026231 -0.296195
-0.157505 0.986029 -0.284415
0.011662 0.945827 -0.272634
0.180829 0.905625 -0.260854
0.350988 0.865187 -0.249005
0.478852 0.824750 -0.237156
0.308693 0.784312 -0.225306
0.138534 0.743875 -0.213457
-0.031626 0.703437 -0.201608
-0.201785 0.662999 -0.189759
-0.371944 0.622562 -0.177909
-0.457896 0.582124 -0.166060
-0.287737 0.541687 -0.154211
-0.117578 0.501249 -0.142362
0.053568 0.460577 -0.130444
0.224714 0.419904 -0.118526
0.395860 0.379232 -0.106608
0.432995 0.338559 -0.094690
0.261849 0.297887 -0.082772
0.090703 0.257215 -0.070854
-0.080443 0.216542 -0.058936
-0.251589 0.175870 -0.047018
-0.422734 0.135198 -0.035100
-0.406120 0.094525 -0.023182
-0.233993 0.053620 -0.011196
-0.061867 0.012715 0.000790
0.110260 -0.028191 0.012776
0.282386 -0.069096 0.024763
0.454513 -0.110001 0.036749
0.373360 -0.150907 0.048735
0.201234 -0.191812 0.060721
0.029107 -0.232717 0.072707
-0.143019 -0.273623 0.084694
-0.315146 -0.314528 0.096680
-0.488247 -0.355665 0.108734
-0.338651 -0.396802 0.120788
-0.165549 -0.437939 0.132842
0.007553 -0.479077 0.144896
0.180654 -0.479786 0.156951
0.353756 -0.438649 0.169005
0.473142 -0.397512 0.181059
0.300040 -0.356375 0.193113
0.126939 -0.315238 0.205167
-0.046163 -0.274101 0.217221
-0.220235 -0.232734 0.229343
-0.394306 -0.191366 0.241465
-0.431622 -0.149998 0.253586
-0.257551 -0.108631 0.265708
-0.083479 -0.067263 0.277830
0.090592 -0.025896 0.289952
0.264664 0.015472 0.302073
0.438735 0.056839 0.314195
0.387193 0.098207 0.326317
0.213122 0.139575 0.338439
0.038086 0.181171 0.350628
-0.136950 0.222768 0.362817
-0.311986 0.264365 0.375005
-0.487022 0.305962 0.387194
-0.337942 0.347559 0.399383
-0.162907 0.389156 0.411572
0.012129 0.430752 0.423761
0.187165 0.472349 0.435950
0.362201 0.513946 0.448139
0.462763 0.555543 0.460327
0.286768 0.597368 0.472583
0.110773 0.639192 0.484839
-0.065222 0.681017 0.497094
-0.241217 0.722841 0.490650
-0.417212 0.764666 0.478395
-0.406793 0.806491 0.466139
-0.230798 0.848315 0.453883
-0.054803 0.890140 0.441628
0.121192 0.931964 0.429372
0.297187 0.973789 0.417117
0.474136 1.015840 0.404794
0.348915 1.057891 0.392472
0.171966 1.099942 0.380150
-0.004983 1.141994 0.367828
-0.181932 1.184045 0.355506
-0.358880 1.226096 0.343184
-0.464171 1.268147 0.330862
-0.287222 1.310198 0.318540
-0.110273 1.352249 0.306218
0.066676 1.394300 0.293896
0.244574 1.436576 0.281508
0.422472 1.478853 0.269119
0.399630 1.521129 0.256731
0.221733 1.563406 0.244343
0.043835 1.605682 0.231955
-0.134063 1.647958 0.219567
-0.311961 1.690235 0.207179
-0.489859 1.732511 0.194791
-0.332244 1.774787 0.182403
-0.154346 1.817064 0.170015
0.024496 1.859565 0.157561
0.203337 1.902067 0.145107
0.382179 1.944569 0.132653
0.438980 1.987071 0.120199
0.260139 2.029572 0.107746
0.081297 2.072072 0.095292
-0.097544 2.114573 0.082838
-0.276386 2.157073 0.070384
-0.455227 2.199574 0.057930
-0.365932 2.242074 0.045477
-0.186151 2.284799 0.032957
-0.006371 2.327523 0.020438
0.173409 2.370248 0.007919
0.353190 2.412972 -0.004600
0.467030 2.455697 -0.017119
0.287249 2.498422 -0.029639
0.107469 2.541146 -0.042158
-0.072311 2.583871 -0.054677
-0.252091 2.626595 -0.067196
-0.431872 2.669320 -0.079715
-0.459553 2.726140 -0.093250
-0.334201 2.796834 -0.107736
-0.208849 2.867527 -0.122221
-0.078619 2.943344 -0.145468
0.071125 3.039653 -0.203760
0.220869 3.135962 -0.262053
0.370613 3.232271 -0.320346
0.479642 3.328580 -0.378639
0.329898 3.424890 -0.436931
0.180154 3.521199 -0.495224
0.029640 3.587457 -0.446184
-0.120874 3.490652 -0.387591
-0.271388 3.393847 -0.328999
-0.421902 3.297041 -0.270407
-0.427584 3.200236 -0.211815
-0.277070 3.103431 -0.153222
-0.126556 3.006626 -0.094630
0.023958 2.909821 -0.036037
0.174471 2.813016 0.022555
0.324985 2.716211 0.081147
0.476265 2.618912 0.140038
0.372455 2.521614 0.198928
0.221175 2.424315 0.257819
0.069895 2.327016 0.316709
-0.081385 2.229718 0.375600
-0.232665 2.132419 0.434491
-0.383945 2.035120 0.493381
-0.464775 1.937823 0.447728
-0.313495 1.840525 0.388838
-0.162215 1.743228 0.329947
-0.010173 1.645439 0.270760
0.141869 1.547651 0.211573
0.293911 1.449862 0.152385
0.445953 1.352074 0.093198
0.402005 1.254285 0.034011
0.249963 1.156496 -0.025176
0.097920 1.058708 -0.084363
-0.054122 0.960919 -0.143551
-0.206164 0.863132 -0.202738
-0.358206 0.765344 -0.261925
-0.488994 0.667068 -0.321407
-0.336193 0.568792 -0.380890
-0.183393 0.470517 -0.440372
-0.030593 0.372241 -0.499855
0.122208 0.273965 -0.440663
0.275008 0.175689 -0.381180
0.427809 0.077413 -0.321698
0.419391 -0.020862 -0.262215
0.266591 -0.119138 -0.202733
