-0.273935 -0.333737 0.447777
-0.258869 -0.315875 0.458760
-0.243803 -0.298014 0.469744
-0.228737 -0.280152 0.480728
-0.213671 -0.262290 0.491711
-0.198605 -0.244428 0.497305
-0.183539 -0.226567 0.486321
-0.179090 -0.283668 0.488280
-0.185628 -0.304597 0.476462
-0.192165 -0.335075 0.464644
-0.198703 -0.364531 0.452825
-0.206710 -0.390163 0.438351
-0.214717 -0.415796 0.423877
-0.222724 -0.441428 0.409402
-0.230732 -0.467061 0.394928
-0.238739 -0.492693 0.380453
-0.246746 -0.481675 0.365979
-0.254753 -0.456042 0.351505
-0.262760 -0.430410 0.337030
-0.270767 -0.404778 0.322556
-0.278774 -0.385872 0.308081
-0.279424 -0.398136 0.287125
-0.276391 -0.402973 0.264349
-0.273358 -0.407809 0.241574
-0.270325 -0.412645 0.218798
-0.267291 -0.417482 0.196023
-0.264258 -0.422318 0.173247
-0.261225 -0.427154 0.150472
-0.258191 -0.431990 0.127697
-0.255158 -0.436827 0.104921
-0.252125 -0.441663 0.082146
-0.248733 -0.447070 0.056682
-0.245342 -0.452478 0.031218
-0.241950 -0.457885 0.005755
-0.238559 -0.463292 -0.019709
-0.235167 -0.468700 -0.045173
-0.231776 -0.474107 -0.070637
-0.228384 -0.479514 -0.096100
-0.224993 -0.484922 -0.121564
-0.221601 -0.490329 -0.147028
-0.218210 -0.495736 -0.172491
-0.214495 -0.498340 -0.200386
-0.210780 -0.492417 -0.228280
-0.207064 -0.486494 -0.256174
-0.203349 -0.480571 -0.284068
-0.199634 -0.474647 -0.311962
-0.195919 -0.468724 -0.339856
-0.192204 -0.462801 -0.367750
-0.188489 -0.456878 -0.395644
-0.184773 -0.450955 -0.423538
-0.181058 -0.445031 -0.451432
-0.177045 -0.438633 -0.481561
-0.173032 -0.432235 -0.488310
-0.169020 -0.425838 -0.458181
-0.165007 -0.419440 -0.428052
-0.160994 -0.413042 -0.397923
-0.156981 -0.406644 -0.367794
-0.152968 -0.400246 -0.337665
-0.148955 -0.393848 -0.307536
-0.144942 -0.387450 -0.277407
-0.140929 -0.381052 -0.247278
-0.136640 -0.374212 -0.215069
-0.132350 -0.367373 -0.182860
-0.128060 -0.360533 -0.150650
-0.123770 -0.353693 -0.118441
-0.119480 -0.346854 -0.086232
-0.115190 -0.340014 -0.054022
-0.110900 -0.333174 -0.021813
-0.106610 -0.326335 0.010397
-0.102320 -0.319495 0.042606
-0.098030 -0.312655 0.074815
-0.093480 -0.305401 0.108978
-0.088930 -0.298146 0.143142
-0.084380 -0.290892 0.177305
-0.079830 -0.283638 0.211468
-0.075280 -0.276383 0.245631
-0.070730 -0.269129 0.279794
-0.066180 -0.261874 0.313958
-0.061630 -0.254620 0.348121
-0.057080 -0.247365 0.382284
-0.052530 -0.240111 0.416447
-0.047733 -0.232464 0.452458
-0.042937 -0.224817 0.488470
-0.038141 -0.217170 0.475519
-0.033345 -0.209523 0.439508
-0.029108 -0.206099 0.407379
-0.029904 -0.240683 0.410189
-0.030700 -0.275268 0.412998
-0.031496 -0.309852 0.415808
-0.032293 -0.344437 0.418617
-0.033089 -0.379021 0.421427
-0.033924 -0.415294 0.424373
-0.034759 -0.451567 0.427320
-0.035594 -0.487839 0.430266
-0.036429 -0.475888 0.433213
-0.037264 -0.439615 0.436159
-0.038099 -0.403343 0.439106
-0.038935 -0.367070 0.442053
-0.039770 -0.330797 0.444999
-0.040605 -0.294525 0.447946
-0.041440 -0.258252 0.450892
-0.042312 -0.220366 0.453970
-0.043184 -0.182481 0.457047
-0.044056 -0.144596 0.460124
-0.044929 -0.106710 0.463202
-0.045801 -0.068825 0.466279
-0.046673 -0.030939 0.469357
-0.047545 -0.058955 0.472434
-0.048417 -0.096840 0.475511
-0.049290 -0.134726 0.478589
-0.050162 -0.172611 0.481666
-0.051070 -0.212044 0.484869
-0.031728 -0.178495 0.450670
-0.012386 -0.144946 0.416471
0.006955 -0.111397 0.382272
0.026297 -0.077848 0.348073
0.045638 -0.044300 0.313874
0.064980 -0.010751 0.279675
0.084322 0.022798 0.245476
0.103663 0.000813 0.211277
0.123005 -0.032736 0.177078
0.143077 -0.067551 0.141588
0.163148 -0.102367 0.106098
0.183220 -0.137182 0.070608
0.203292 -0.171997 0.035118
0.223364 -0.206812 -0.000372
0.243435 -0.241627 -0.035862
0.263507 -0.276443 -0.071352
0.283579 -0.311258 -0.106841
0.303651 -0.346074 -0.142331
0.323723 -0.380889 -0.177821
0.344499 -0.416926 -0.214557
0.365275 -0.452963 -0.251292
0.386051 -0.489001 -0.288028
0.406827 -0.474962 -0.324764
0.427603 -0.438925 -0.361499
0.448379 -0.402888 -0.398235
0.469155 -0.366850 -0.434970
0.489931 -0.330813 -0.471706
0.489293 -0.294776 -0.491559
0.468516 -0.258738 -0.454823
0.447059 -0.221519 -0.416883
0.425601 -0.184300 -0.378942
0.404143 -0.147081 -0.341002
0.382686 -0.109862 -0.303061
0.364810 -0.080663 -0.271749
0.379169 -0.123642 -0.300084
0.393528 -0.166620 -0.328419
0.407888 -0.209599 -0.356754
0.422247 -0.252578 -0.385089
0.436607 -0.295557 -0.413424
0.451408 -0.339858 -0.442632
0.466209 -0.384160 -0.471839
0.481011 -0.428461 -0.498954
0.495812 -0.472763 -0.469747
0.489387 -0.482936 -0.440540
0.474586 -0.438634 -0.411333
0.459784 -0.394333 -0.382125
0.444983 -0.350031 -0.352918
0.431237 -0.315500 -0.329825
0.421711 -0.320046 -0.331187
0.411909 -0.324725 -0.332588
0.402107 -0.329403 -0.333990
0.392305 -0.334081 -0.335392
0.382503 -0.338760 -0.336793
0.372701 -0.343438 -0.338195
0.362899 -0.348116 -0.339597
0.353097 -0.352795 -0.340998
0.343295 -0.357473 -0.342400
0.333493 -0.362152 -0.343801
0.323691 -0.366830 -0.345203
0.313621 -0.371636 -0.346643
0.303550 -0.376443 -0.348083
0.293480 -0.381250 -0.349523
0.283409 -0.386056 -0.350963
0.273339 -0.390863 -0.352403
0.263268 -0.395669 -0.353843
0.253198 -0.400476 -0.355283
0.243127 -0.405282 -0.356723
0.233057 -0.410089 -0.358163
0.222986 -0.414895 -0.359603
0.212654 -0.419827 -0.361081
0.202322 -0.424758 -0.362558
0.191990 -0.429689 -0.364035
0.181657 -0.434621 -0.365513
0.171325 -0.439552 -0.366990
0.160993 -0.444483 -0.368467
0.150661 -0.449415 -0.369945
0.140329 -0.454346 -0.371422
0.129997 -0.459278 -0.372899
0.119664 -0.464209 -0.374376
0.109077 -0.469262 -0.375890
0.098490 -0.474316 -0.377404
0.087903 -0.479369 -0.378918
0.077315 -0.484422 -0.380432
0.066728 -0.489475 -0.381946
0.056141 -0.494529 -0.383460
0.045554 -0.499582 -0.384974
0.034966 -0.495365 -0.386488
0.024379 -0.490311 -0.388002
0.013792 -0.485258 -0.389516
0.002955 -0.480086 -0.391065
-0.007881 -0.474914 -0.392615
-0.018717 -0.469742 -0.394164
-0.029554 -0.464569 -0.395714
-0.040390 -0.459397 -0.397263
-0.051227 -0.454225 -0.398813
-0.062063 -0.449053 -0.400362
-0.072900 -0.443881 -0.401911
-0.083736 -0.438708 -0.403461
-0.094572 -0.433536 -0.405010
-0.105652 -0.428248 -0.406595
-0.116732 -0.422959 -0.408179
-0.127812 -0.417671 -0.409763
-0.138892 -0.412383 -0.411347
-0.149972 -0.407094 -0.412932
-0.161052 -0.401806 -0.414516
-0.172132 -0.396517 -0.416100
-0.183212 -0.391229 -0.417685
-0.194292 -0.385940 -0.419269
-0.205372 -0.380652 -0.420853
-0.216690 -0.375250 -0.422471
-0.228008 -0.369848 -0.424090
-0.239327 -0.364446 -0.425708
-0.250645 -0.359044 -0.427326
-0.261963 -0.353642 -0.428944
-0.273282 -0.348240 -0.430563
-0.284600 -0.342838 -0.432181
-0.295918 -0.337436 -0.433799
-0.307237 -0.332034 -0.435418
-0.318555 -0.326632 -0.437036
-0.330107 -0.321119 -0.438687
-0.341658 -0.315605 -0.440339
-0.353210 -0.310092 -0.441991
-0.364762 -0.304579 -0.443642
-0.376313 -0.299065 -0.445294
-0.387865 -0.293552 -0.446946
-0.399417 -0.288038 -0.448597
-0.410968 -0.282525 -0.450249
-0.422520 -0.277011 -0.451901
-0.434072 -0.271498 -0.453552
-0.445852 -0.265876 -0.455237
-0.457633 -0.260253 -0.456921
-0.469413 -0.254631 -0.458606
-0.481194 -0.249008 -0.460290
-0.492975 -0.243385 -0.461974
-0.495245 -0.237763 -0.463659
-0.483464 -0.232140 -0.465343
-0.471684 -0.226517 -0.467028
-0.459903 -0.220895 -0.468712
-0.454420 -0.237018 -0.470296
-0.449545 -0.255911 -0.471898
-0.444670 -0.274804 -0.473501
-0.439795 -0.293697 -0.475103
-0.434921 -0.312589 -0.476706
-0.430046 -0.331482 -0.478308
-0.425171 -0.350375 -0.479910
-0.420296 -0.369268 -0.481513
-0.415422 -0.388161 -0.483115
-0.410547 -0.407054 -0.484718
-0.405672 -0.425947 -0.486320
-0.400708 -0.445186 -0.487952
-0.395743 -0.464426 -0.489584
-0.390779 -0.483665 -0.491215
-0.385814 -0.497095 -0.492847
-0.380850 -0.477856 -0.494479
-0.375885 -0.458616 -0.496110
-0.370921 -0.439377 -0.497742
-0.365956 -0.420137 -0.499374
-0.360992 -0.400898 -0.498995
-0.356027 -0.381658 -0.497363
-0.350975 -0.362079 -0.495702
-0.345923 -0.342499 -0.494042
-0.340871 -0.322919 -0.492381
-0.335819 -0.303339 -0.490721
-0.330767 -0.283759 -0.489060
-0.325715 -0.264179 -0.487399
-0.320663 -0.244600 -0.485739
-0.315611 -0.225020 -0.484078
-0.310559 -0.205440 -0.482418
-0.305506 -0.185860 -0.480757
-0.300368 -0.165945 -0.479068
-0.295229 -0.146030 -0.477379
-0.290091 -0.126116 -0.475689
-0.284952 -0.106201 -0.474000
-0.279814 -0.086286 -0.472311
-0.274675 -0.066372 -0.470622
-0.269537 -0.046457 -0.468933
-0.264398 -0.026542 -0.467243
-0.259260 -0.006628 -0.465554
-0.233711 -0.013038 -0.457632
-0.205434 -0.022527 -0.448876
-0.177157 -0.032017 -0.440119
-0.148880 -0.041506 -0.431362
-0.120603 -0.050995 -0.422605
-0.092326 -0.060485 -0.413848
-0.064049 -0.069974 -0.405091
-0.035772 -0.079464 -0.396335
-0.007495 -0.088953 -0.387578
0.020781 -0.098443 -0.378821
0.049058 -0.107932 -0.370064
0.077788 -0.117573 -0.361167
0.106517 -0.127215 -0.352270
0.135246 -0.136856 -0.343374
0.163976 -0.146497 -0.334477
0.192705 -0.156138 -0.325580
0.221434 -0.165779 -0.316683
0.250164 -0.175421 -0.307786
0.278893 -0.185062 -0.298889
0.307622 -0.194703 -0.289992
0.336352 -0.204344 -0.281095
0.365527 -0.214135 -0.272060
0.394701 -0.223926 -0.263026
0.423876 -0.233717 -0.253991
0.453051 -0.243507 -0.244956
0.482225 -0.253298 -0.235921
0.488600 -0.263089 -0.226886
0.459425 -0.272879 -0.217851
0.460810 -0.282814 -0.242121
0.465590 -0.292765 -0.270091
0.470371 -0.302716 -0.298061
0.475223 -0.312816 -0.326452
0.480075 -0.322916 -0.354843
0.484927 -0.333016 -0.383234
0.489779 -0.343117 -0.411625
0.494631 -0.353217 -0.440016
0.499483 -0.363317 -0.468406
0.495665 -0.373418 -0.496797
0.490812 -0.383518 -0.474812
0.485960 -0.393618 -0.446421
0.481108 -0.403719 -0.418030
0.476185 -0.413966 -0.389225
0.471263 -0.424214 -0.360420
0.466340 -0.434462 -0.331615
0.461417 -0.444710 -0.302809
0.456494 -0.454958 -0.274004
0.451572 -0.465206 -0.245199
0.446649 -0.475453 -0.216394
0.441726 -0.485701 -0.187589
0.436803 -0.495949 -0.158783
0.431881 -0.493803 -0.129978
0.426888 -0.483410 -0.100764
0.421895 -0.473017 -0.071550
0.416902 -0.462624 -0.042336
0.411910 -0.452231 -0.013123
0.406917 -0.441838 0.016091
0.401924 -0.431445 0.045305
0.396931 -0.421052 0.074519
0.391938 -0.410659 0.103733
0.386946 -0.400266 0.132947
0.381953 -0.389874 0.162161
0.376891 -0.379337 0.191778
0.371830 -0.368800 0.221394
0.366768 -0.358264 0.251011
0.361706 -0.347727 0.280628
0.356645 -0.337190 0.310245
0.351583 -0.326654 0.339862
0.346521 -0.316117 0.369479
0.341460 -0.305581 0.399096
0.336398 -0.295044 0.428713
0.331337 -0.284507 0.458330
0.326207 -0.273830 0.488344
0.321077 -0.263152 0.481641
0.315948 -0.252474 0.451627
0.310818 -0.241796 0.421612
0.305689 -0.231118 0.391598
0.300559 -0.220440 0.361583
0.295430 -0.209762 0.331569
0.290300 -0.199084 0.301554
0.285170 -0.188407 0.271540
0.280041 -0.177729 0.241525
0.274844 -0.166911 0.211118
0.269648 -0.156094 0.180712
0.264451 -0.145276 0.150305
0.259254 -0.134459 0.119898
0.254058 -0.123641 0.089491
0.248861 -0.112824 0.059085
0.243664 -0.102006 0.028678
0.238468 -0.091189 -0.001729
0.233271 -0.080371 -0.032136
0.228075 -0.069554 -0.062542
0.222812 -0.058598 -0.093337
0.217549 -0.047643 -0.124131
0.212286 -0.036688 -0.154925
0.207023 -0.025733 -0.185719
0.201761 -0.014777 -0.216513
0.196498 -0.003822 -0.247307
0.191235 0.007133 -0.278101
0.185972 0.018089 -0.308895
0.180709 0.029044 -0.339690
0.175447 0.039999 -0.370484
0.170118 0.051091 -0.401661
0.164790 0.062182 -0.432837
0.159462 0.073273 -0.464014
0.154134 0.084365 -0.495191
0.148806 0.095456 -0.473632
0.143477 0.106548 -0.442455
0.138149 0.117639 -0.411279
0.132821 0.128730 -0.380102
0.127493 0.139822 -0.348925
0.122165 0.150913 -0.317748
0.116772 0.162139 -0.286193
0.111379 0.173365 -0.254639
0.105986 0.184590 -0.223084
0.100594 0.195816 -0.191530
0.095201 0.207042 -0.159975
0.089808 0.218268 -0.128421
0.084415 0.229494 -0.096866
0.079023 0.240719 -0.065311
0.073630 0.251945 -0.033757
0.068237 0.263171 -0.002202
0.062781 0.274530 0.029726
0.057324 0.285888 0.061654
0.051868 0.297247 0.093582
0.046411 0.308605 0.125510
0.040954 0.319964 0.157438
0.035498 0.331323 0.189366
0.030041 0.342681 0.221294
0.024585 0.354040 0.253222
0.019128 0.365398 0.285150
0.013672 0.376757 0.317078
0.008152 0.388247 0.349375
0.002632 0.399737 0.381672
-0.002887 0.411227 0.413969
-0.008407 0.422717 0.446266
-0.013927 0.434207 0.478564
-0.019446 0.445697 0.489139
-0.024966 0.457187 0.456842
-0.030486 0.468677 0.424545
-0.036005 0.480167 0.392248
-0.041525 0.491657 0.359951
-0.047107 0.503277 0.327289
-0.052689 0.514896 0.294627
-0.058271 0.526516 0.261965
-0.063853 0.538136 0.229302
-0.069435 0.549756 0.196640
-0.075017 0.561376 0.163978
-0.080599 0.572996 0.131316
-0.086181 0.584616 0.098654
-0.091763 0.596236 0.065992
-0.097345 0.607856 0.033330
-0.102989 0.619604 0.000307
-0.108633 0.631352 -0.032716
-0.114277 0.643100 -0.065739
-0.119920 0.654848 -0.098762
-0.125564 0.666596 -0.131785
-0.131208 0.678344 -0.164808
-0.136851 0.690092 -0.197831
-0.142495 0.701840 -0.230855
-0.148139 0.713589 -0.263878
-0.153782 0.725337 -0.296901
-0.159487 0.737212 -0.330281
-0.165192 0.749087 -0.363661
-0.170897 0.760962 -0.397041
-0.176601 0.772837 -0.430421
-0.182306 0.784712 -0.463801
-0.188011 0.796587 -0.497181
-0.193716 0.808462 -0.469439
-0.199420 0.820337 -0.436059
-0.205125 0.832212 -0.402679
-0.210830 0.844087 -0.369298
-0.216595 0.856088 -0.335565
-0.222360 0.868089 -0.301832
-0.228125 0.880089 -0.268099
-0.233890 0.892090 -0.234365
-0.239656 0.904091 -0.200632
-0.245421 0.916092 -0.166899
-0.251186 0.928093 -0.133166
-0.256951 0.940093 -0.099432
-0.262716 0.952094 -0.065699
-0.268481 0.964095 -0.031966
-0.274305 0.976220 0.002117
-0.280130 0.988346 0.036200
-0.285955 1.000471 0.070283
-0.291780 1.012596 0.104365
-0.297605 1.024721 0.138448
-0.303430 1.036845 0.172531
-0.309255 1.048970 0.206614
-0.315080 1.061095 0.240697
-0.320904 1.073220 0.274780
-0.326729 1.085344 0.308862
-0.332613 1.097593 0.343291
-0.338497 1.109842 0.377720
-0.344381 1.122091 0.412149
-0.350265 1.134339 0.446578
-0.356149 1.146588 0.481007
-0.362032 1.158837 0.484565
-0.367916 1.171086 0.450136
-0.373800 1.183334 0.415707
-0.379684 1.195583 0.381278
-0.385568 1.207832 0.346849
-0.391511 1.220202 0.312078
-0.397453 1.232573 0.277306
-0.403396 1.244943 0.242535
-0.409338 1.257313 0.207763
-0.415281 1.269684 0.172992
-0.421223 1.282054 0.138220
-0.427166 1.294424 0.103449
-0.433109 1.306795 0.068677
-0.439051 1.319165 0.033906
-0.444994 1.331535 -0.000866
-0.450994 1.344026 -0.035976
-0.456995 1.356517 -0.071087
-0.462995 1.369008 -0.106198
-0.468995 1.381498 -0.141308
-0.474996 1.393989 -0.176419
-0.480996 1.406480 -0.211530
-0.486997 1.418971 -0.246641
-0.492997 1.431461 -0.281751
-0.498997 1.443952 -0.316862
-0.495002 1.456443 -0.351973
-0.488944 1.469053 -0.387419
-0.482886 1.481663 -0.422866
-0.476828 1.494273 -0.458312
-0.470771 1.506883 -0.493759
-0.464713 1.519493 -0.470794
-0.458655 1.532103 -0.435348
-0.452597 1.544713 -0.399901
-0.446539 1.557323 -0.364455
-0.440481 1.569933 -0.329008
-0.434423 1.582543 -0.293562
-0.428308 1.595272 -0.257782
-0.422193 1.608001 -0.222003
-0.416079 1.620730 -0.186223
-0.409964 1.633459 -0.150444
-0.403849 1.646188 -0.114664
-0.397734 1.635839 -0.078885
-0.391619 1.577760 -0.043105
-0.385504 1.562625 -0.007325
-0.379389 1.549896 0.028454
-0.373275 1.537167 0.064234
-0.367103 1.524321 0.100343
-0.360932 1.511475 0.136452
-0.354761 1.498629 0.172562
-0.348590 1.485783 0.208671
-0.342419 1.472937 0.244780
-0.336248 1.460091 0.280890
-0.330076 1.447245 0.316999
-0.323905 1.434399 0.353109
-0.317734 1.421553 0.389218
-0.311563 1.408707 0.425327
-0.305336 1.395744 0.461763
-0.299109 1.382782 0.498199
-0.292882 1.369819 0.465365
-0.286655 1.356856 0.428929
-0.280428 1.343893 0.392493
-0.274202 1.330930 0.356056
-0.267975 1.317967 0.319620
-0.261748 1.305005 0.283184
-0.255521 1.292042 0.246748
-0.249294 1.279079 0.210312
-0.243012 1.266002 0.173552
-0.236729 1.252924 0.136792
-0.230447 1.239847 0.100032
-0.224165 1.226770 0.063272
-0.217882 1.213693 0.026512
-0.211600 1.200615 -0.010248
-0.205318 1.187538 -0.047008
-0.199035 1.174461 -0.083768
-0.192753 1.161384 -0.120528
-0.186471 1.148306 -0.157288
-0.180133 1.135115 -0.194369
-0.173796 1.121923 -0.231450
-0.167459 1.108731 -0.268531
-0.161122 1.095540 -0.305612
-0.154785 1.082348 -0.342693
-0.148448 1.069156 -0.379774
-0.142110 1.055964 -0.416855
-0.135773 1.042773 -0.453935
-0.129436 1.029581 -0.491016
-0.123099 1.016389 -0.471903
-0.116707 1.003084 -0.434503
-0.110316 0.989779 -0.397104
-0.103924 0.976475 -0.359705
-0.097532 0.963170 -0.322306
-0.091141 0.949865 -0.284906
-0.084749 0.936560 -0.247507
-0.078358 0.923255 -0.210108
-0.071966 0.909950 -0.172708
-0.065574 0.896645 -0.135309
-0.059183 0.883340 -0.097910
-0.052737 0.869922 -0.060195
-0.046292 0.856505 -0.022480
-0.039846 0.843087 0.015235
-0.033400 0.829669 0.052950
-0.026955 0.816252 0.090665
-0.020509 0.802834 0.128380
-0.014064 0.789417 0.166095
-0.007618 0.775999 0.203810
-0.001173 0.762581 0.241525
0.005273 0.749164 0.279240
0.011772 0.735635 0.317268
0.018271 0.722106 0.355296
0.024770 0.708577 0.393324
0.031269 0.695048 0.431352
0.037768 0.681519 0.469380
0.044267 0.667989 0.492592
0.050766 0.654460 0.454564
0.057265 0.640931 0.416536
0.063765 0.627402 0.378508
0.070264 0.613873 0.340480
0.076816 0.600234 0.302141
0.083368 0.586595 0.263803
0.089920 0.572955 0.225465
0.096472 0.559316 0.187126
0.103024 0.545677 0.148788
0.109576 0.532037 0.110450
0.116128 0.518398 0.072111
0.122681 0.504759 0.033773
0.129233 0.491119 -0.004565
0.135785 0.477480 -0.042904
0.142389 0.463731 -0.081550
0.148994 0.449983 -0.120196
0.155599 0.436234 -0.158843
0.162204 0.422485 -0.197489
0.168809 0.408736 -0.236135
0.175413 0.394988 -0.274782
0.182018 0.381239 -0.313428
0.188623 0.367490 -0.352075
0.195228 0.353742 -0.390721
0.201833 0.339993 -0.429367
0.208490 0.326135 -0.468319
0.215146 0.312278 -0.492729
0.221803 0.298420 -0.453777
0.228460 0.284563 -0.414825
0.235117 0.270705 -0.375873
0.241774 0.256848 -0.336921
0.248431 0.242990 -0.297969
0.255088 0.229133 -0.259017
0.261745 0.215276 -0.220065
0.268402 0.201418 -0.181113
0.275111 0.187453 -0.141858
0.281820 0.173487 -0.102603
0.288528 0.159522 -0.063349
0.295237 0.145557 -0.024094
0.301946 0.131591 0.015161
0.308655 0.117626 0.054416
0.315364 0.103661 0.093671
0.322072 0.089695 0.132926
0.328781 0.075730 0.172181
0.335490 0.061765 0.211436
0.342250 0.047692 0.250992
0.349010 0.033620 0.290548
0.355770 0.019548 0.330103
0.362530 0.005475 0.369659
0.369290 -0.008597 0.409215
0.376050 -0.022669 0.448771
0.382810 -0.036742 0.488326
0.389571 -0.050814 0.472118
0.396331 -0.064886 0.432562
0.403091 -0.078959 0.393006
0.409902 -0.093137 0.353152
0.416713 -0.107316 0.313298
0.423525 -0.121494 0.273443
0.430336 -0.135673 0.233589
0.437147 -0.149851 0.193735
0.443959 -0.164030 0.153880
0.450770 -0.178209 0.114026
0.457581 -0.192387 0.074172
0.464393 -0.206566 0.034317
0.471204 -0.220744 -0.005537
0.478066 -0.235028 -0.045688
0.484927 -0.249312 -0.085838
0.491789 -0.263596 -0.125989
0.498651 -0.277880 -0.166139
0.494488 -0.292164 -0.206290
0.487626 -0.306448 -0.246441
0.480764 -0.320732 -0.286591
0.473903 -0.335016 -0.326742
0.467041 -0.349300 -0.366892
0.460179 -0.363584 -0.407043
0.453267 -0.377972 -0.447488
0.446355 -0.392361 -0.487932
0.439443 -0.406750 -0.471623
0.432531 -0.421138 -0.431178
0.425619 -0.435527 -0.390733
0.418707 -0.449915 -0.350289
0.411795 -0.464304 -0.309844
0.404883 -0.478692 -0.269399
0.397971 -0.493081 -0.228954
0.391059 -0.492530 -0.188510
0.384097 -0.478038 -0.147773
0.377135 -0.463545 -0.107036
0.370172 -0.449053 -0.066299
0.363210 -0.434560 -0.025563
0.356248 -0.420068 0.015174
0.349286 -0.405575 0.055911
0.342324 -0.391082 0.096648
0.335362 -0.376590 0.137385
0.328400 -0.362097 0.178121
0.321438 -0.347605 0.218858
0.314426 -0.333009 0.259885
0.307414 -0.318413 0.300912
0.300403 -0.303818 0.341938
0.293391 -0.289222 0.382965
0.286380 -0.274626 0.423992
0.279368 -0.260031 0.465019
0.272356 -0.245435 0.493954
0.265345 -0.230839 0.452928
0.258333 -0.216244 0.411901
0.251322 -0.201648 0.370874
0.244261 -0.186950 0.329559
0.237200 -0.172252 0.288245
0.230139 -0.157554 0.246930
0.223079 -0.142856 0.205615
0.216018 -0.128158 0.164301
0.208957 -0.113460 0.122986
0.201896 -0.098761 0.081672
0.194835 -0.084063 0.040357
0.187775 -0.069365 -0.000958
0.180714 -0.054667 -0.042272
0.173604 -0.039867 -0.083873
0.166495 -0.025068 -0.125474
0.159385 -0.010268 -0.167074
0.152275 0.004532 -0.208675
0.145166 0.019332 -0.250275
0.138056 0.034131 -0.291876
0.130946 0.048931 -0.333476
0.123837 0.063731 -0.375077
0.116727 0.078531 -0.416677
0.109618 0.093331 -0.458278
0.102459 0.108231 -0.499838
0.095301 0.123132 -0.457953
0.088143 0.138033 -0.416069
0.080985 0.152934 -0.374184
0.073827 0.167835 -0.332300
0.066669 0.182736 -0.290415
0.059511 0.197636 -0.248531
0.052352 0.212537 -0.206646
0.045194 0.227438 -0.164762
0.038036 0.242339 -0.122877
0.030830 0.257340 -0.080711
0.023623 0.272341 -0.038544
0.016417 0.287343 0.003622
0.009211 0.302344 0.045789
0.002004 0.317345 0.087955
-0.005202 0.332347 0.130122
-0.012408 0.347348 0.172289
-0.019615 0.362349 0.214455
-0.026821 0.377351 0.256622
-0.034028 0.392352 0.298788
-0.041282 0.407453 0.341235
-0.048536 0.422554 0.383682
-0.055790 0.437654 0.426129
-0.063045 0.452755 0.468576
-0.070299 0.467856 0.488977
-0.077553 0.482957 0.446530
-0.084807 0.498058 0.404084
-0.092062 0.513159 0.361637
-0.099316 0.528259 0.319190
-0.106570 0.543360 0.276743
-0.113872 0.558560 0.234018
-0.121174 0.573760 0.191293
-0.128476 0.588960 0.148568
-0.135777 0.604159 0.105843
-0.143079 0.619359 0.063118
-0.150381 0.634559 0.020392
-0.157683 0.649759 -0.022333
-0.164985 0.664958 -0.065058
-0.172287 0.680158 -0.107783
-0.179589 0.695358 -0.150508
-0.186938 0.710656 -0.193510
-0.194287 0.725954 -0.236511
-0.201636 0.741252 -0.279513
-0.208985 0.756551 -0.322515
-0.216334 0.771849 -0.365517
-0.223683 0.787147 -0.408518
-0.231032 0.802445 -0.451520
-0.238381 0.817743 -0.494522
-0.245731 0.833041 -0.462476
-0.253080 0.848339 -0.419475
-0.260476 0.863735 -0.376198
-0.267872 0.879131 -0.332922
-0.275268 0.894527 -0.289645
-0.282664 0.909923 -0.246368
-0.290060 0.925319 -0.203092
-0.297456 0.940715 -0.159816
-0.304852 0.956110 -0.116539
-0.312248 0.971506 -0.073263
-0.319644 0.986902 -0.029986
-0.327040 1.002298 0.013290
-0.334483 1.017792 0.056839
-0.341926 1.033285 0.100389
-0.349369 1.048779 0.143938
-0.356811 1.064273 0.187488
-0.364254 1.079766 0.231038
-0.371697 1.095260 0.274587
-0.379140 1.110754 0.318137
-0.386583 1.126247 0.361686
-0.394026 1.141741 0.405236
-0.401468 1.157234 0.448785
-0.408957 1.172825 0.492606
-0.416446 1.188415 0.463573
-0.423935 1.204005 0.419753
-0.431424 1.219595 0.375932
-0.438913 1.235185 0.332111
-0.446402 1.250776 0.288290
-0.453892 1.266366 0.244470
-0.461381 1.281956 0.200649
-0.468870 1.297546 0.156828
-0.476359 1.313136 0.113007
-0.483894 1.328822 0.068917
-0.491429 1.344507 0.024826
-0.498964 1.360193 -0.019264
-0.493501 1.375879 -0.063355
-0.485965 1.391564 -0.107445
-0.478430 1.407250 -0.151535
-0.470895 1.422935 -0.195626
-0.463360 1.438621 -0.239716
-0.455824 1.454306 -0.283807
-0.448289 1.469992 -0.327897
-0.440708 1.485773 -0.372256
-0.433127 1.501554 -0.416614
-0.425546 1.517335 -0.460972
-0.417965 1.533116 -0.494669
-0.410384 1.548897 -0.450311
-0.402803 1.564677 -0.405953
-0.395221 1.580458 -0.361594
-0.387640 1.596239 -0.317236
-0.380059 1.612020 -0.272877
-0.372478 1.627801 -0.228519
-0.364852 1.643677 -0.183894
-0.357225 1.659554 -0.139269
-0.349599 1.675430 -0.094644
-0.341972 1.691306 -0.050019
-0.334346 1.707183 -0.005394
-0.326720 1.723059 0.039231
-0.319093 1.738935 0.083856
-0.311467 1.754812 0.128481
-0.303840 1.770688 0.173106
-0.296214 1.786564 0.217731
-0.288542 1.802535 0.262620
-0.280870 1.818505 0.307510
-0.273199 1.834476 0.352400
-0.265527 1.850446 0.397290
-0.257855 1.866416 0.442179
-0.250184 1.882387 0.487069
-0.242512 1.898357 0.468041
-0.234840 1.914328 0.423151
-0.227169 1.930298 0.378262
-0.219497 1.946269 0.333372
-0.211780 1.962332 0.288219
-0.204063 1.978396 0.243066
-0.196347 1.994459 0.197913
-0.188630 2.010523 0.152759
-0.180913 2.026588 0.107606
-0.173196 2.042653 0.062453
-0.165480 2.058717 0.017300
-0.157763 2.074782 -0.027853
-0.150046 2.090847 -0.073006
-0.142330 2.106911 -0.118159
-0.134568 2.123069 -0.163574
-0.126807 2.139226 -0.208989
-0.119045 2.155384 -0.254403
-0.111284 2.171542 -0.299818
-0.103522 2.187699 -0.345233
-0.095761 2.203857 -0.390648
-0.087999 2.220015 -0.436063
-0.080238 2.236172 -0.481478
-0.072476 2.252330 -0.473107
-0.064715 2.268487 -0.427693
-0.056909 2.284736 -0.382018
-0.049103 2.300984 -0.336342
-0.041297 2.317232 -0.290667
-0.033491 2.333480 -0.244992
-0.025685 2.349729 -0.199317
-0.017879 2.365977 -0.153642
-0.010073 2.382225 -0.107967
-0.002267 2.398473 -0.062292
0.005539 2.414721 -0.016617
0.013345 2.430970 0.029058
0.021195 2.447311 0.074992
0.029045 2.463652 0.120926
0.036895 2.479993 0.166860
0.044746 2.496335 0.212793
0.052596 2.512676 0.258727
0.060446 2.529017 0.304661
0.068296 2.545358 0.350595
0.076146 2.561699 0.396528
0.083997 2.578041 0.442462
0.091847 2.594382 0.488396
0.099741 2.610814 0.465413
0.107635 2.627245 0.419222
0.115529 2.643677 0.373030
0.123424 2.660109 0.326839
0.131318 2.676541 0.280648
0.139212 2.692973 0.234457
0.147106 2.709404 0.188266
0.155000 2.725836 0.142074
0.162895 2.742268 0.095883
0.170789 2.758700 0.049692
0.178727 2.775225 0.003245
0.186665 2.791749 -0.043202
0.194602 2.808274 -0.089649
0.202540 2.824799 -0.136096
0.210478 2.841324 -0.182543
0.218416 2.857849 -0.228991
0.226354 2.874373 -0.275438
0.234292 2.890898 -0.321885
0.242229 2.907423 -0.368332
0.250167 2.923948 -0.414779
0.258149 2.940563 -0.461481
0.266130 2.957179 -0.491817
0.274111 2.973794 -0.445116
0.282093 2.990409 -0.398414
0.290074 3.007025 -0.351712
0.298055 3.023640 -0.305010
0.306037 3.040256 -0.258309
0.314018 3.056871 -0.211607
0.322000 3.073486 -0.164905
0.329981 3.090102 -0.118204
0.338005 3.106805 -0.071249
0.346030 3.123509 -0.024294
0.354055 3.140213 0.022660
0.362079 3.156916 0.069615
0.370104 3.173620 0.116570
0.378128 3.190323 0.163525
0.386153 3.207027 0.210479
0.394177 3.223731 0.257434
0.402202 3.240434 0.304389
0.410227 3.257138 0.351344
0.418294 3.273932 0.398550
0.426362 3.290726 0.445757
0.434430 3.307520 0.492963
0.442498 3.324315 0.459830
0.450566 3.341109 0.412624
0.458633 3.357903 0.365417
0.466701 3.374697 0.318210
0.474769 3.391491 0.271004
0.482837 3.408286 0.223797
0.490905 3.425080 0.176591
0.499015 3.441962 0.129134
0.492875 3.439967 0.081677
0.484764 3.421446 0.034220
0.476654 3.404563 -0.013237
0.468543 3.387681 -0.060694
0.460433 3.370798 -0.108151
0.452323 3.353916 -0.155608
0.444212 3.337034 -0.203065
0.436102 3.320151 -0.250521
0.427991 3.303269 -0.297978
0.419838 3.286296 -0.345684
0.411685 3.269323 -0.393391
0.403532 3.252350 -0.441097
0.395379 3.235377 -0.488803
0.387226 3.218404 -0.463491
0.379073 3.201431 -0.415785
0.370920 3.184458 -0.368079
0.362767 3.167485 -0.320373
0.354614 3.150512 -0.272667
0.346461 3.133538 -0.224961
0.338266 3.116480 -0.177007
0.330071 3.099421 -0.129053
0.321875 3.082362 -0.081099
0.313680 3.065303 -0.033145
0.305485 3.048244 0.014808
0.297289 3.031185 0.062762
0.289094 3.014127 0.110716
0.280899 2.997068 0.158670
0.272703 2.980009 0.206624
0.264508 2.962950 0.254578
0.256270 2.945803 0.302778
0.248033 2.928656 0.350979
0.239795 2.911509 0.399179
0.231558 2.894362 0.447380
0.223320 2.877215 0.495580
0.215083 2.860068 0.456219
0.206845 2.842921 0.408019
0.198607 2.825773 0.359818
0.190370 2.808626 0.311618
0.182132 2.791479 0.263417
0.173853 2.774244 0.214972
0.165573 2.757009 0.166526
0.157294 2.739774 0.118080
0.149014 2.722538 0.069634
0.140735 2.705303 0.021189
0.132455 2.688068 -0.027257
0.124176 2.670832 -0.075703
0.115896 2.653597 -0.124148
0.107617 2.636362 -0.172594
0.099337 2.619127 -0.221040
0.091016 2.601805 -0.269730
0.082695 2.584484 -0.318420
0.074374 2.567163 -0.367110
0.066053 2.549842 -0.415799
0.057731 2.532521 -0.464489
0.049410 2.515200 -0.486821
0.041089 2.497879 -0.438131
0.032768 2.480558 -0.389441
0.024447 2.463237 -0.340751
0.016126 2.445915 -0.292062
0.007763 2.428506 -0.243129
-0.017652 2.431001 -0.196049
-0.082855 2.479939 -0.153291
-0.148058 2.528877 -0.110534
-0.213261 2.577814 -0.067776
-0.278464 2.626752 -0.025018
-0.343667 2.675690 0.017739
-0.408870 2.724628 0.060497
-0.474073 2.773566 0.103254
