0.150893 -0.355030 0.051822
0.149373 -0.355452 0.077594
0.147854 -0.355874 0.103366
0.146335 -0.356296 0.129137
0.144816 -0.356718 0.154909
0.143297 -0.357140 0.180681
0.141778 -0.357562 0.206453
0.140258 -0.357984 0.232224
0.138739 -0.358406 0.257996
0.137220 -0.358828 0.283767
0.135701 -0.364531 0.309539
0.133840 -0.372817 0.341103
0.129728 -0.396463 0.370909
0.116480 -0.432139 0.371208
0.094661 -0.448981 0.342438
0.072842 -0.455785 0.313668
0.051023 -0.462382 0.284898
0.029203 -0.468980 0.256128
0.007384 -0.475577 0.227358
-0.014435 -0.482174 0.198588
-0.036255 -0.488772 0.169818
-0.061449 -0.496390 0.136598
-0.086644 -0.495993 0.103377
-0.106777 -0.489879 0.076785
-0.081356 -0.497298 0.109850
-0.055935 -0.495283 0.142914
-0.030514 -0.487863 0.175979
-0.005093 -0.480444 0.209044
0.020329 -0.473025 0.242109
0.045750 -0.465606 0.275174
0.071171 -0.458186 0.308238
0.088817 -0.442233 0.311823
0.095686 -0.418621 0.282024
0.102555 -0.395009 0.252225
0.109424 -0.371397 0.222427
0.116293 -0.347786 0.192628
0.123163 -0.324174 0.162829
0.130032 -0.300562 0.133031
0.136901 -0.307580 0.103232
0.143770 -0.331192 0.073433
0.150639 -0.354804 0.043635
0.158164 -0.380669 0.010992
0.165689 -0.406535 -0.021651
0.173214 -0.432400 -0.054294
0.180738 -0.458265 -0.086936
0.188263 -0.484131 -0.119579
0.195788 -0.490004 -0.152222
0.203313 -0.464138 -0.184865
0.210838 -0.438273 -0.217507
0.218362 -0.412407 -0.250150
0.225887 -0.386542 -0.282793
0.234015 -0.358604 -0.318051
0.242142 -0.330667 -0.353310
0.250270 -0.302729 -0.388568
0.258398 -0.274792 -0.423826
0.266526 -0.246854 -0.459084
0.274653 -0.218916 -0.494342
0.282781 -0.213898 -0.470399
0.290909 -0.241836 -0.435141
0.299036 -0.269774 -0.399883
0.307164 -0.297711 -0.364625
0.315853 -0.327578 -0.326932
0.324542 -0.357445 -0.289239
0.333231 -0.387311 -0.251546
0.341919 -0.417178 -0.213854
0.350608 -0.447045 -0.176161
0.359297 -0.476912 -0.138468
0.367986 -0.493222 -0.100776
0.376675 -0.463355 -0.063083
0.385364 -0.433488 -0.025390
0.394053 -0.403622 0.012302
0.403269 -0.371943 0.052281
0.412485 -0.340265 0.092260
0.421701 -0.308587 0.132239
0.430917 -0.276908 0.172218
0.440133 -0.245230 0.212198
0.449349 -0.213551 0.252177
0.458565 -0.181873 0.292156
0.467781 -0.150195 0.332135
0.476997 -0.174308 0.372114
0.486213 -0.205986 0.412094
0.495928 -0.239378 0.454235
0.494357 -0.272770 0.496377
0.484643 -0.306162 0.461481
0.474928 -0.339554 0.419340
0.465213 -0.372946 0.377198
0.455499 -0.406338 0.335056
0.445784 -0.439730 0.292915
0.436069 -0.473122 0.250773
0.426355 -0.493486 0.208631
0.416640 -0.460094 0.166490
0.406451 -0.425072 0.122291
0.396262 -0.390050 0.078093
0.386074 -0.355028 0.033894
0.375885 -0.320006 -0.010304
0.365696 -0.284984 -0.054503
0.355507 -0.249962 -0.098702
0.345318 -0.214941 -0.142900
0.335129 -0.179919 -0.187099
0.324941 -0.144897 -0.231297
0.314752 -0.109875 -0.275496
0.304110 -0.073296 -0.321659
0.293468 -0.036717 -0.367823
0.282826 -0.053698 -0.413987
0.272185 -0.090277 -0.460151
0.261543 -0.126856 -0.493685
0.250901 -0.163435 -0.447522
0.240259 -0.200014 -0.401358
0.229618 -0.236593 -0.355194
0.218976 -0.273172 -0.309030
0.208334 -0.309751 -0.262866
0.197258 -0.347824 -0.214818
0.186182 -0.385897 -0.166769
0.175105 -0.423970 -0.118720
0.164029 -0.462042 -0.070671
0.152953 -0.499885 -0.022622
0.141876 -0.461812 0.025427
0.130800 -0.423739 0.073476
0.119724 -0.385667 0.121525
0.108647 -0.347594 0.169574
0.097571 -0.309521 0.217623
0.086077 -0.270011 0.267485
0.074582 -0.230501 0.317348
0.063088 -0.190992 0.367210
0.051594 -0.151482 0.417073
0.040099 -0.111972 0.466935
0.028605 -0.072462 0.483202
0.017110 -0.032952 0.433339
0.005616 0.006558 0.383477
-0.005878 0.027403 0.333614
-0.017373 -0.012107 0.283752
-0.029270 -0.053004 0.232139
-0.041168 -0.093901 0.180526
-0.053066 -0.134797 0.128913
-0.064964 -0.175694 0.077301
-0.076862 -0.216590 0.025688
-0.088760 -0.257487 -0.025925
-0.100657 -0.298383 -0.077538
-0.112555 -0.339280 -0.129150
-0.124453 -0.380176 -0.180763
-0.136351 -0.421073 -0.232376
-0.148639 -0.463311 -0.285681
-0.160927 -0.494451 -0.338987
-0.173215 -0.452213 -0.392292
-0.185503 -0.409975 -0.445597
-0.197791 -0.367737 -0.498902
-0.210079 -0.325500 -0.447792
-0.222366 -0.283262 -0.394487
-0.234654 -0.241024 -0.341181
-0.246942 -0.198786 -0.287876
-0.259230 -0.156548 -0.234571
-0.271897 -0.113010 -0.179625
-0.284563 -0.069473 -0.124679
-0.297229 -0.025935 -0.069733
-0.309896 0.017603 -0.014787
-0.322562 0.061141 0.040159
-0.335228 0.104678 0.095105
-0.347894 0.110318 0.150051
-0.341641 0.108036 0.141618
-0.316467 0.096660 0.069806
-0.291292 0.057687 -0.002005
-0.265389 0.017584 -0.075899
-0.239485 -0.022519 -0.149793
-0.213581 -0.062622 -0.223687
-0.187677 -0.102724 -0.297580
-0.161773 -0.142827 -0.371474
-0.135869 -0.182930 -0.445368
-0.109965 -0.223033 -0.480739
-0.084061 -0.263136 -0.406845
-0.058157 -0.303238 -0.332951
-0.032253 -0.343341 -0.259058
-0.005640 -0.384543 -0.183139
0.020974 -0.425745 -0.107221
0.016495 -0.384619 -0.127168
0.008560 -0.334346 -0.157767
0.000626 -0.284073 -0.188366
-0.007308 -0.233800 -0.218966
-0.015243 -0.183527 -0.249565
-0.023177 -0.133255 -0.280164
-0.031112 -0.082982 -0.310763
-0.039046 -0.032709 -0.341363
-0.047186 0.018870 -0.372757
-0.055327 0.070449 -0.404151
-0.063467 0.122028 -0.435545
-0.071608 0.173607 -0.466939
-0.079748 0.225186 -0.498333
-0.087889 0.211380 -0.470273
-0.096029 0.159802 -0.438879
-0.104170 0.108223 -0.407485
-0.112311 0.056644 -0.376091
-0.120451 0.005065 -0.344697
-0.128793 -0.047788 -0.312527
-0.137134 -0.100640 -0.280358
-0.153803 -0.076095 -0.245649
-0.174041 -0.018379 -0.209852
-0.194279 0.039337 -0.174055
-0.214517 0.097054 -0.138258
-0.234755 0.154770 -0.102461
-0.254993 0.212486 -0.066664
-0.275231 0.270202 -0.030867
-0.295469 0.327918 0.004930
-0.316183 0.386993 0.041569
-0.336897 0.351199 0.078208
-0.357611 0.292125 0.114848
-0.358624 0.295624 0.100429
-0.346503 0.340838 0.051971
-0.334382 0.386052 0.003513
-0.322262 0.381575 -0.044945
-0.310141 0.336361 -0.093403
-0.298020 0.291147 -0.141861
-0.285899 0.245933 -0.190319
-0.273506 0.199703 -0.239866
-0.261112 0.153473 -0.289413
-0.248719 0.107243 -0.338960
-0.236326 0.061013 -0.388507
-0.223932 0.014783 -0.438054
-0.211539 -0.031447 -0.487601
-0.199146 -0.077677 -0.462852
-0.186752 -0.123907 -0.413306
-0.174359 -0.170137 -0.363759
-0.161966 -0.216367 -0.314212
-0.149306 -0.263592 -0.263599
-0.136646 -0.310816 -0.212986
-0.123986 -0.358041 -0.162374
-0.111326 -0.405265 -0.111761
-0.098667 -0.452490 -0.061148
-0.086007 -0.499714 -0.010536
-0.073347 -0.453062 0.040077
-0.060687 -0.405837 0.090690
-0.048027 -0.358613 0.141302
-0.035367 -0.311388 0.191915
-0.022446 -0.263190 0.243572
-0.009525 -0.214992 0.295228
0.003396 -0.166794 0.346884
0.016317 -0.118596 0.398541
0.029238 -0.070398 0.450197
0.042159 -0.022199 0.498147
0.055080 0.025999 0.446490
0.068001 0.074197 0.394834
0.080922 0.122395 0.343178
0.093843 0.170593 0.291521
0.107019 0.219746 0.238842
0.120196 0.268899 0.186163
0.133373 0.318051 0.133483
0.146550 0.367204 0.080804
0.159727 0.416357 0.028125
0.172904 0.465509 -0.024555
0.186080 0.514662 -0.077234
0.199257 0.563815 -0.129913
0.212434 0.541291 -0.182593
0.225611 0.492138 -0.235272
0.239039 0.442049 -0.288955
0.252466 0.391960 -0.342638
0.265894 0.341871 -0.396321
0.279322 0.291782 -0.450004
0.292750 0.241693 -0.496313
0.306177 0.191603 -0.442631
0.319605 0.141514 -0.388948
0.333033 0.091425 -0.335265
0.346461 0.041336 -0.281582
0.359888 -0.008753 -0.227899
0.373563 -0.059761 -0.173231
0.387237 -0.110769 -0.118563
0.400911 -0.161777 -0.063895
0.414585 -0.212785 -0.009227
0.428259 -0.263793 0.045441
0.441934 -0.314802 0.100108
0.455608 -0.365810 0.154776
0.469282 -0.416818 0.209444
0.482956 -0.467826 0.264112
0.496630 -0.481166 0.318780
0.489453 -0.429255 0.374416
0.475537 -0.377344 0.430051
0.461621 -0.325433 0.485687
0.447705 -0.273522 0.458678
0.433789 -0.221611 0.403042
0.419872 -0.169700 0.347407
0.405956 -0.117789 0.291771
0.392040 -0.065878 0.236135
0.378124 -0.013967 0.180500
0.364208 0.037944 0.124864
0.350053 0.090742 0.068278
0.335899 0.143541 0.011691
0.321745 0.196339 -0.044896
0.307590 0.249137 -0.101482
0.293436 0.301936 -0.158069
0.279282 0.354734 -0.214656
0.265127 0.407533 -0.271242
0.250973 0.460331 -0.327829
0.236819 0.513129 -0.384416
0.222665 0.565928 -0.441002
0.208277 0.619599 -0.498524
0.193889 0.673270 -0.443954
0.179500 0.726941 -0.386432
0.165112 0.780612 -0.328910
0.150724 0.834283 -0.271388
0.136336 0.805239 -0.213866
0.121948 0.751568 -0.156344
0.107560 0.697897 -0.098821
0.093172 0.644226 -0.041299
0.078783 0.590555 0.016223
0.064165 0.536025 0.074665
0.049547 0.481495 0.133108
0.034928 0.426965 0.191550
0.020310 0.372435 0.249993
0.005691 0.317905 0.308435
-0.008927 0.263375 0.366877
-0.023545 0.208845 0.425320
-0.038164 0.154315 0.483762
-0.052782 0.099785 0.457796
-0.067401 0.045255 0.399353
-0.082246 -0.010120 0.340005
-0.097091 -0.065496 0.280656
-0.111936 -0.120871 0.221307
-0.126781 -0.176247 0.161959
-0.141626 -0.231622 0.102610
-0.156471 -0.286998 0.043262
-0.171316 -0.342373 -0.016087
-0.186161 -0.397749 -0.075436
-0.201006 -0.453124 -0.134784
-0.215851 -0.491501 -0.194133
-0.230919 -0.435292 -0.254374
-0.245987 -0.379084 -0.314615
-0.261056 -0.322875 -0.374856
-0.276124 -0.266667 -0.435098
-0.291193 -0.210459 -0.495339
-0.306261 -0.154251 -0.444420
-0.321329 -0.098042 -0.384179
-0.336398 -0.041834 -0.323938
-0.351466 0.014374 -0.263696
-0.366534 0.070582 -0.203455
-0.381823 0.127611 -0.142335
-0.397111 0.184640 -0.081214
-0.412399 0.241669 -0.020094
-0.427687 0.298698 0.041027
-0.442976 0.355726 0.102148
-0.458264 0.412755 0.163268
-0.473552 0.469784 0.224389
-0.488841 0.526813 0.285509
-0.495871 0.583841 0.346630
-0.480583 0.640870 0.407751
-0.465078 0.698708 0.469738
-0.449572 0.756546 0.468274
-0.434067 0.814384 0.406287
-0.418562 0.872222 0.344299
-0.403057 0.930060 0.282311
-0.387551 0.903291 0.220324
-0.372046 0.845453 0.158336
-0.356541 0.787615 0.096348
-0.341036 0.729777 0.034361
-0.325530 0.671939 -0.027627
-0.309811 0.613303 -0.090469
-0.294092 0.554668 -0.153312
-0.278373 0.496032 -0.216155
-0.262655 0.437397 -0.278997
-0.246936 0.378762 -0.341840
-0.231216 0.320126 -0.404683
-0.215497 0.261491 -0.467525
-0.199778 0.202855 -0.469632
-0.184059 0.144219 -0.406789
-0.168340 0.085584 -0.343947
-0.152410 0.026161 -0.280261
-0.136480 -0.033262 -0.216574
-0.120550 -0.092684 -0.152888
-0.104620 -0.152107 -0.089202
-0.088690 -0.211530 -0.025516
-0.072760 -0.270952 0.038170
-0.056830 -0.330375 0.101857
-0.040900 -0.389798 0.165543
-0.024970 -0.449220 0.229229
-0.009040 -0.491357 0.292915
0.007099 -0.431158 0.357434
0.023237 -0.370958 0.421953
0.039375 -0.310759 0.486471
0.055513 -0.250559 0.449010
0.071652 -0.190360 0.384491
0.087790 -0.130160 0.319972
0.103928 -0.069961 0.255454
0.120066 -0.009761 0.190935
0.136205 0.050438 0.126416
0.152343 0.110638 0.061897
0.168687 0.171604 -0.003443
0.185031 0.232571 -0.068784
0.201375 0.293537 -0.134125
0.217719 0.354503 -0.199465
0.234062 0.415469 -0.264806
0.250406 0.476436 -0.330147
0.266750 0.537402 -0.395487
0.283094 0.598369 -0.460828
0.299438 0.659336 -0.473831
0.315782 0.720302 -0.408490
0.332329 0.782026 -0.342338
0.348876 0.843749 -0.276185
0.365422 0.905473 -0.210033
0.381969 0.967197 -0.143881
0.398516 0.999683 -0.077728
0.415063 0.937960 -0.011576
0.431610 0.876236 0.054576
0.448157 0.814513 0.120729
0.464703 0.752789 0.186881
0.481250 0.691065 0.253034
0.497998 0.628593 0.319988
0.485255 0.566121 0.386942
0.468507 0.503649 0.453896
0.451760 0.441177 0.479150
0.435013 0.378705 0.412195
0.418265 0.316233 0.345241
0.401518 0.253761 0.278287
0.384770 0.191289 0.211333
0.368023 0.128817 0.144379
0.351276 0.066345 0.077424
0.334330 0.003134 0.009678
0.317384 -0.060077 -0.058069
0.300439 -0.123289 -0.125815
0.283493 -0.186500 -0.193562
0.266548 -0.249711 -0.261309
0.249602 -0.312923 -0.329055
0.232656 -0.376134 -0.396802
0.215710 -0.439345 -0.464549
0.198765 -0.497443 -0.467705
0.181819 -0.434232 -0.399958
0.164677 -0.370290 -0.331428
0.147536 -0.306348 -0.262898
0.130394 -0.242406 -0.194368
0.113253 -0.178464 -0.125839
0.096111 -0.114522 -0.057309
0.078969 -0.050580 0.011221
0.061828 0.013362 0.079751
0.044686 0.077304 0.148281
0.027545 0.141247 0.216811
0.010403 0.205189 0.285340
-0.006932 0.269853 0.354645
-0.000354 0.291711 0.383881
0.042096 0.249358 0.353016
0.084545 0.207005 0.322151
0.126994 0.164652 0.291286
0.169444 0.122299 0.260421
0.211893 0.079946 0.229556
0.254343 0.037594 0.198691
0.296792 -0.004759 0.167826
0.339241 -0.047112 0.136961
0.382159 -0.089933 0.105755
0.425078 -0.132754 0.074549
0.467996 -0.175575 0.043343
0.439065 -0.148852 0.057137
0.392173 -0.104744 0.082181
0.345280 -0.060636 0.107226
0.298387 -0.016528 0.132270
0.251494 0.027581 0.157314
0.204602 0.071689 0.182358
0.157709 0.115797 0.207403
0.110310 0.160382 0.232718
0.062910 0.204967 0.258033
0.015510 0.249552 0.283348
-0.031889 0.294137 0.308663
-0.079289 0.338722 0.333978
-0.126688 0.383308 0.359293
-0.174088 0.427893 0.384608
-0.221488 0.472478 0.409923
-0.268887 0.517063 0.435237
-0.316287 0.561648 0.460552
-0.364188 0.606705 0.486135
-0.412089 0.651762 0.488282
-0.459991 0.696819 0.462699
-0.492108 0.741876 0.437116
-0.444207 0.786933 0.411533
-0.396306 0.831990 0.385950
-0.348404 0.877046 0.360367
-0.300503 0.922103 0.334784
-0.252602 0.967160 0.309201
-0.204700 1.012217 0.283618
-0.156303 1.057741 0.257770
-0.107905 1.103264 0.231922
-0.059508 1.148788 0.206074
-0.011110 1.194312 0.180226
0.037288 1.239835 0.154378
0.085685 1.285359 0.128530
0.134083 1.330883 0.102682
0.182481 1.376406 0.076834
0.230878 1.421930 0.050986
0.279276 1.467454 0.025138
0.328165 1.481701 -0.000972
0.377054 1.435715 -0.027083
0.425942 1.389729 -0.053193
0.474831 1.343743 -0.079304
0.476280 1.297757 -0.105414
0.427391 1.251770 -0.131525
0.378502 1.205784 -0.157635
0.329613 1.159798 -0.183745
0.280724 1.113812 -0.209856
0.231835 1.067826 -0.235966
0.182460 1.021382 -0.262337
0.133084 0.974938 -0.288707
0.083709 0.928495 -0.315077
0.134481 0.975661 -0.284572
0.185252 1.022828 -0.254068
0.236024 1.069994 -0.223563
0.286796 1.117160 -0.193058
0.337568 1.164327 -0.162553
0.388340 1.211493 -0.132049
0.439112 1.258659 -0.101544
0.490379 1.306286 -0.070742
0.458354 1.353912 -0.039939
0.407087 1.401539 -0.009137
0.355820 1.449165 0.021665
0.304553 1.496792 0.052468
0.253286 1.544418 0.083270
0.202018 1.592045 0.114072
0.150751 1.587016 0.144875
0.099484 1.539389 0.175677
0.048217 1.491763 0.206480
-0.003541 1.443681 0.237577
-0.055298 1.395599 0.268674
-0.107056 1.347517 0.299771
-0.158814 1.299435 0.330868
-0.210572 1.251354 0.361965
-0.262329 1.203272 0.393063
-0.314087 1.155190 0.424160
-0.365845 1.107108 0.455257
-0.417602 1.059026 0.486354
-0.469360 1.010944 0.482548
-0.478396 0.962410 0.451159
-0.426152 0.913877 0.419770
-0.373909 0.865343 0.388381
-0.321665 0.816809 0.356992
-0.269421 0.768276 0.325603
-0.217177 0.719742 0.294214
-0.164934 0.671208 0.262825
-0.112690 0.622675 0.231436
-0.060446 0.574141 0.200047
-0.008202 0.525607 0.168658
0.044523 0.476626 0.136980
0.097248 0.427645 0.105301
0.149973 0.378663 0.073623
0.202699 0.329682 0.041945
0.255424 0.280701 0.010266
0.308149 0.231719 -0.021412
0.360875 0.182738 -0.053091
0.413600 0.133757 -0.084769
0.466325 0.084776 -0.116447
0.480949 0.035794 -0.148126
0.427747 -0.013630 -0.180091
0.374544 -0.063055 -0.212056
0.321342 -0.112479 -0.244021
0.268139 -0.161904 -0.275986
0.214937 -0.211329 -0.307951
0.161734 -0.260753 -0.339916
0.108532 -0.310178 -0.371881
0.055330 -0.359602 -0.403846
0.002127 -0.409027 -0.435811
-0.051075 -0.458451 -0.467777
-0.104751 -0.491685 -0.499974
-0.158426 -0.441821 -0.467725
-0.212101 -0.391958 -0.435476
-0.265777 -0.342094 -0.403227
-0.319452 -0.292230 -0.370978
-0.373128 -0.242366 -0.338729
-0.426803 -0.192502 -0.306480
-0.480478 -0.142639 -0.274231
-0.465846 -0.092775 -0.241982
-0.412171 -0.042911 -0.209732
-0.358026 0.007389 -0.177201
-0.303882 0.057688 -0.144671
-0.249738 0.107987 -0.112140
-0.195594 0.158287 -0.079609
-0.141450 0.208586 -0.047078
-0.087305 0.258886 -0.014547
-0.033161 0.309185 0.017984
0.020983 0.359485 0.050515
0.075127 0.409784 0.083046
0.129271 0.460084 0.115576
0.183880 0.510815 0.148387
0.238489 0.561546 0.181197
0.293098 0.612278 0.214007
0.347707 0.663009 0.246817
0.402315 0.713740 0.279627
0.456924 0.764471 0.312437
0.488467 0.815203 0.345247
0.433858 0.865934 0.378057
0.379249 0.916665 0.410867
0.324640 0.967397 0.443677
0.269571 1.018556 0.476764
0.214501 1.069716 0.490149
0.159431 1.120876 0.457062
0.104361 1.172036 0.423975
0.049292 1.223196 0.390888
-0.005778 1.274355 0.357800
-0.060848 1.325515 0.324713
-0.115918 1.376675 0.291626
-0.170987 1.427835 0.258539
-0.226057 1.478995 0.225452
-0.281584 1.530579 0.192090
-0.337111 1.582163 0.158729
-0.392638 1.633748 0.125367
-0.448164 1.685332 0.092006
-0.496309 1.736916 0.058644
-0.440782 1.788500 0.025282
-0.385255 1.840085 -0.008079
-0.329729 1.868418 -0.041441
-0.274202 1.816834 -0.074802
-0.218675 1.765250 -0.108164
-0.162695 1.713245 -0.141798
-0.106715 1.661240 -0.175432
-0.050735 1.609235 -0.209066
0.005245 1.557230 -0.242699
0.061225 1.505224 -0.276333
0.117205 1.453219 -0.309967
0.173185 1.401214 -0.343601
0.229165 1.349209 -0.377235
0.285145 1.297204 -0.410869
0.341126 1.245199 -0.444503
0.397555 1.192777 -0.478408
0.453985 1.140355 -0.487688
0.489585 1.087932 -0.453784
0.433155 1.035510 -0.419880
0.376725 0.983088 -0.385976
0.320296 0.930665 -0.352072
0.263866 0.878242 -0.318168
0.207436 0.825819 -0.284264
0.151006 0.773396 -0.250360
0.094577 0.720973 -0.216456
0.037701 0.668136 -0.182284
-0.019175 0.615299 -0.148112
-0.076051 0.562462 -0.113940
-0.132926 0.509625 -0.079768
-0.189802 0.456787 -0.045596
-0.246678 0.403950 -0.011424
-0.303554 0.351113 0.022748
-0.360429 0.298276 0.056920
-0.417305 0.245439 0.091093
-0.474180 0.192602 0.125265
-0.468501 0.139354 0.159703
-0.411182 0.086105 0.194141
-0.353864 0.032857 0.228579
-0.296545 -0.020391 0.263017
-0.239227 -0.073639 0.297455
-0.181909 -0.126888 0.331893
-0.124590 -0.180136 0.366331
-0.067272 -0.233384 0.400769
-0.009954 -0.286633 0.435207
0.047365 -0.339881 0.469645
0.105122 -0.393537 0.495653
0.162880 -0.447194 0.460951
0.220638 -0.499150 0.426249
0.278395 -0.445493 0.391547
0.336153 -0.391837 0.356846
0.393910 -0.338181 0.322144
0.451668 -0.284524 0.287442
0.490575 -0.230868 0.252740
0.432817 -0.177212 0.218038
0.375060 -0.123555 0.183336
0.316866 -0.069494 0.148372
0.258673 -0.015433 0.113409
0.200479 0.038628 0.078445
0.142286 0.092690 0.043481
0.084092 0.146751 0.008517
0.025899 0.200812 -0.026447
-0.032295 0.254873 -0.061411
-0.090488 0.308935 -0.096375
-0.148682 0.362996 -0.131338
-0.206875 0.417057 -0.166302
-0.265502 0.471520 -0.201526
-0.324128 0.525983 -0.236750
-0.382754 0.580446 -0.271974
-0.441380 0.634909 -0.307197
-0.499993 0.689373 -0.342421
-0.441367 0.743836 -0.377645
-0.382741 0.798299 -0.412868
-0.324115 0.852762 -0.448092
-0.265488 0.907225 -0.483316
-0.206862 0.961688 -0.481461
-0.147807 1.016551 -0.445979
-0.088751 1.071413 -0.410497
-0.029695 1.126276 -0.375016
0.029361 1.181138 -0.339534
0.088416 1.236001 -0.304052
0.147472 1.290863 -0.268570
0.206528 1.345726 -0.233088
0.265583 1.400588 -0.197607
0.324639 1.455451 -0.162125
0.383695 1.510313 -0.126643
0.443177 1.565572 -0.090905
0.497341 1.620830 -0.055167
0.437859 1.676088 -0.019429
0.378377 1.731346 0.016309
0.318895 1.786605 0.052048
0.259412 1.841863 0.087786
0.199930 1.897121 0.123524
0.140448 1.952379 0.159262
0.080966 2.007638 0.195000
0.021484 2.062896 0.230738
-0.038422 2.118548 0.266730
-0.083259 2.165888 0.300671
-0.067826 2.179983 0.326408
-0.052393 2.194079 0.352144
-0.036960 2.208174 0.377880
-0.021527 2.222269 0.403617
-0.006094 2.236365 0.429353
0.009339 2.250460 0.455090
0.024772 2.264555 0.480826
0.040205 2.278651 0.493438
0.055746 2.292844 0.467521
0.071288 2.307037 0.441604
0.086829 2.321230 0.415687
0.102370 2.335423 0.389770
0.117911 2.349616 0.363853
0.133453 2.363809 0.337936
0.148994 2.378002 0.312019
0.164535 2.392195 0.286102
0.180077 2.363925 0.260185
0.195618 2.341704 0.234268
0.211267 2.324744 0.208171
0.226916 2.310453 0.182075
0.242565 2.296163 0.155978
0.258214 2.281872 0.129882
0.273863 2.267581 0.103786
0.289511 2.253290 0.077689
0.305160 2.238999 0.051593
0.320809 2.224709 0.025496
0.336458 2.210418 -0.000600
0.352107 2.196127 -0.026697
0.367863 2.181738 -0.052972
0.383618 2.167350 -0.079246
0.399374 2.152961 -0.105521
0.415129 2.138573 -0.131795
0.430885 2.124184 -0.158070
0.446641 2.109796 -0.184345
0.462396 2.095407 -0.210619
0.478152 2.081018 -0.236894
0.493907 2.066630 -0.263168
0.490337 2.052241 -0.289443
0.474475 2.037755 -0.315895
0.458614 2.023269 -0.342346
0.442752 2.008782 -0.368798
0.426890 1.994296 -0.395250
0.411029 1.979810 -0.421701
0.395167 1.965323 -0.448153
0.379305 1.950837 -0.474605
0.363443 1.936351 -0.498944
0.347582 1.921865 -0.472492
0.331720 1.907378 -0.446040
0.315753 1.892795 -0.419413
0.299786 1.878212 -0.392786
0.283818 1.863630 -0.366159
0.267851 1.849047 -0.339532
0.251884 1.834464 -0.312905
0.235917 1.819881 -0.286277
0.219950 1.805298 -0.259650
0.203983 1.790715 -0.233023
0.188015 1.776132 -0.206396
0.172048 1.761549 -0.179768
0.155976 1.746871 -0.152966
0.139904 1.732193 -0.126164
0.123832 1.717515 -0.099362
0.107760 1.702837 -0.072560
0.091688 1.688158 -0.045759
0.075616 1.673480 -0.018957
0.059545 1.658802 0.007845
0.043473 1.644124 0.034647
0.027401 1.629445 0.061449
0.011329 1.614767 0.088251
-0.004847 1.599993 0.115226
-0.021023 1.585220 0.142202
-0.037199 1.570446 0.169177
-0.053375 1.555673 0.196153
-0.069551 1.540899 0.223128
-0.085727 1.526125 0.250104
-0.101903 1.511352 0.277079
-0.118079 1.496578 0.304054
-0.134255 1.481805 0.331029
-0.150431 1.467031 0.358005
-0.166710 1.452163 0.385152
-0.182989 1.437295 0.412300
-0.199269 1.422428 0.439448
-0.215548 1.407560 0.466596
-0.231828 1.392692 0.493744
-0.248107 1.377824 0.479108
-0.264386 1.362957 0.451961
-0.280665 1.348089 0.424813
-0.296945 1.333221 0.397665
-0.313224 1.318353 0.370517
-0.329606 1.303391 0.343198
-0.345988 1.288429 0.315879
-0.362370 1.273467 0.288560
-0.378752 1.258505 0.261240
-0.395134 1.243543 0.233921
-0.411516 1.228581 0.206602
-0.427898 1.213619 0.179283
-0.444280 1.198658 0.151964
-0.460662 1.183696 0.124645
-0.477044 1.168734 0.097326
-0.493528 1.153679 0.069837
-0.489988 1.138624 0.042347
-0.473504 1.123569 0.014858
-0.457020 1.108514 -0.012631
-0.440536 1.093459 -0.040120
-0.424052 1.078404 -0.067610
-0.407568 1.063349 -0.095099
-0.391084 1.048294 -0.122588
-0.374600 1.033239 -0.150077
-0.358116 1.018184 -0.177567
-0.341531 1.003037 -0.205225
-0.324945 0.987890 -0.232884
-0.308359 0.972743 -0.260542
-0.291774 0.957596 -0.288200
-0.275188 0.942448 -0.315859
-0.258603 0.927301 -0.343517
-0.242017 0.912154 -0.371175
-0.225431 0.897006 -0.398834
-0.208846 0.881859 -0.426492
-0.192260 0.866712 -0.454150
-0.175574 0.851472 -0.481977
-0.158888 0.836233 -0.490197
-0.142201 0.820994 -0.462370
-0.125515 0.805755 -0.434544
-0.108829 0.790516 -0.406717
-0.092142 0.775277 -0.378891
-0.075456 0.760038 -0.351065
-0.058770 0.744799 -0.323238
-0.042083 0.729560 -0.295412
-0.025397 0.714320 -0.267585
-0.008610 0.698990 -0.239592
0.008176 0.683659 -0.211598
0.024963 0.668328 -0.183604
0.041749 0.652997 -0.155611
0.058536 0.637666 -0.127617
0.075322 0.622335 -0.099624
0.092109 0.607004 -0.071630
0.108896 0.591673 -0.043636
0.125682 0.576342 -0.015642
0.142469 0.561011 0.012351
0.159355 0.545589 0.040511
0.176241 0.530167 0.068671
0.193127 0.514745 0.096831
0.210013 0.499323 0.124991
0.226900 0.483901 0.153150
0.243786 0.468479 0.181310
0.260672 0.453057 0.209470
0.277558 0.437636 0.237630
0.294445 0.422214 0.265790
0.311331 0.406792 0.293949
0.328316 0.391280 0.322274
0.345301 0.375767 0.350599
0.362287 0.360255 0.378924
0.379272 0.344742 0.407250
0.396257 0.329230 0.435575
0.413242 0.313718 0.463900
0.430228 0.298205 0.492225
0.447213 0.282693 0.479450
0.464198 0.267180 0.451125
0.481183 0.251668 0.422800
0.498267 0.236066 0.394311
0.484650 0.220463 0.365822
0.467566 0.204861 0.337333
0.450482 0.189259 0.308843
0.433399 0.173657 0.280354
0.416315 0.158054 0.251865
0.399232 0.142452 0.223376
0.382148 0.126850 0.194887
0.365064 0.111248 0.166397
0.347981 0.095645 0.137908
0.330799 0.079953 0.109256
0.313618 0.064262 0.080603
0.296436 0.048570 0.051951
0.279254 0.032878 0.023298
0.262073 0.017187 -0.005354
0.244891 0.001495 -0.034007
0.227709 -0.014197 -0.062659
0.210528 -0.029889 -0.091312
0.193346 -0.045580 -0.119964
0.176165 -0.061272 -0.148617
0.158886 -0.077053 -0.177431
0.141607 -0.092833 -0.206246
0.124328 -0.108614 -0.235061
0.107049 -0.124394 -0.263876
0.089770 -0.140175 -0.292690
0.072491 -0.155956 -0.321505
0.055212 -0.171736 -0.350320
0.037933 -0.187517 -0.379134
0.020654 -0.203298 -0.407949
0.003375 -0.219078 -0.436764
-0.014001 -0.234947 -0.465740
-0.031376 -0.250816 -0.494716
-0.048752 -0.266685 -0.476308
-0.066128 -0.282555 -0.447331
-0.083504 -0.298424 -0.418355
-0.100879 -0.314293 -0.389379
-0.118255 -0.330162 -0.360403
-0.135631 -0.346031 -0.331427
-0.153007 -0.361900 -0.302450
-0.170382 -0.377769 -0.273474
-0.187854 -0.393726 -0.244337
-0.205327 -0.409683 -0.215200
-0.222799 -0.425641 -0.186064
-0.240271 -0.441598 -0.156927
-0.257743 -0.457555 -0.127790
-0.275215 -0.473512 -0.098653
-0.289188 -0.469818 -0.079311
-0.289167 -0.387518 -0.099145
-0.289146 -0.305219 -0.118979
-0.289124 -0.222920 -0.138813
-0.289103 -0.140170 -0.158756
-0.289082 -0.057420 -0.178699
-0.289061 0.025330 -0.198641
-0.289040 0.108080 -0.218584
-0.289019 0.190830 -0.238527
-0.288997 0.273580 -0.258470
-0.288976 0.356330 -0.278413
-0.288955 0.439080 -0.298355
-0.288934 0.521830 -0.318298
-0.288913 0.604580 -0.338241
-0.288892 0.687778 -0.358292
-0.288870 0.770977 -0.378343
-0.288849 0.854175 -0.398394
-0.288828 0.937374 -0.418445
-0.288807 1.020572 -0.438496
-0.288786 1.103771 -0.458547
-0.288765 1.186969 -0.478598
-0.288743 1.270168 -0.498649
-0.288722 1.353366 -0.481300
-0.288701 1.436565 -0.461249
-0.288680 1.520209 -0.441091
-0.288658 1.603854 -0.420932
-0.288637 1.687498 -0.400774
-0.288615 1.771143 -0.380616
-0.288594 1.854787 -0.360457
-0.288572 1.938431 -0.340299
-0.288551 2.022076 -0.320141
-0.288530 2.105720 -0.299983
-0.288508 2.189365 -0.279824
-0.288487 2.273009 -0.259666
-0.288465 2.357097 -0.239401
-0.288444 2.441185 -0.219135
-0.288422 2.525273 -0.198870
-0.288401 2.609360 -0.178605
-0.288379 2.693448 -0.158340
-0.288358 2.777536 -0.138074
-0.288336 2.861624 -0.117809
-0.288315 2.945712 -0.097544
-0.288293 3.029800 -0.077278
-0.288272 3.113888 -0.057013
-0.288250 3.198416 -0.036641
-0.288229 3.282945 -0.016269
-0.288207 3.367474 0.004102
-0.288185 3.452003 0.024474
-0.288163 3.536532 0.044846
-0.288141 3.544353 0.065217
-0.288120 3.459824 0.085589
-0.288098 3.375295 0.105961
-0.288076 3.290766 0.126332
-0.288054 3.206237 0.146704
-0.288033 3.121267 0.167182
-0.288011 3.036297 0.187659
-0.287989 2.951327 0.208136
-0.287967 2.866357 0.228614
-0.287946 2.781387 0.249091
-0.287924 2.696417 0.269569
-0.287902 2.611447 0.290046
-0.287880 2.526477 0.310524
-0.287859 2.441507 0.331001
-0.287837 2.356537 0.351479
-0.287815 2.271131 0.372061
-0.287793 2.185724 0.392644
-0.287772 2.100318 0.413227
-0.287750 2.014912 0.433810
-0.287728 1.929506 0.454392
-0.287706 1.844099 0.474975
-0.287685 1.758693 0.495558
-0.295632 1.685853 0.484390
-0.375300 1.726111 0.469113
-0.454968 1.766369 0.453836
-0.464958 1.806833 0.438482
-0.384885 1.847296 0.423127
-0.304811 1.887759 0.407772
-0.224738 1.928222 0.392417
-0.144664 1.968686 0.377063
-0.064591 2.009149 0.361708
0.015482 2.049613 0.346353
0.095556 2.090078 0.330998
0.175629 2.130542 0.315644
0.255703 2.171007 0.300289
0.336180 2.211674 0.284857
0.416657 2.252341 0.269424
0.497134 2.293008 0.253992
0.422389 2.333675 0.238560
0.341912 2.374342 0.223128
0.261435 2.415009 0.207696
0.180958 2.455676 0.192264
0.100481 2.496343 0.176832
0.020005 2.537010 0.161400
-0.060472 2.577677 0.145968
-0.141351 2.618547 0.130458
-0.222229 2.659417 0.114949
-0.303107 2.700286 0.099440
-0.383985 2.741156 0.083931
-0.464863 2.782026 0.068422
-0.454259 2.822896 0.052913
-0.373380 2.863765 0.037404
-0.292502 2.904635 0.021894
-0.211624 2.945505 0.006385
