-0.424338 0.448300 -0.197919
-0.414979 0.424264 -0.196768
-0.405621 0.334907 -0.195617
-0.396262 0.177216 -0.194466
-0.386903 0.012711 -0.193315
-0.377544 -0.136290 -0.192164
-0.368185 -0.223809 -0.191013
-0.358826 -0.277599 -0.189862
-0.351507 -0.309021 -0.190447
-0.351296 -0.339748 -0.203837
-0.350389 -0.366433 -0.221134
-0.349278 -0.399116 -0.242319
-0.348166 -0.431798 -0.263503
-0.347055 -0.464481 -0.284688
-0.345944 -0.497163 -0.305873
-0.344832 -0.470155 -0.327057
-0.343721 -0.463996 -0.348242
-0.342610 -0.496678 -0.369427
-0.357052 -0.487247 -0.363373
-0.378161 -0.459767 -0.345646
-0.388946 -0.426166 -0.327499
-0.398420 -0.385600 -0.306423
-0.407893 -0.370657 -0.285348
-0.417367 -0.411223 -0.264272
-0.426840 -0.451788 -0.243197
-0.436314 -0.492354 -0.222121
-0.445788 -0.467080 -0.201045
-0.455261 -0.426514 -0.179970
-0.464735 -0.385949 -0.158894
-0.474208 -0.345383 -0.137819
-0.483682 -0.318214 -0.116743
-0.494274 -0.363568 -0.093180
-0.495135 -0.408922 -0.069616
-0.484543 -0.454276 -0.046053
-0.473951 -0.499629 -0.022490
-0.463359 -0.455017 0.001073
-0.452768 -0.409663 0.024636
-0.442176 -0.364309 0.048200
-0.431584 -0.318955 0.071763
-0.420992 -0.323390 0.095326
-0.410401 -0.368744 0.118889
-0.398798 -0.418427 0.144701
-0.387195 -0.468109 0.170514
-0.375593 -0.482208 0.196326
-0.363990 -0.432526 0.222138
-0.352387 -0.382843 0.247950
-0.340785 -0.333161 0.273762
-0.329182 -0.283478 0.299575
-0.326104 -0.260716 0.302116
-0.335814 -0.311313 0.269750
-0.345524 -0.361911 0.237385
-0.356011 -0.416562 0.202426
-0.366499 -0.471214 0.167468
-0.376987 -0.474135 0.132509
-0.387475 -0.419483 0.097551
-0.397962 -0.364832 0.062592
-0.408450 -0.310180 0.027634
-0.418938 -0.255529 -0.007325
-0.429426 -0.221679 -0.042284
-0.439913 -0.276330 -0.077242
-0.450401 -0.330982 -0.112201
-0.461613 -0.389406 -0.149573
-0.472824 -0.447831 -0.186945
-0.484036 -0.493744 -0.224317
-0.495248 -0.435319 -0.261690
-0.493541 -0.376894 -0.299062
-0.482329 -0.318470 -0.336435
-0.471118 -0.260045 -0.373807
-0.459906 -0.201620 -0.411179
-0.448694 -0.202347 -0.448552
-0.437483 -0.260772 -0.485924
-0.454843 -0.302881 -0.480025
-0.459540 -0.298651 -0.459013
-0.373924 -0.294422 -0.438002
-0.288307 -0.290192 -0.416990
-0.202691 -0.285963 -0.395979
-0.117075 -0.281733 -0.374967
-0.031458 -0.277504 -0.353956
0.054158 -0.273274 -0.332944
0.139775 -0.269045 -0.311933
0.225391 -0.264815 -0.290921
0.315639 -0.260357 -0.268773
0.405887 -0.255898 -0.246625
0.496134 -0.251440 -0.224476
0.413618 -0.246981 -0.202328
0.323370 -0.242523 -0.180180
0.233123 -0.238065 -0.158032
0.142875 -0.233606 -0.135884
0.052627 -0.229148 -0.113735
-0.037620 -0.224689 -0.091587
-0.127868 -0.220231 -0.069439
-0.222520 -0.215555 -0.046210
-0.317173 -0.210879 -0.022981
-0.411825 -0.206203 0.000248
-0.493522 -0.201527 0.023478
-0.398870 -0.196851 0.046707
-0.304217 -0.192175 0.069936
-0.209565 -0.187499 0.093165
-0.114912 -0.182823 0.116394
-0.131284 -0.186484 0.103928
-0.221671 -0.195704 0.067663
-0.316078 -0.205333 0.029787
-0.410485 -0.214963 -0.008090
-0.495109 -0.224592 -0.045967
-0.400702 -0.234221 -0.083843
-0.306295 -0.243851 -0.121720
-0.211889 -0.253480 -0.159597
-0.117482 -0.263110 -0.197473
-0.023075 -0.272739 -0.235350
0.071331 -0.282369 -0.273227
0.058365 -0.291639 -0.246764
0.000877 -0.316816 -0.228251
-0.010841 -0.365659 -0.290252
-0.022559 -0.414501 -0.352252
-0.034277 -0.463344 -0.414253
-0.045995 -0.487814 -0.476253
-0.057713 -0.438972 -0.461746
-0.069431 -0.390129 -0.399746
-0.081149 -0.341287 -0.337746
-0.092867 -0.292444 -0.275745
-0.104585 -0.243602 -0.213745
-0.116745 -0.192916 -0.149404
-0.128905 -0.142230 -0.085063
-0.141065 -0.091543 -0.020722
-0.153226 -0.040857 0.043619
-0.165386 0.009829 0.107960
-0.177546 0.011695 0.172301
-0.189706 -0.038991 0.236642
-0.201867 -0.089677 0.300983
-0.214027 -0.140363 0.365325
-0.226187 -0.191049 0.429666
-0.238774 -0.243514 0.496265
-0.251361 -0.295979 0.437136
-0.263948 -0.348444 0.370537
-0.276535 -0.400910 0.303937
-0.289122 -0.453375 0.237338
-0.301709 -0.494160 0.170739
-0.314296 -0.441695 0.104140
-0.326883 -0.389230 0.037540
-0.339470 -0.336764 -0.029059
-0.352057 -0.284299 -0.095658
-0.365057 -0.230113 -0.164442
-0.378057 -0.175928 -0.233225
-0.391057 -0.121742 -0.302009
-0.404057 -0.067556 -0.370792
-0.417056 -0.013371 -0.439575
-0.430056 0.040815 -0.491641
-0.443056 0.092216 -0.422858
-0.456056 0.038031 -0.354074
-0.469055 -0.016155 -0.285291
-0.482055 -0.070341 -0.216507
-0.495455 -0.126194 -0.145607
-0.491145 -0.182048 -0.074707
-0.477745 -0.237901 -0.003806
-0.464345 -0.293754 0.067094
-0.450945 -0.349608 0.137994
-0.437545 -0.405461 0.208895
-0.424145 -0.461315 0.279795
-0.410745 -0.482832 0.350695
-0.397345 -0.426978 0.421596
-0.383945 -0.371125 0.492496
-0.370156 -0.313652 0.434548
-0.356368 -0.256180 0.361592
-0.342580 -0.198707 0.288637
-0.328791 -0.141235 0.215681
-0.315003 -0.083762 0.142725
-0.301215 -0.026289 0.069769
-0.287426 0.031183 -0.003187
-0.273638 0.088656 -0.076142
-0.259850 0.146129 -0.149098
-0.246061 0.130681 -0.222054
-0.231895 0.071634 -0.297009
-0.217728 0.012586 -0.371964
-0.203562 -0.046462 -0.446919
-0.189396 -0.105509 -0.478126
-0.175229 -0.164557 -0.403171
-0.161063 -0.223604 -0.328216
-0.146897 -0.282652 -0.253261
-0.132730 -0.341699 -0.178307
-0.118564 -0.400747 -0.103352
-0.104397 -0.459794 -0.028397
-0.089863 -0.479624 0.048506
-0.075329 -0.419042 0.125408
-0.060794 -0.358461 0.202310
-0.046260 -0.297879 0.279212
-0.031726 -0.237298 0.356114
-0.017191 -0.176716 0.433017
-0.002657 -0.116135 0.490081
0.011877 -0.055553 0.413179
0.026412 0.005028 0.336277
0.040946 0.065610 0.259375
0.055839 0.127687 0.180573
0.070733 0.189765 0.101772
0.085626 0.251842 0.022971
0.100519 0.313920 -0.055831
0.115412 0.375997 -0.134632
0.130306 0.371956 -0.213433
0.145199 0.309878 -0.292235
0.160092 0.247800 -0.371036
0.174985 0.185723 -0.449837
0.189879 0.123645 -0.471362
0.205122 0.060107 -0.390706
0.220366 -0.003432 -0.310050
0.235610 -0.066970 -0.229394
0.250854 -0.130508 -0.148739
0.266097 -0.194047 -0.068083
0.281341 -0.257585 0.012573
0.296585 -0.321123 0.093228
0.311829 -0.384662 0.173884
0.327073 -0.448200 0.254540
0.342317 -0.488262 0.335196
0.357903 -0.423295 0.417664
0.373490 -0.358329 0.499868
0.389076 -0.293363 0.417399
0.404662 -0.228396 0.334931
0.420249 -0.163430 0.252462
0.435835 -0.098464 0.169994
0.451421 -0.033497 0.087526
0.467007 0.031469 0.005057
0.482594 0.096436 -0.077411
0.498180 0.161402 -0.159880
0.485898 0.227766 -0.244122
0.469977 0.294129 -0.328364
0.454055 0.360493 -0.412606
0.438134 0.426857 -0.496848
0.422212 0.458282 -0.418909
0.406290 0.391918 -0.334667
0.390369 0.325555 -0.250425
0.374447 0.259191 -0.166183
0.358526 0.192827 -0.081941
0.342604 0.126463 0.002301
0.326354 0.058731 0.088281
0.310104 -0.009001 0.174260
0.293854 -0.076733 0.260239
0.277604 -0.144465 0.346218
0.261354 -0.212197 0.432198
0.245104 -0.279929 0.481823
0.228854 -0.347661 0.395843
0.212604 -0.415393 0.309864
0.196354 -0.483126 0.223885
0.180104 -0.449142 0.137905
0.163533 -0.380069 0.050223
0.146961 -0.310996 -0.037459
0.130389 -0.241922 -0.125141
0.113818 -0.172849 -0.212823
0.097246 -0.103775 -0.300505
0.080674 -0.034702 -0.388187
0.064102 0.034372 -0.475869
0.047531 0.103445 -0.436449
0.030959 0.172519 -0.348767
0.014387 0.241592 -0.261085
-0.002500 0.311981 -0.171733
-0.019387 0.382371 -0.082381
-0.036275 0.452760 0.006972
-0.053162 0.523149 0.096324
-0.070050 0.556302 0.185676
-0.086937 0.485913 0.275028
-0.103824 0.415523 0.364380
-0.120712 0.345134 0.453733
-0.137599 0.274745 0.456915
-0.154487 0.204356 0.367563
-0.171684 0.132675 0.276571
-0.188881 0.060994 0.185579
-0.206078 -0.010687 0.094588
-0.223276 -0.082368 0.003596
-0.240473 -0.154049 -0.087396
-0.257670 -0.225730 -0.178388
-0.274867 -0.297411 -0.269380
-0.292064 -0.369092 -0.360372
-0.309262 -0.440773 -0.451364
-0.326459 -0.487546 -0.457645
-0.343960 -0.414597 -0.365042
-0.361462 -0.341647 -0.272440
-0.378964 -0.268697 -0.179837
-0.396466 -0.195747 -0.087235
-0.413967 -0.122798 0.005368
-0.431469 -0.049848 0.097970
-0.448971 0.023102 0.190573
-0.466472 0.096052 0.283175
-0.483974 0.169001 0.375778
-0.498524 0.241951 0.468380
-0.480723 0.316148 0.437435
-0.462922 0.390345 0.343249
-0.445121 0.464541 0.249064
-0.427321 0.538738 0.154878
-0.409520 0.612935 0.060693
-0.391719 0.687132 -0.033493
-0.373918 0.761329 -0.127678
-0.356117 0.697325 -0.221864
-0.338316 0.623128 -0.316049
-0.320515 0.548931 -0.410235
-0.302420 0.473508 -0.494023
-0.284325 0.398085 -0.398280
-0.266230 0.322661 -0.302538
-0.248135 0.247238 -0.206796
-0.230040 0.171814 -0.111053
-0.211945 0.096391 -0.015311
-0.193849 0.020968 0.080432
-0.175754 -0.054456 0.176174
-0.157659 -0.129879 0.271917
-0.139564 -0.205302 0.367659
-0.121180 -0.281932 0.464933
-0.102795 -0.358562 0.437792
-0.084410 -0.435192 0.340518
-0.066026 -0.488177 0.243243
-0.047641 -0.411547 0.145969
-0.029256 -0.334917 0.048694
-0.010872 -0.258287 -0.048580
0.007513 -0.181657 -0.145855
0.025898 -0.105027 -0.243129
0.044282 -0.028397 -0.340404
0.062952 0.049422 -0.439186
0.081622 0.127240 -0.462031
0.100291 0.205058 -0.363248
0.118961 0.282877 -0.264465
0.137631 0.360695 -0.165683
0.156300 0.438513 -0.066900
0.174970 0.516331 0.031883
0.193640 0.594150 0.130665
0.212309 0.671968 0.229448
0.230979 0.749786 0.328231
0.249929 0.784802 0.428499
0.268880 0.705814 0.471233
0.287830 0.626825 0.370965
0.306781 0.547836 0.270697
0.325731 0.468848 0.170429
0.344681 0.389859 0.070161
0.363632 0.310870 -0.030107
0.382582 0.231882 -0.130376
0.401533 0.152893 -0.230644
0.420483 0.073905 -0.330912
0.439710 -0.006237 -0.432644
0.458938 -0.086379 -0.465624
0.478165 -0.166521 -0.363892
0.497392 -0.246662 -0.262160
0.483381 -0.326804 -0.160428
0.464153 -0.406946 -0.058696
0.444926 -0.487087 0.043036
0.425699 -0.432771 0.144768
0.406472 -0.352629 0.246500
0.387244 -0.272487 0.348232
0.367744 -0.191209 0.451407
0.348244 -0.109930 0.445418
0.328744 -0.028652 0.342243
0.309244 0.052627 0.239068
0.289744 0.133905 0.135893
0.270245 0.215184 0.032718
0.250745 0.296463 -0.070457
0.231245 0.377741 -0.173633
0.211745 0.459020 -0.276808
0.192245 0.540299 -0.379983
0.172476 0.622698 -0.484581
0.152708 0.705098 -0.410821
0.132939 0.787498 -0.306222
0.113170 0.869898 -0.201624
0.093401 0.843780 -0.097026
0.073632 0.761380 0.007573
0.053863 0.678981 0.112171
0.034095 0.596581 0.216769
0.014326 0.514181 0.321368
-0.005443 0.431781 0.425966
-0.025477 0.348275 0.468032
-0.047492 0.331763 0.449502
-0.069506 0.315251 0.367036
-0.091521 0.298740 0.284569
-0.113536 0.282228 0.202103
-0.135550 0.265716 0.119637
-0.157565 0.249204 0.037171
-0.179579 0.232692 -0.045295
-0.201759 0.221259 -0.114589
-0.224104 0.214906 -0.170711
-0.246741 0.208471 -0.227567
-0.269378 0.202035 -0.284422
-0.292016 0.195599 -0.341278
-0.314653 0.189163 -0.398134
-0.337290 0.182727 -0.454989
-0.359927 0.176292 -0.488155
-0.382565 0.169856 -0.431299
-0.405202 0.163420 -0.374443
-0.427839 0.156984 -0.317588
-0.450476 0.150548 -0.260732
-0.473402 0.144031 -0.203152
-0.496327 0.137513 -0.145572
-0.480747 0.130995 -0.087992
-0.457822 0.124477 -0.030413
-0.434896 0.117959 0.027167
-0.411971 0.111442 0.084747
-0.389045 0.104924 0.142327
-0.366120 0.098406 0.199907
-0.343195 0.091888 0.257487
-0.320269 0.085371 0.315067
-0.297059 0.078772 0.373362
-0.273848 0.072173 0.431657
-0.250638 0.065574 0.489952
-0.227428 0.058976 0.451753
-0.204217 0.052377 0.393458
-0.181007 0.045778 0.335163
-0.157797 0.039179 0.276867
-0.134586 0.032581 0.218572
-0.111376 0.025982 0.160277
-0.088166 0.019383 0.101982
-0.064674 0.012704 0.042980
-0.055059 0.010270 0.020703
-0.077821 0.017739 0.084115
-0.100584 0.025207 0.147528
-0.123347 0.032676 0.210940
-0.146109 0.040145 0.274353
-0.168872 0.047614 0.337765
-0.191635 0.055082 0.401177
-0.214397 0.062551 0.464590
-0.237160 0.070020 0.471998
-0.260192 0.077577 0.407835
-0.283224 0.085134 0.343672
-0.306257 0.092691 0.279509
-0.329289 0.100248 0.215346
-0.352321 0.107805 0.151183
-0.375353 0.115363 0.087020
-0.398385 0.122920 0.022857
-0.421417 0.130477 -0.041306
-0.444449 0.138034 -0.105469
-0.467481 0.145591 -0.169632
-0.490780 0.153236 -0.234536
-0.485922 0.160880 -0.299441
-0.462624 0.168524 -0.364346
-0.439326 0.176169 -0.429250
-0.416027 0.183813 -0.494155
-0.392729 0.191458 -0.440940
-0.369431 0.199102 -0.376036
-0.346132 0.206747 -0.311131
-0.322834 0.214391 -0.246226
-0.299536 0.222036 -0.181322
-0.275974 0.229766 -0.115683
-0.252412 0.237497 -0.050045
-0.228851 0.245228 0.015593
-0.205289 0.252959 0.081231
-0.181728 0.260690 0.146869
-0.158166 0.268421 0.212507
-0.134605 0.276152 0.278145
-0.111043 0.283883 0.343783
-0.087482 0.291614 0.409422
-0.063920 0.299345 0.475060
-0.040098 0.307161 0.458577
-0.016276 0.314978 0.392213
0.007546 0.322794 0.325850
0.031368 0.330610 0.259486
0.055190 0.338426 0.193123
0.079012 0.346243 0.126760
0.102834 0.354059 0.060396
0.126656 0.361875 -0.005967
0.150478 0.369691 -0.072331
0.174300 0.377508 -0.138694
0.198379 0.385409 -0.205775
0.222459 0.393310 -0.272856
0.246538 0.401210 -0.339937
0.270618 0.409111 -0.407018
0.294697 0.417012 -0.474098
0.318776 0.424913 -0.458821
0.342856 0.432814 -0.391740
0.366935 0.440715 -0.324659
0.391014 0.448616 -0.257578
0.415094 0.456517 -0.190497
0.439428 0.464501 -0.122707
0.463762 0.472485 -0.054916
0.488096 0.480470 0.012875
0.487569 0.488454 0.080666
0.463235 0.496438 0.148456
0.438901 0.504423 0.216247
0.414567 0.512408 0.284038
0.390233 0.520392 0.351829
0.365898 0.528377 0.419619
0.341564 0.536361 0.487410
0.316978 0.544428 0.444097
0.292391 0.552495 0.375603
0.267804 0.560562 0.307110
0.243218 0.568629 0.238617
0.218631 0.576696 0.170124
0.194045 0.584763 0.101631
0.169458 0.592830 0.033137
0.144872 0.600897 -0.035356
0.120285 0.608963 -0.103849
0.095699 0.617030 -0.172342
0.070863 0.625180 -0.241531
0.046027 0.633329 -0.310720
0.021191 0.641478 -0.379908
-0.003645 0.649627 -0.449097
-0.028482 0.657776 -0.481714
-0.053318 0.665925 -0.412525
-0.078154 0.674074 -0.343337
-0.102990 0.682224 -0.274148
-0.127826 0.690373 -0.204959
-0.152662 0.698522 -0.135770
-0.177745 0.706752 -0.065893
-0.188219 0.729006 -0.032453
-0.195040 0.754765 -0.008122
-0.201861 0.780524 0.016209
-0.208682 0.806284 0.040539
-0.215503 0.832043 0.064870
-0.222324 0.857802 0.089201
-0.229145 0.883562 0.113532
-0.235966 0.909321 0.137863
-0.242787 0.935080 0.162194
-0.249675 0.961091 0.186762
-0.256562 0.987102 0.211330
-0.263450 1.013113 0.235899
-0.270337 1.039123 0.260467
-0.277225 1.065133 0.285035
-0.284113 1.091143 0.309603
-0.291000 1.117154 0.334171
-0.297888 1.143164 0.358739
-0.304775 1.169174 0.383308
-0.311663 1.195184 0.407876
-0.318617 1.221444 0.432679
-0.325570 1.247703 0.457482
-0.332523 1.273963 0.482285
-0.339477 1.300222 0.492911
-0.346430 1.326482 0.468108
-0.353384 1.352741 0.443305
-0.360337 1.379000 0.418501
-0.367291 1.405260 0.393698
-0.374244 1.431519 0.368895
-0.381198 1.457779 0.344092
-0.388217 1.484285 0.319055
-0.384065 1.431251 0.345589
-0.379913 1.378217 0.372122
-0.375761 1.325183 0.398656
-0.371610 1.272150 0.425190
-0.367458 1.219116 0.451723
-0.363306 1.166082 0.478257
-0.359154 1.113048 0.495210
-0.355002 1.060014 0.468676
-0.350851 1.006980 0.442142
-0.346661 0.953458 0.415364
-0.342471 0.899935 0.388586
-0.338281 0.846413 0.361808
-0.334091 0.792890 0.335029
-0.329901 0.739367 0.308251
-0.325711 0.685845 0.281473
-0.321521 0.632322 0.254694
-0.317331 0.578800 0.227916
-0.313142 0.525277 0.201138
-0.308952 0.471755 0.174360
-0.304724 0.417748 0.147339
-0.300496 0.363741 0.120319
-0.296268 0.309734 0.093298
-0.292041 0.255727 0.066278
-0.287813 0.201720 0.039257
-0.283585 0.147713 0.012237
-0.279357 0.093706 -0.014784
-0.275130 0.039699 -0.041804
-0.270902 -0.014307 -0.068825
-0.229247 0.009748 -0.088053
-0.162048 0.086522 -0.102211
-0.094848 0.163295 -0.116369
-0.027649 0.240069 -0.130528
0.039550 0.316842 -0.144686
0.106749 0.393616 -0.158844
0.173948 0.470389 -0.173002
0.241147 0.547163 -0.187160
0.308346 0.623937 -0.201319
0.375545 0.700710 -0.215477
0.442744 0.777484 -0.229635
0.489470 0.854928 -0.243917
0.421684 0.932373 -0.258199
0.353898 1.009817 -0.272481
0.286112 1.087261 -0.286762
0.218326 1.164706 -0.301044
0.150540 1.242150 -0.315326
0.082754 1.319594 -0.329608
0.014968 1.397039 -0.343890
-0.052818 1.474483 -0.358172
-0.120604 1.551927 -0.372454
-0.188972 1.630036 -0.386858
-0.257340 1.708144 -0.401262
-0.325708 1.655369 -0.415667
-0.394075 1.577260 -0.430071
-0.462443 1.499152 -0.444475
-0.469189 1.421044 -0.458880
-0.400822 1.342936 -0.473284
-0.332454 1.264827 -0.487689
-0.264086 1.186719 -0.497907
-0.195718 1.108611 -0.483503
-0.126773 1.029843 -0.468977
-0.057829 0.951075 -0.454451
0.011116 0.872307 -0.439925
0.080061 0.793539 -0.425399
0.149006 0.714771 -0.410873
0.217951 0.636003 -0.396347
0.286895 0.557234 -0.381821
0.355840 0.478466 -0.367295
0.424785 0.399698 -0.352769
0.493729 0.320930 -0.338243
0.436754 0.241508 -0.323597
0.367237 0.162087 -0.308950
0.297720 0.082665 -0.294303
0.228203 0.003243 -0.279657
0.158686 -0.076178 -0.265010
0.089169 -0.155600 -0.250363
0.019652 -0.235022 -0.235717
-0.049865 -0.314444 -0.221070
-0.119382 -0.393865 -0.206424
-0.188899 -0.473287 -0.191777
-0.258983 -0.446643 -0.177011
-0.329067 -0.366573 -0.162245
-0.399152 -0.286503 -0.147479
-0.469236 -0.206433 -0.132713
-0.460679 -0.126363 -0.117947
-0.390595 -0.046293 -0.103180
-0.320511 0.033777 -0.088414
-0.250426 0.113847 -0.073648
-0.180342 0.193917 -0.058882
-0.110258 0.273987 -0.044116
-0.039610 0.354700 -0.029231
0.031037 0.435413 -0.014346
0.101685 0.516126 0.000538
0.172332 0.596839 0.015423
0.242979 0.677552 0.030308
0.313627 0.758265 0.045193
0.384274 0.838978 0.060077
0.454921 0.919691 0.074962
0.474431 1.000404 0.089847
0.403784 1.081117 0.104731
0.332578 1.162468 0.119734
0.261372 1.243819 0.134736
0.190167 1.325170 0.149738
0.118961 1.406520 0.164741
0.047755 1.487871 0.179743
-0.023451 1.569222 0.194745
-0.094657 1.650573 0.209748
-0.165863 1.731924 0.224750
-0.237068 1.813275 0.239753
-0.308274 1.894625 0.254755
-0.380034 1.976609 0.269874
-0.451794 2.004615 0.284993
-0.476445 1.922631 0.300112
-0.404685 1.840647 0.315231
-0.332925 1.758663 0.330350
-0.261165 1.676680 0.345469
-0.189405 1.594696 0.360588
-0.117645 1.512712 0.375707
-0.045885 1.430728 0.390826
0.025875 1.348744 0.405945
0.098185 1.266132 0.421180
0.170495 1.183520 0.436415
0.242805 1.100908 0.451650
0.315115 1.018296 0.466885
0.387425 0.935684 0.482120
0.459735 0.853071 0.497355
0.467955 0.770458 0.487410
0.395645 0.687846 0.472175
0.323336 0.605233 0.456940
0.251026 0.522621 0.441705
0.178170 0.439384 0.426355
0.105314 0.356148 0.411005
0.032459 0.272912 0.395656
-0.040397 0.189676 0.380306
-0.113253 0.106440 0.364956
-0.186108 0.023204 0.349606
-0.258964 -0.060032 0.334256
-0.331820 -0.143268 0.318906
-0.404675 -0.226504 0.303556
-0.477531 -0.309740 0.288206
-0.449072 -0.393595 0.272741
-0.375674 -0.477450 0.257277
-0.302277 -0.438695 0.241813
-0.228879 -0.354840 0.226349
-0.155482 -0.270986 0.210885
-0.082085 -0.187131 0.195421
-0.008687 -0.103276 0.179957
0.064710 -0.019421 0.164493
0.138107 0.064434 0.149028
0.211505 0.148289 0.133564
0.285440 0.232758 0.117987
0.359375 0.317228 0.102410
0.433310 0.401697 0.086832
0.492755 0.486166 0.071255
0.418820 0.570636 0.055677
0.344885 0.655105 0.040100
0.270950 0.739574 0.024523
0.197015 0.824044 0.008945
0.123080 0.908513 -0.006632
0.049145 0.992982 -0.022210
-0.025324 1.078062 -0.037899
-0.099793 1.163141 -0.053589
-0.174262 1.248221 -0.069279
-0.248731 1.333301 -0.084969
-0.323200 1.418380 -0.100659
-0.397669 1.503460 -0.116349
-0.472137 1.588540 -0.132039
-0.453394 1.673620 -0.147729
-0.378925 1.758699 -0.163419
-0.304456 1.843779 -0.179108
-0.229457 1.929464 -0.194910
-0.154458 2.015149 -0.210711
-0.079459 2.100835 -0.226513
-0.004460 2.186520 -0.242314
0.070539 2.272205 -0.258116
0.145537 2.357890 -0.273917
0.220536 2.443576 -0.289719
0.295535 2.529261 -0.305520
0.370534 2.611391 -0.321322
0.445533 2.525706 -0.337123
0.478941 2.439420 -0.353036
0.403416 2.353133 -0.368948
0.327891 2.266847 -0.384860
0.252365 2.180561 -0.400773
0.176840 2.094275 -0.416685
0.101315 2.007989 -0.432597
0.025790 1.921703 -0.448510
-0.049736 1.835417 -0.464422
-0.125261 1.749131 -0.480334
-0.200786 1.662845 -0.496247
-0.276834 1.575962 -0.487731
-0.352882 1.489078 -0.471708
-0.428929 1.402195 -0.455685
-0.495023 1.315312 -0.439663
-0.418975 1.228428 -0.423640
-0.342927 1.141545 -0.407617
-0.266879 1.054662 -0.391595
-0.190832 0.967778 -0.375572
-0.114784 0.880895 -0.359550
-0.038736 0.794012 -0.343527
0.037831 0.706535 -0.327395
0.114398 0.619059 -0.311263
0.190965 0.531583 -0.295131
0.267532 0.444106 -0.278999
0.344099 0.356630 -0.262867
0.420666 0.269154 -0.246735
0.497233 0.181677 -0.230603
0.426200 0.094201 -0.214471
0.349633 0.006725 -0.198339
0.273066 -0.080751 -0.182207
0.195984 -0.168817 -0.165966
0.118901 -0.256882 -0.149726
0.041818 -0.344947 -0.133485
-0.035264 -0.433012 -0.117245
-0.112347 -0.478922 -0.101004
-0.189430 -0.390857 -0.084763
-0.266512 -0.302792 -0.068523
-0.343595 -0.214727 -0.052282
-0.420677 -0.126661 -0.036042
-0.497760 -0.038596 -0.019801
-0.424645 0.050055 -0.003453
-0.347051 0.138705 0.012896
-0.269456 0.227355 0.029244
-0.191861 0.316006 0.045593
-0.114266 0.404657 0.061941
-0.036671 0.493307 0.078290
0.040923 0.581958 0.094638
0.118518 0.670608 0.110987
0.196113 0.759259 0.127335
0.273708 0.847909 0.143684
0.351811 0.937141 0.160139
0.429915 1.026373 0.176595
0.491981 1.115605 0.193051
0.413878 1.204836 0.209506
0.335774 1.294068 0.225962
0.257671 1.383300 0.242418
0.179567 1.472532 0.258873
0.101463 1.561763 0.275329
0.023360 1.650995 0.291785
-0.054744 1.740227 0.308240
-0.133353 1.830037 0.324802
-0.211962 1.919847 0.341364
-0.290571 2.009656 0.357926
-0.369181 2.099466 0.374488
-0.447790 2.189276 0.391050
-0.473601 2.279086 0.407612
-0.394992 2.368896 0.424175
-0.316382 2.458706 0.440737
-0.237773 2.548516 0.457299
-0.159164 2.638326 0.473861
-0.080052 2.728708 0.490529
-0.000941 2.819090 0.492803
0.078170 2.779839 0.476135
0.157282 2.689456 0.459467
0.236393 2.599074 0.442799
0.315505 2.508692 0.426131
0.394616 2.418310 0.409462
0.473728 2.327928 0.392794
0.447161 2.237546 0.376126
0.368049 2.147164 0.359458
0.288439 2.056210 0.342685
0.208828 1.965256 0.325912
0.129217 1.874303 0.309139
0.049607 1.783350 0.292366
-0.030004 1.692396 0.275593
-0.109614 1.601443 0.258820
-0.189225 1.510490 0.242047
-0.268836 1.419537 0.225273
-0.348446 1.328584 0.208500
-0.428057 1.237631 0.191727
-0.491837 1.146110 0.174849
-0.411730 1.054590 0.157972
-0.331623 0.963069 0.141094
-0.251517 0.871550 0.124216
-0.171410 0.780030 0.107339
-0.091304 0.688510 0.090461
-0.011197 0.596990 0.073583
0.068909 0.505470 0.056705
0.149016 0.413949 0.039828
0.229123 0.322429 0.022950
0.309722 0.230346 0.005969
0.390322 0.138262 -0.011013
0.470921 0.046179 -0.027995
0.448479 -0.045904 -0.044976
0.367880 -0.137988 -0.061958
0.287280 -0.230071 -0.078939
0.206681 -0.322155 -0.095921
0.126081 -0.414238 -0.112902
0.045482 -0.493678 -0.129884
-0.035118 -0.401595 -0.146865
-0.116208 -0.308952 -0.163950
-0.197297 -0.216309 -0.181035
-0.278387 -0.123665 -0.198120
-0.359476 -0.031022 -0.215205
-0.440566 0.061621 -0.232289
-0.478345 0.154264 -0.249374
-0.397256 0.246907 -0.266459
-0.316166 0.339551 -0.283544
-0.235077 0.432194 -0.300628
-0.153987 0.524837 -0.317713
-0.072410 0.618036 -0.334901
0.009166 0.711236 -0.352088
0.090743 0.804436 -0.369275
0.172319 0.897635 -0.386462
0.253896 0.990835 -0.403650
0.335472 1.084034 -0.420837
0.417049 1.177233 -0.438024
0.498626 1.270432 -0.455212
0.419797 1.363631 -0.472399
0.338221 1.456830 -0.489586
0.256160 1.550582 -0.493124
0.174099 1.644334 -0.475835
0.092039 1.738086 -0.458545
0.009978 1.831839 -0.441256
-0.072083 1.925591 -0.423966
-0.154144 2.019343 -0.406677
-0.236204 2.113096 -0.389387
-0.318265 2.206850 -0.372098
-0.400326 2.300603 -0.354808
-0.482386 2.394356 -0.337519
-0.435072 2.488658 -0.320128
-0.352530 2.582960 -0.302737
-0.269988 2.677262 -0.285346
-0.187446 2.771563 -0.267955
-0.104904 2.865865 -0.250564
-0.022362 2.960167 -0.233173
0.060180 3.054468 -0.215783
0.142722 3.090022 -0.198392
0.225264 2.995721 -0.181001
0.307806 2.901419 -0.163610
0.390827 2.806569 -0.146119
0.473848 2.711719 -0.128627
0.443132 2.616869 -0.111135
0.360111 2.522019 -0.093644
0.277090 2.427169 -0.076152
0.194070 2.332319 -0.058660
0.111049 2.237468 -0.041169
0.028029 2.142618 -0.023677
-0.054992 2.047768 -0.006185
-0.138012 1.952919 0.011306
-0.221508 1.857526 0.028898
-0.305005 1.762134 0.046490
-0.388501 1.666741 0.064082
-0.471997 1.571349 0.081674
-0.444506 1.475957 0.099265
-0.361010 1.380564 0.116857
-0.277514 1.285172 0.134449
-0.194018 1.189779 0.152041
-0.110521 1.094387 0.169633
-0.027025 0.998994 0.187225
0.056944 0.903061 0.204916
0.140914 0.807128 0.222608
0.224883 0.711195 0.240299
0.308852 0.615262 0.257991
0.392822 0.519329 0.275683
0.476791 0.423395 0.293374
0.439240 0.327462 0.311066
0.355271 0.231529 0.328757
0.271301 0.135595 0.346449
0.187332 0.039662 0.364140
0.102892 -0.056809 0.381931
0.018452 -0.153279 0.399722
-0.065987 -0.249750 0.417513
-0.150427 -0.346221 0.435303
-0.234867 -0.442692 0.453094
-0.319307 -0.460838 0.470885
-0.403747 -0.364367 0.488676
-0.488186 -0.267896 0.493533
-0.427374 -0.171426 0.475743
-0.342934 -0.074955 0.457952
-0.258026 0.022050 0.440063
-0.173119 0.119056 0.422174
-0.088211 0.216061 0.404284
-0.003304 0.313066 0.386395
0.081604 0.410071 0.368506
0.166512 0.507077 0.350617
0.251419 0.604082 0.332728
0.336327 0.701088 0.314839
0.421235 0.798093 0.296950
0.493858 0.895098 0.279060
0.408485 0.992635 0.261073
0.323112 1.090172 0.243086
0.237739 1.187709 0.225099
0.152366 1.285246 0.207112
0.066993 1.382784 0.189124
-0.018380 1.480321 0.171137
-0.103753 1.577858 0.153150
-0.189126 1.675395 0.135163
-0.274498 1.772932 0.117176
-0.359871 1.870469 0.099188
-0.445707 1.968534 0.081104
-0.468458 2.066600 0.063019
-0.382622 2.164666 0.044934
-0.296787 2.262733 0.026849
-0.210951 2.360799 0.008765
-0.125116 2.458865 -0.009320
-0.039280 2.556931 -0.027405
0.046556 2.654998 -0.045489
0.132391 2.753064 -0.063574
0.218227 2.851130 -0.081659
0.304523 2.949721 -0.099841
0.390819 3.048312 -0.118022
0.477115 3.146903 -0.136204
0.436590 3.245494 -0.154386
0.350294 3.344085 -0.172567
0.263998 3.442254 -0.190749
0.177702 3.343663 -0.208931
0.091406 3.245072 -0.227112
0.005110 3.146481 -0.245294
-0.081186 3.047890 -0.263476
-0.167939 2.948775 -0.281754
-0.254693 2.849659 -0.300032
-0.341447 2.750544 -0.318310
-0.428200 2.651429 -0.336588
-0.485046 2.552313 -0.354866
-0.398292 2.453198 -0.373144
-0.311539 2.354083 -0.391422
-0.224785 2.254967 -0.409700
-0.138031 2.155852 -0.427978
-0.051278 2.056736 -0.446256
0.035931 1.957101 -0.464630
0.123140 1.857466 -0.483004
0.210349 1.757831 -0.498622
0.297559 1.658196 -0.480248
0.384768 1.558561 -0.461874
0.471977 1.458926 -0.443500
0.440814 1.359291 -0.425125
0.353605 1.259655 -0.406751
0.266396 1.160020 -0.388377
0.179187 1.060385 -0.370003
0.091525 0.960233 -0.351534
0.003863 0.860081 -0.333064
-0.083799 0.759929 -0.314594
-0.171461 0.659777 -0.296125
-0.259123 0.559625 -0.277655
-0.346785 0.459473 -0.259185
-0.434447 0.359321 -0.240716
-0.477891 0.259169 -0.222246
-0.390229 0.159017 -0.203777
-0.302567 0.058865 -0.185307
-0.214454 -0.041802 -0.166743
-0.126341 -0.142469 -0.148178
-0.038228 -0.243137 -0.129614
0.049884 -0.343804 -0.111049
0.137997 -0.444471 -0.092485
0.226110 -0.454862 -0.073920
0.314223 -0.354195 -0.055356
0.402335 -0.253528 -0.036791
0.490448 -0.152861 -0.018227
0.421439 -0.052194 0.000338
0.332878 0.048986 0.018997
0.244317 0.150165 0.037656
0.155756 0.251345 0.056315
0.067195 0.352524 0.074974
-0.021367 0.453703 0.093633
-0.109928 0.554883 0.112292
-0.198489 0.656062 0.130951
-0.287050 0.757242 0.149610
-0.375611 0.858421 0.168269
-0.464172 0.959601 0.186928
-0.446820 1.061290 0.205681
-0.357813 1.162979 0.224434
-0.268806 1.264668 0.243187
-0.179798 1.366357 0.261940
-0.090791 1.468046 0.280693
-0.001784 1.569735 0.299446
0.087224 1.671425 0.318199
0.176231 1.773114 0.336952
0.265238 1.874803 0.355705
0.354246 1.976492 0.374458
0.443697 2.078688 0.393305
0.466852 2.180883 0.412151
0.377400 2.283079 0.430998
0.287949 2.385275 0.449844
0.198497 2.487471 0.468690
0.109046 2.589666 0.487537
0.019595 2.691862 0.493617
-0.069856 2.794058 0.474770
-0.159308 2.896254 0.455924
