-0.166981 0.207745 -0.300192
-0.166713 0.204136 -0.274627
-0.166445 0.200528 -0.249062
-0.166176 0.177216 -0.223497
-0.165908 0.012711 -0.197932
-0.165640 -0.136290 -0.172367
-0.165372 -0.223809 -0.146802
-0.165103 -0.277599 -0.121237
-0.164835 -0.304344 -0.095672
-0.164567 -0.335075 -0.070107
-0.164299 -0.364531 -0.044542
-0.163970 -0.373465 -0.013231
-0.163642 -0.396463 0.018080
-0.163313 -0.432139 0.049390
-0.162985 -0.448952 0.080701
-0.162656 -0.453825 0.112012
-0.162327 -0.458244 0.143322
-0.161999 -0.462664 0.174633
-0.161670 -0.467083 0.205944
-0.161342 -0.471502 0.237255
-0.161013 -0.475922 0.268565
-0.160634 -0.481025 0.304720
-0.160254 -0.486128 0.340874
-0.159875 -0.491231 0.377029
-0.159496 -0.496334 0.413183
-0.159116 -0.498563 0.449337
-0.158737 -0.493460 0.485492
-0.158357 -0.488357 0.478354
-0.157978 -0.483254 0.442199
-0.157599 -0.478151 0.406045
-0.157219 -0.473048 0.369891
-0.156795 -0.467342 0.329469
-0.156371 -0.461637 0.289046
-0.155947 -0.455932 0.248624
-0.155523 -0.450226 0.208202
-0.155099 -0.444521 0.167781
-0.154675 -0.438815 0.127359
-0.154251 -0.433110 0.086937
-0.153827 -0.427405 0.046515
-0.153402 -0.421699 0.006093
-0.152978 -0.415994 -0.034329
-0.152514 -0.409744 -0.078609
-0.152049 -0.403494 -0.122889
-0.151585 -0.397244 -0.167169
-0.151120 -0.390993 -0.211449
-0.150655 -0.384743 -0.255729
-0.150191 -0.378493 -0.300009
-0.149726 -0.372243 -0.344289
-0.149261 -0.365993 -0.388569
-0.148797 -0.359743 -0.432849
-0.148332 -0.353493 -0.477129
-0.147830 -0.346742 -0.475043
-0.147328 -0.339991 -0.427215
-0.146827 -0.333240 -0.379387
-0.146325 -0.326489 -0.331559
-0.145823 -0.319739 -0.283731
-0.145321 -0.312988 -0.235903
-0.144819 -0.306237 -0.188075
-0.144317 -0.299486 -0.140247
-0.143815 -0.292735 -0.092419
-0.143314 -0.285984 -0.044591
-0.142777 -0.278767 0.006539
-0.142241 -0.271551 0.057669
-0.141704 -0.264334 0.108799
-0.141168 -0.257117 0.159929
-0.140631 -0.249900 0.211060
-0.140095 -0.242683 0.262190
-0.139558 -0.235466 0.313320
-0.139022 -0.228249 0.364450
-0.138486 -0.221032 0.415580
-0.137949 -0.213815 0.466710
-0.137380 -0.206160 0.479058
-0.136811 -0.198506 0.424826
-0.136242 -0.190851 0.370594
-0.135673 -0.183196 0.316363
-0.135104 -0.175541 0.262131
-0.134535 -0.167887 0.207899
-0.133966 -0.160232 0.153667
-0.133396 -0.152577 0.099435
-0.132827 -0.152809 0.045204
-0.132258 -0.160464 -0.009028
-0.131659 -0.168533 -0.066193
-0.131059 -0.176601 -0.123359
-0.130459 -0.184670 -0.180524
-0.129859 -0.192739 -0.237689
-0.129259 -0.200808 -0.294854
-0.128660 -0.208877 -0.352020
-0.128060 -0.216946 -0.409185
-0.127460 -0.225014 -0.466350
-0.126860 -0.233083 -0.476484
-0.126261 -0.241152 -0.419319
-0.125631 -0.249615 -0.359363
-0.125002 -0.258077 -0.299408
-0.124373 -0.266540 -0.239453
-0.123744 -0.275003 -0.179497
-0.123115 -0.283465 -0.119542
-0.122486 -0.291928 -0.059586
-0.121857 -0.300391 0.000369
-0.121228 -0.308853 0.060324
-0.120598 -0.317316 0.120280
-0.119969 -0.325779 0.180235
-0.119312 -0.334617 0.242857
-0.118655 -0.343456 0.305478
-0.117998 -0.352295 0.368100
-0.117341 -0.361134 0.430721
-0.116684 -0.369973 0.493343
-0.116027 -0.378811 0.444036
-0.115370 -0.387650 0.381414
-0.114713 -0.396489 0.318793
-0.114056 -0.405328 0.256171
-0.113389 -0.414054 0.219381
-0.112655 -0.422670 0.288631
-0.111921 -0.431286 0.357881
-0.111187 -0.439902 0.427131
-0.110453 -0.448518 0.496381
-0.109719 -0.457134 0.434369
-0.108985 -0.465749 0.365118
-0.108251 -0.474365 0.295868
-0.107517 -0.482981 0.226618
-0.106783 -0.491597 0.157368
-0.106049 -0.499787 0.088118
-0.105287 -0.490846 0.016254
-0.104525 -0.481905 -0.055611
-0.103764 -0.472963 -0.127475
-0.103002 -0.464022 -0.199339
-0.102240 -0.455081 -0.271203
-0.101478 -0.446139 -0.343068
-0.100717 -0.437198 -0.414932
-0.099955 -0.428257 -0.486796
-0.099193 -0.419316 -0.441340
-0.098431 -0.410374 -0.369476
-0.097643 -0.401119 -0.295089
-0.096854 -0.391864 -0.220703
-0.096066 -0.382609 -0.146316
-0.095277 -0.373354 -0.071930
-0.094489 -0.364099 0.002457
-0.093700 -0.354844 0.076844
-0.092912 -0.345589 0.151230
-0.092123 -0.336333 0.225617
-0.091335 -0.327078 0.300003
-0.090546 -0.317823 0.374390
-0.089732 -0.308265 0.451216
-0.088918 -0.298706 0.471958
-0.088103 -0.289148 0.395131
-0.087289 -0.279589 0.318305
-0.086475 -0.270031 0.241479
-0.085660 -0.260472 0.164653
-0.084846 -0.250914 0.087827
-0.084032 -0.241355 0.011001
-0.083217 -0.231797 -0.065825
-0.082403 -0.222238 -0.142651
-0.081563 -0.212386 -0.221842
-0.080724 -0.202533 -0.301032
-0.079885 -0.192680 -0.380223
-0.079045 -0.182828 -0.459413
-0.078206 -0.172975 -0.461396
-0.077367 -0.163122 -0.382206
-0.076527 -0.153270 -0.303015
-0.085309 -0.129544 -0.262434
-0.116541 -0.073450 -0.311939
-0.147774 -0.017355 -0.361444
-0.179911 0.040366 -0.412384
-0.212049 0.098086 -0.463325
-0.244186 0.126329 -0.485735
-0.276324 0.068608 -0.434795
-0.308462 0.010887 -0.383855
-0.340599 -0.046834 -0.332915
-0.372737 -0.104555 -0.281974
-0.404875 -0.162276 -0.231034
-0.437012 -0.219996 -0.180094
-0.469150 -0.277717 -0.129153
-0.497832 -0.337020 -0.076817
-0.464814 -0.396322 -0.024481
-0.431795 -0.455625 0.027855
-0.398777 -0.485073 0.080192
-0.365759 -0.425770 0.132528
-0.332740 -0.366468 0.184864
-0.299722 -0.307166 0.237200
-0.266704 -0.247863 0.289536
-0.233686 -0.188561 0.341872
-0.200667 -0.129258 0.394209
-0.166791 -0.068415 0.447904
-0.132915 -0.007572 0.498400
-0.099039 0.053272 0.444704
-0.065163 0.114115 0.391008
-0.031287 0.174958 0.337313
0.002589 0.235801 0.283617
0.036465 0.241709 0.229921
0.070341 0.180866 0.176225
0.104217 0.120023 0.122529
0.138093 0.059180 0.068834
0.172805 -0.003166 0.013812
0.207518 -0.065512 -0.041210
0.242231 -0.127857 -0.096232
0.276943 -0.190203 -0.151254
0.311656 -0.252549 -0.206276
0.346368 -0.314894 -0.261297
0.381081 -0.377240 -0.316319
0.415793 -0.439585 -0.371341
0.450506 -0.498069 -0.426363
0.485218 -0.435724 -0.481385
0.479252 -0.371911 -0.462298
0.443723 -0.308098 -0.405982
0.408193 -0.244285 -0.349665
0.372664 -0.180473 -0.293349
0.337134 -0.116660 -0.237032
0.301605 -0.052847 -0.180715
0.266076 0.010966 -0.124399
0.230546 0.074779 -0.068082
0.195017 0.138592 -0.011765
0.157142 0.162802 0.032520
0.114818 0.126816 0.059347
0.072494 0.090831 0.086174
0.030171 0.054846 0.113001
-0.012153 0.018861 0.139828
-0.054477 -0.017125 0.166655
-0.096800 -0.053110 0.193482
-0.139124 -0.089095 0.220309
-0.181448 -0.125080 0.247136
-0.223771 -0.161066 0.273963
-0.266095 -0.197051 0.300790
-0.309329 -0.233810 0.328194
-0.352563 -0.270569 0.355598
-0.395797 -0.307328 0.383002
-0.439031 -0.344087 0.410406
-0.465004 -0.316300 0.379780
-0.483579 -0.260849 0.324282
-0.497845 -0.205399 0.268785
-0.479270 -0.149948 0.213288
-0.460694 -0.094497 0.157790
-0.442119 -0.039047 0.102293
-0.423160 0.017547 0.045651
-0.404201 0.074141 -0.010991
-0.385243 0.130735 -0.067633
-0.366284 0.187329 -0.124274
-0.347325 0.243923 -0.180916
-0.328366 0.300517 -0.237558
-0.309408 0.357112 -0.294200
-0.290449 0.413706 -0.350841
-0.363918 0.349532 -0.321980
-0.437388 0.285358 -0.293119
-0.487687 0.219914 -0.263686
-0.412763 0.154469 -0.234254
-0.337838 0.089025 -0.204821
-0.262914 0.023581 -0.175388
-0.187989 -0.041864 -0.145955
-0.113065 -0.107308 -0.116522
-0.038140 -0.172753 -0.087090
0.036785 -0.238197 -0.057657
0.111709 -0.303642 -0.028224
0.186634 -0.369086 0.001209
0.262986 -0.435777 0.031202
0.339338 -0.497532 0.061196
0.415689 -0.430841 0.091189
0.492041 -0.364150 0.121183
0.431607 -0.297459 0.151176
0.355255 -0.230768 0.181170
0.278904 -0.164077 0.211163
0.202552 -0.097386 0.241157
0.126200 -0.030695 0.271150
0.049848 0.035997 0.301144
-0.027905 0.103911 0.331687
-0.105658 0.171826 0.362231
-0.183411 0.239741 0.392775
-0.261164 0.307656 0.423319
-0.338917 0.375571 0.453863
-0.416670 0.443486 0.484406
-0.494423 0.511401 0.485050
-0.427824 0.579316 0.454506
-0.350071 0.647231 0.423962
-0.272318 0.710797 0.393418
-0.193188 0.641680 0.362334
-0.114059 0.572563 0.331249
-0.034930 0.503446 0.300165
0.044199 0.434329 0.269081
0.123328 0.365212 0.237996
0.202458 0.296095 0.206912
0.281587 0.226978 0.175827
0.360716 0.157861 0.144742
0.439845 0.088744 0.113658
0.481025 0.019627 0.082573
0.400543 -0.050672 0.050958
0.320061 -0.120971 0.019342
0.239579 -0.191269 -0.012274
0.159097 -0.261568 -0.043890
0.078615 -0.331866 -0.075506
-0.001867 -0.402165 -0.107122
-0.082349 -0.472464 -0.138738
-0.162831 -0.457238 -0.170354
-0.243313 -0.386939 -0.201970
-0.323795 -0.316641 -0.233586
-0.405607 -0.245180 -0.265724
-0.487419 -0.173719 -0.297863
-0.430768 -0.102259 -0.330001
-0.348956 -0.030798 -0.362140
-0.267143 0.040663 -0.394278
-0.185331 0.112123 -0.426417
-0.103519 0.183584 -0.458556
-0.021706 0.255044 -0.490694
0.060106 0.326505 -0.477167
0.141918 0.397966 -0.445029
0.225040 0.470570 -0.412376
0.308161 0.543174 -0.379723
0.391282 0.615777 -0.347070
0.424286 0.645398 -0.333659
0.340346 0.574723 -0.365145
0.256407 0.504049 -0.396631
0.172468 0.433374 -0.428117
0.088529 0.362700 -0.459604
0.004590 0.292025 -0.491090
-0.079350 0.221350 -0.477424
-0.164590 0.149580 -0.445450
-0.249831 0.077809 -0.413476
-0.335072 0.006039 -0.381501
-0.420312 -0.065732 -0.349527
-0.494447 -0.137502 -0.317553
-0.409206 -0.209273 -0.285578
-0.323966 -0.281043 -0.253604
-0.238725 -0.352814 -0.221630
-0.153484 -0.424585 -0.189655
-0.068244 -0.496355 -0.157681
0.018279 -0.430795 -0.125226
0.104801 -0.357945 -0.092771
0.191324 -0.285096 -0.060315
0.277847 -0.212246 -0.027860
0.364369 -0.139396 0.004595
0.450892 -0.066546 0.037050
0.462585 0.006303 0.069505
0.376063 0.079153 0.101961
0.289540 0.152003 0.134416
0.203017 0.224853 0.166871
0.115232 0.298766 0.199800
0.027446 0.372680 0.232729
-0.060340 0.446593 0.265658
-0.148126 0.520506 0.298587
-0.235911 0.594420 0.331516
-0.323697 0.668333 0.364446
-0.411483 0.742246 0.397375
-0.499268 0.816160 0.430304
-0.412946 0.844079 0.463233
-0.325160 0.770166 0.496162
-0.236129 0.695204 0.470441
-0.147098 0.620242 0.437045
-0.058067 0.545280 0.403649
0.030964 0.470318 0.370253
0.119995 0.395357 0.336857
0.209026 0.320395 0.303461
0.298057 0.245433 0.270064
0.387088 0.170471 0.236668
0.476118 0.095510 0.203272
0.434851 0.020548 0.169876
0.344592 -0.055448 0.136019
0.254333 -0.131444 0.102162
0.164074 -0.207440 0.068305
0.073815 -0.283436 0.034449
-0.016444 -0.359432 0.000592
-0.106704 -0.435427 -0.033265
-0.196963 -0.488577 -0.067122
-0.287222 -0.412581 -0.100978
-0.377481 -0.336585 -0.134835
-0.467740 -0.260589 -0.168692
-0.440790 -0.183573 -0.203003
-0.349319 -0.106557 -0.237315
-0.257848 -0.029541 -0.271626
-0.166377 0.047475 -0.305937
-0.074907 0.124491 -0.340249
0.016564 0.201507 -0.374560
0.108035 0.278523 -0.408872
0.199505 0.355539 -0.443183
0.290976 0.432555 -0.477494
0.382447 0.509571 -0.488194
0.475113 0.587593 -0.453434
0.432220 0.665616 -0.418674
0.339554 0.743638 -0.383914
0.246888 0.821661 -0.349154
0.154221 0.899683 -0.314394
0.061555 0.977706 -0.279635
-0.031112 1.055728 -0.244875
-0.123778 1.125637 -0.210115
-0.216445 1.047614 -0.175355
-0.309111 0.969592 -0.140595
-0.402958 0.890575 -0.105393
-0.496805 0.811558 -0.070190
-0.409348 0.732542 -0.034987
-0.315501 0.653525 0.000215
-0.221654 0.574508 0.035418
-0.127807 0.495492 0.070621
-0.033961 0.416475 0.105823
0.059886 0.337458 0.141026
0.153733 0.258442 0.176228
0.247580 0.179425 0.211431
0.342593 0.099427 0.247071
0.437606 0.019428 0.282711
0.467381 -0.060570 0.318351
0.372369 -0.140569 0.353991
0.277356 -0.220567 0.389631
0.182343 -0.300565 0.425271
0.185323 -0.293227 0.392379
0.230301 -0.248458 0.330115
0.275278 -0.203690 0.267852
0.320255 -0.158922 0.205589
0.365777 -0.113611 0.142571
0.411300 -0.068300 0.079553
0.456822 -0.022989 0.016535
0.497656 0.022322 -0.046483
0.452133 0.067633 -0.109501
0.406611 0.112944 -0.172519
0.361088 0.158255 -0.235537
0.315566 0.203566 -0.298554
0.270043 0.248877 -0.361572
0.224521 0.294188 -0.424590
0.178460 0.340035 -0.488354
0.132399 0.385883 -0.447882
0.086338 0.431730 -0.384118
0.040276 0.477577 -0.320354
-0.005785 0.523425 -0.256590
-0.051846 0.569272 -0.192827
-0.097907 0.615119 -0.129063
-0.143968 0.660966 -0.065299
-0.190029 0.706814 -0.001535
-0.236090 0.752661 0.062228
-0.282684 0.799038 0.126729
-0.329277 0.845415 0.191230
-0.375871 0.891793 0.255731
-0.422464 0.938170 0.320232
-0.469058 0.984547 0.384733
-0.484348 1.030924 0.449234
-0.437755 1.077301 0.486266
-0.391161 1.123678 0.421765
-0.344568 1.170056 0.357264
-0.297974 1.213386 0.292763
-0.250854 1.166484 0.227533
-0.203734 1.119583 0.162303
-0.156614 1.072681 0.097073
-0.109494 1.025779 0.031844
-0.062374 0.978878 -0.033386
-0.015253 0.931977 -0.098616
0.031867 0.885076 -0.163846
0.078987 0.838175 -0.229075
0.126107 0.791273 -0.294305
0.173227 0.744372 -0.359535
0.220868 0.696953 -0.425486
0.268509 0.649533 -0.491436
0.316149 0.602113 -0.442614
0.363790 0.554694 -0.376663
0.411431 0.507274 -0.310713
0.459072 0.459854 -0.244762
0.493288 0.412435 -0.178812
0.445647 0.365015 -0.112861
0.398006 0.317595 -0.046910
0.350365 0.270176 0.019040
0.302209 0.222243 0.085704
0.254054 0.174311 0.152367
0.205898 0.126379 0.219031
0.157742 0.078447 0.285695
0.109586 0.030514 0.352358
0.061430 -0.017418 0.419022
0.013274 -0.065350 0.485685
-0.034881 -0.113282 0.447651
-0.083037 -0.161215 0.380987
-0.131193 -0.209147 0.314324
-0.179858 -0.257587 0.246955
-0.228524 -0.306026 0.179586
-0.277189 -0.354466 0.112217
-0.325855 -0.402905 0.044848
-0.374520 -0.451345 -0.022521
-0.423185 -0.499784 -0.089890
-0.471851 -0.451777 -0.157259
-0.479484 -0.403337 -0.224628
-0.430818 -0.354897 -0.291998
-0.382153 -0.306458 -0.359367
-0.332983 -0.257517 -0.427434
-0.283814 -0.208575 -0.495501
-0.234644 -0.159634 -0.436432
-0.185474 -0.110692 -0.368365
-0.136304 -0.061751 -0.300298
-0.087135 -0.012809 -0.232231
-0.037965 0.036132 -0.164164
0.011205 0.085074 -0.096097
0.060375 0.134015 -0.028030
0.109544 0.182957 0.040037
0.159213 0.232395 0.108796
0.208882 0.281833 0.177554
0.258551 0.331272 0.246312
0.308220 0.380710 0.315070
0.357889 0.430149 0.383828
0.407558 0.479587 0.452587
0.457227 0.529026 0.478655
0.493104 0.578464 0.409897
0.443436 0.627903 0.341139
0.393767 0.677341 0.272381
0.430815 0.637638 0.330216
0.477554 0.587975 0.402194
0.475708 0.538313 0.474171
0.428969 0.488650 0.453852
0.382230 0.438987 0.381874
0.335491 0.389324 0.309897
0.288753 0.339661 0.237919
0.242014 0.289999 0.165942
0.195276 0.240336 0.093965
0.148537 0.190673 0.021987
0.101342 0.140525 -0.050692
0.054148 0.090378 -0.123372
0.006953 0.040231 -0.196051
-0.040241 -0.009917 -0.268731
-0.087436 -0.060064 -0.341410
-0.134631 -0.110211 -0.414090
-0.181825 -0.160359 -0.486769
-0.229020 -0.210506 -0.440551
-0.276215 -0.260653 -0.367871
-0.323409 -0.310801 -0.295192
-0.371055 -0.361428 -0.221817
-0.418701 -0.412055 -0.148442
-0.466348 -0.462683 -0.075067
-0.486006 -0.486690 -0.001692
-0.438360 -0.436063 0.071684
-0.390714 -0.385436 0.145059
-0.343068 -0.334808 0.218434
-0.295421 -0.284181 0.291809
-0.247775 -0.233554 0.365184
-0.200129 -0.182926 0.438559
-0.152036 -0.131824 0.487377
-0.103942 -0.080721 0.413313
-0.055848 -0.029618 0.339249
-0.007755 0.021484 0.265184
0.040339 0.072587 0.191120
0.088433 0.123689 0.117056
0.136526 0.174792 0.042992
0.184620 0.225895 -0.031072
0.232714 0.276997 -0.105136
0.280807 0.328100 -0.179200
0.329344 0.379674 -0.253947
0.377881 0.431247 -0.328694
0.426418 0.482821 -0.403440
0.474955 0.534394 -0.478187
0.476508 0.585968 -0.447067
0.427971 0.637541 -0.372320
0.379434 0.689115 -0.297573
0.330897 0.740688 -0.222827
0.282360 0.792262 -0.148080
0.233823 0.843835 -0.073333
0.184847 0.895875 0.002090
0.135871 0.947916 0.077513
0.086895 0.999956 0.152936
0.037919 1.051997 0.228359
-0.011057 1.104037 0.303782
-0.060033 1.156078 0.379205
-0.109010 1.208119 0.454629
-0.157986 1.260160 0.469948
-0.206962 1.312201 0.394525
-0.255938 1.364241 0.319102
-0.305349 1.416745 0.243008
-0.354761 1.469248 0.166915
-0.404172 1.521752 0.090821
-0.453583 1.574255 0.014728
-0.497005 1.626758 -0.061366
-0.447594 1.679262 -0.137459
-0.398183 1.731765 -0.213553
-0.348771 1.784268 -0.289647
-0.299360 1.794606 -0.365740
-0.249948 1.742103 -0.441834
-0.200105 1.689142 -0.481408
-0.150262 1.636181 -0.404650
-0.100419 1.583220 -0.327891
-0.050576 1.530259 -0.251133
-0.000733 1.477297 -0.174375
0.049110 1.424336 -0.097617
0.098953 1.371375 -0.020859
0.148796 1.318414 0.055900
0.198639 1.265453 0.132658
0.248482 1.212492 0.209416
0.298753 1.159075 0.286833
0.349024 1.105659 0.364250
0.399295 1.052242 0.441667
0.449565 0.998826 0.480915
0.499836 0.945410 0.403498
0.449893 0.891994 0.326081
0.399622 0.838578 0.248664
0.349351 0.785162 0.171247
0.299080 0.731746 0.093830
0.248809 0.678331 0.016413
0.198114 0.624463 -0.061658
0.147419 0.570596 -0.139728
0.096724 0.516729 -0.217798
0.046029 0.462862 -0.295869
-0.004666 0.408996 -0.373939
-0.055361 0.355129 -0.452010
-0.106056 0.301262 -0.469920
-0.156751 0.247395 -0.391849
-0.207446 0.193528 -0.313779
-0.258142 0.139661 -0.235709
-0.309257 0.085347 -0.156990
-0.342682 0.175272 -0.254240
-0.376108 0.265198 -0.351489
-0.409533 0.355123 -0.448739
-0.442958 0.445048 -0.454012
-0.476383 0.534973 -0.356762
-0.490192 0.624898 -0.259513
-0.456767 0.714823 -0.162264
-0.423342 0.804748 -0.065014
-0.389917 0.894673 0.032235
-0.356219 0.985332 0.130279
-0.322521 1.075991 0.228322
-0.288823 1.166649 0.326366
-0.255124 1.257308 0.424409
-0.221426 1.347967 0.477548
-0.187728 1.438625 0.379504
-0.154030 1.529284 0.281461
-0.120332 1.619943 0.183418
-0.086634 1.710601 0.085374
-0.052936 1.801260 -0.012669
-0.018967 1.823850 -0.111500
0.015001 1.732463 -0.210331
0.048970 1.641076 -0.309162
0.082939 1.549689 -0.407993
0.116907 1.458302 -0.493177
0.150876 1.366915 -0.394346
0.184845 1.275528 -0.295515
0.218813 1.184141 -0.196684
0.252782 1.092754 -0.097853
0.286751 1.001367 0.000977
0.320988 0.909257 0.100590
0.355225 0.817147 0.200202
0.389462 0.725037 0.299814
0.423700 0.632927 0.399426
0.457937 0.540817 0.499038
0.492174 0.448707 0.401350
0.473589 0.356597 0.301737
0.439351 0.264487 0.202125
0.405114 0.172377 0.102513
0.370877 0.080267 0.002901
0.336373 -0.012559 -0.097486
0.301870 -0.105386 -0.197874
0.267366 -0.198212 -0.298261
0.232863 -0.291039 -0.398648
0.198359 -0.383866 -0.499036
0.163855 -0.476693 -0.400577
0.129352 -0.430481 -0.300190
0.094848 -0.337654 -0.199802
0.060344 -0.244827 -0.099415
0.025840 -0.152000 0.000972
-0.008928 -0.058462 0.102129
-0.043696 0.035076 0.203286
-0.078464 0.128614 0.304442
-0.113427 0.211310 0.395117
-0.149172 0.250637 0.443864
-0.184916 0.289964 0.492612
-0.220660 0.329292 0.458641
-0.256405 0.368619 0.409894
-0.292150 0.407947 0.361146
-0.327894 0.447274 0.312399
-0.312683 0.411623 0.315956
-0.246246 0.300696 0.372184
-0.179809 0.189770 0.428413
-0.113373 0.078843 0.484642
-0.046936 -0.032084 0.459130
0.019501 -0.143010 0.402901
0.085937 -0.253937 0.346672
0.152374 -0.364863 0.290444
0.218811 -0.475790 0.234215
0.285247 -0.413283 0.177987
0.352178 -0.301532 0.121340
0.419109 -0.189781 0.064693
0.486039 -0.078029 0.008047
0.447030 0.033722 -0.048600
0.380099 0.145473 -0.105247
0.313169 0.257225 -0.161894
0.246238 0.368976 -0.218540
0.179307 0.480727 -0.275187
0.112377 0.592479 -0.331834
0.045446 0.704230 -0.388480
-0.021975 0.816800 -0.445542
-0.089396 0.929370 -0.497396
-0.156817 1.041940 -0.440335
-0.224238 1.154511 -0.383273
-0.291659 1.267081 -0.326212
-0.359080 1.379652 -0.269150
-0.426501 1.492222 -0.212088
-0.493922 1.604793 -0.155026
-0.438657 1.717363 -0.097965
-0.371237 1.829934 -0.040903
-0.303329 1.943316 0.016571
-0.235421 2.056699 0.074044
-0.167513 2.170081 0.131518
-0.099605 2.283463 0.188992
-0.031698 2.396846 0.246465
0.036210 2.448769 0.303939
0.104118 2.335386 0.361413
0.172026 2.222004 0.418887
0.239933 2.108622 0.476360
0.307841 1.995239 0.466166
0.376233 1.881050 0.408283
0.444624 1.766860 0.350401
0.486985 1.652671 0.292518
0.418594 1.538482 0.234635
0.350202 1.424292 0.176752
0.281811 1.310103 0.118870
0.213420 1.195914 0.060987
0.145029 1.081724 0.003104
0.076638 0.967535 -0.054779
0.008247 0.853345 -0.112661
-0.060624 0.738354 -0.170950
-0.129496 0.623362 -0.229239
-0.198367 0.508371 -0.287528
-0.267238 0.393380 -0.345817
-0.336109 0.278389 -0.404106
-0.404980 0.163398 -0.462395
-0.473851 0.048407 -0.479316
-0.457278 -0.066584 -0.421027
-0.388407 -0.181576 -0.362738
-0.319536 -0.296567 -0.304449
-0.250188 -0.412354 -0.245757
-0.180841 -0.471859 -0.187065
-0.111493 -0.356072 -0.128372
-0.042145 -0.240285 -0.069680
0.027202 -0.124498 -0.010988
0.096550 -0.008711 0.047705
0.165898 0.107076 0.106397
0.235245 0.222863 0.165089
0.304593 0.338650 0.223782
0.373941 0.454437 0.282474
0.443762 0.571014 0.341567
0.486417 0.687591 0.400660
0.416596 0.804169 0.459753
0.346775 0.920746 0.481154
0.276953 1.037323 0.422061
0.207132 1.153900 0.362968
0.137311 1.270477 0.303875
0.067490 1.387054 0.244782
-0.002331 1.503631 0.185689
-0.072152 1.620209 0.126596
-0.142443 1.737571 0.067105
-0.212734 1.854934 0.007615
-0.283025 1.972297 -0.051876
-0.353316 2.089659 -0.111367
-0.423608 2.207020 -0.170858
-0.493899 2.324382 -0.230349
-0.435810 2.364995 -0.289840
-0.365519 2.247633 -0.349331
-0.295228 2.130271 -0.408822
-0.224937 2.012910 -0.468312
-0.154178 1.894768 -0.471801
-0.083420 1.776625 -0.411915
-0.012662 1.658483 -0.352029
0.058097 1.540341 -0.292142
0.128855 1.422198 -0.232256
0.199613 1.304056 -0.172370
0.270372 1.185913 -0.112484
0.341130 1.067771 -0.052597
0.411888 0.949629 0.007289
0.482646 0.831486 0.067175
0.446132 0.712569 0.127454
0.374910 0.593652 0.187733
0.303687 0.474735 0.248012
0.232465 0.355818 0.308291
0.161243 0.236901 0.368569
0.090021 0.117984 0.428848
0.018798 -0.000933 0.489127
-0.052424 -0.119850 0.450594
-0.123646 -0.238767 0.390316
-0.194869 -0.357684 0.330037
-0.266552 -0.477371 0.269368
-0.338235 -0.402943 0.208699
-0.409918 -0.283256 0.148030
-0.481602 -0.163569 0.087360
-0.446715 -0.043883 0.026691
-0.375032 0.075804 -0.033978
-0.303349 0.195490 -0.094647
-0.231666 0.315177 -0.155316
-0.159982 0.434864 -0.215985
-0.088299 0.554551 -0.276654
-0.016158 0.675002 -0.337710
0.055984 0.795453 -0.398767
0.128125 0.915905 -0.459824
0.200266 1.036356 -0.479120
0.272408 1.156808 -0.418063
0.344549 1.277259 -0.357006
0.416690 1.397711 -0.295950
0.488831 1.518162 -0.234893
0.439027 1.638614 -0.173836
0.366886 1.759065 -0.112780
0.294290 1.880276 -0.051338
0.221693 2.001487 0.010104
0.149097 2.122699 0.071546
0.076500 2.243911 0.132988
0.003904 2.365123 0.194430
-0.068693 2.486335 0.255872
-0.141289 2.607547 0.317314
-0.213886 2.728759 0.378756
-0.286482 2.849971 0.440198
-0.359079 2.971183 0.498360
-0.432127 2.922540 0.436535
-0.494824 2.800575 0.374710
-0.421775 2.678609 0.312885
-0.348726 2.556644 0.251060
-0.275678 2.434679 0.189236
-0.202629 2.312713 0.127411
-0.129580 2.190748 0.065586
-0.056531 2.068782 0.003761
0.016517 1.946816 -0.058063
0.089566 1.824850 -0.119888
0.163065 1.702132 -0.182093
0.236563 1.579414 -0.244299
0.310061 1.456697 -0.306504
0.383560 1.333979 -0.368709
0.457058 1.211262 -0.430914
0.469443 1.088544 -0.493119
0.395945 0.965827 -0.444675
0.322446 0.843110 -0.382470
0.248948 0.720393 -0.320265
0.175449 0.597676 -0.258060
0.101504 0.474212 -0.195476
0.027559 0.350749 -0.132893
-0.046386 0.227286 -0.070310
-0.120331 0.103823 -0.007726
-0.194276 -0.019641 0.054857
-0.268221 -0.143104 0.117441
-0.342167 -0.266567 0.180024
-0.416112 -0.390030 0.242607
-0.490057 -0.486507 0.305191
-0.435998 -0.363043 0.367774
-0.361608 -0.238838 0.430733
-0.287219 -0.114634 0.493693
-0.212830 0.009571 0.443348
-0.138441 0.133776 0.380389
-0.064051 0.257980 0.317430
0.010338 0.382185 0.254471
-0.006159 0.345484 0.298533
-0.083248 0.201513 0.413944
-0.160336 0.057542 0.470645
-0.237424 -0.086429 0.355234
-0.314970 -0.231255 0.239138
-0.392516 -0.376081 0.123042
-0.470061 -0.479094 0.006946
-0.452393 -0.334268 -0.109150
-0.374847 -0.189443 -0.225245
-0.297302 -0.044617 -0.341341
-0.219756 0.100209 -0.457437
-0.142210 0.245035 -0.426467
-0.064665 0.389860 -0.310371
0.012881 0.534686 -0.194275
0.090882 0.680361 -0.077499
0.168882 0.826036 0.039278
0.246883 0.971711 0.156055
0.324884 1.117386 0.272831
0.402884 1.263061 0.389608
0.480885 1.408736 0.493615
0.441114 1.554410 0.376838
0.363113 1.700085 0.260061
0.285113 1.845760 0.143285
0.207112 1.991435 0.026508
0.128659 2.137955 -0.090946
0.050206 2.284476 -0.208399
-0.028246 2.430996 -0.325853
-0.106699 2.577516 -0.443307
-0.185152 2.724036 -0.439240
-0.263605 2.870556 -0.321786
-0.342058 3.017076 -0.204333
-0.420511 3.163596 -0.086879
-0.498963 3.298069 0.030575
-0.422584 3.151549 0.148028
-0.343682 3.004190 0.266155
-0.264779 2.856830 0.384282
-0.185877 2.709471 0.497591
-0.106975 2.562112 0.379464
-0.028072 2.414752 0.261337
0.050830 2.267393 0.143211
0.129733 2.120034 0.025084
0.208635 1.972674 -0.093043
0.287537 1.825315 -0.211170
0.366440 1.677955 -0.329296
0.445789 1.529762 -0.448092
0.474862 1.381568 -0.433112
0.395513 1.233374 -0.314316
0.316163 1.085180 -0.195520
0.236814 0.936986 -0.076724
0.157465 0.788791 0.042072
0.078115 0.640597 0.160868
-0.001234 0.492403 0.279664
-0.080584 0.344209 0.398460
-0.159933 0.196014 0.482744
-0.239727 0.046990 0.363282
-0.319521 -0.102034 0.243820
-0.399315 -0.251059 0.124359
-0.479109 -0.400083 0.004897
-0.441097 -0.450892 -0.114564
-0.361303 -0.301868 -0.234026
-0.281509 -0.152843 -0.353488
-0.201715 -0.003819 -0.472949
-0.121921 0.145205 -0.407589
-0.042128 0.294230 -0.288127
0.038109 0.444080 -0.168004
0.118345 0.593930 -0.047880
0.198581 0.743780 0.072243
0.278817 0.893630 0.192367
0.359052 1.043481 0.312490
0.439288 1.193330 0.432613
0.480476 1.343180 0.447263
0.400240 1.493029 0.327140
0.320004 1.642879 0.207017
0.239768 1.792729 0.086893
0.159092 1.943400 -0.033888
0.078417 2.094071 -0.154670
-0.002259 2.244742 -0.275452
-0.082935 2.395413 -0.396233
-0.163610 2.546084 -0.482985
-0.244286 2.696755 -0.362203
-0.324962 2.847426 -0.241422
-0.405638 2.998097 -0.120640
-0.486313 3.148768 0.000142
-0.433011 3.299439 0.120923
-0.351898 3.450928 0.242360
-0.270785 3.476183 0.363796
-0.189672 3.324695 0.485232
-0.108559 3.173206 0.393331
-0.027446 3.021717 0.271895
0.053667 2.870228 0.150458
0.134780 2.718740 0.029022
0.215893 2.567251 -0.092414
0.297006 2.415762 -0.213850
0.378119 2.264273 -0.335287
0.459667 2.111974 -0.457374
0.458786 1.959674 -0.420539
0.377238 1.807373 -0.298451
0.295690 1.655073 -0.176364
0.214142 1.502772 -0.054276
0.132594 1.350472 0.067811
0.051046 1.198171 0.189898
-0.030502 1.045870 0.311986
-0.112050 0.893570 0.434073
-0.193597 0.741270 0.443840
-0.275578 0.588162 0.321104
-0.357559 0.435054 0.198369
-0.439539 0.281946 0.075634
-0.478480 0.128838 -0.047101
-0.396500 -0.024270 -0.169836
-0.314519 -0.177378 -0.292571
-0.232539 -0.330486 -0.415306
-0.150558 -0.483594 -0.461958
-0.068578 -0.363298 -0.339223
0.013403 -0.210190 -0.216488
0.095814 -0.056278 -0.093109
0.178224 0.097634 0.030271
0.260635 0.251545 0.153650
0.343046 0.405457 0.277029
0.425457 0.559369 0.400409
0.492132 0.713280 0.476212
0.409721 0.867192 0.352832
0.327310 1.021104 0.229452
0.244900 1.175016 0.106073
0.162489 1.328929 -0.017306
0.079650 1.483640 -0.141327
-0.003189 1.638351 -0.265347
-0.086028 1.793062 -0.389367
-0.168867 1.947773 -0.486613
-0.251706 2.102484 -0.362592
-0.334545 2.257197 -0.238572
-0.417384 2.411909 -0.114552
-0.499777 2.566621 0.009469
-0.416938 2.721333 0.133489
-0.334100 2.876045 0.257509
-0.250835 3.031552 0.382167
-0.167570 3.187058 0.493175
-0.084305 3.342564 0.368517
-0.001040 3.498070 0.243859
0.082225 3.454037 0.119201
0.165490 3.298531 -0.005457
0.248755 3.143025 -0.130115
0.332020 2.987519 -0.254773
0.415285 2.832012 -0.379431
0.498550 2.676506 -0.495911
0.417762 2.520209 -0.370619
0.334073 2.363911 -0.245326
0.250385 2.207613 -0.120034
0.166696 2.051316 0.005258
0.083008 1.895018 0.130551
-0.000681 1.738720 0.255843
-0.084370 1.582422 0.381135
-0.168058 1.426125 0.493572
-0.251747 1.269827 0.368280
-0.335435 1.113529 0.242988
-0.419546 0.956444 0.117064
-0.496344 0.799358 -0.008859
-0.412234 0.642272 -0.134783
-0.328124 0.485187 -0.260706
-0.244014 0.328101 -0.386630
-0.159903 0.171016 -0.487447
-0.075793 0.013930 -0.361523
0.008317 -0.143155 -0.235600
0.092427 -0.300241 -0.109676
0.176537 -0.457327 0.016247
0.261067 -0.384804 0.142799
0.345597 -0.226936 0.269350
0.430127 -0.069067 0.395902
0.485343 0.088802 0.477546
0.400814 0.246671 0.350994
0.316284 0.404540 0.224443
0.231754 0.562409 0.097891
0.147224 0.720278 -0.028660
0.062695 0.878147 -0.155212
