-0.498443 0.116901 -0.204885
-0.481156 0.115501 -0.189122
-0.460754 0.114101 -0.173359
-0.440352 0.112701 -0.157596
-0.419950 0.012711 -0.141833
-0.415705 -0.136290 -0.138098
-0.435693 -0.223809 -0.152405
-0.446880 -0.281716 -0.166348
-0.445759 -0.304344 -0.184476
-0.444705 -0.335075 -0.207143
-0.444224 -0.364531 -0.229463
-0.449134 -0.373732 -0.251014
-0.461168 -0.396463 -0.257930
-0.452114 -0.434920 -0.281700
-0.440961 -0.448952 -0.268623
-0.429808 -0.451497 -0.255546
-0.418655 -0.453256 -0.242469
-0.407502 -0.455015 -0.229391
-0.396349 -0.456774 -0.216314
-0.385196 -0.458533 -0.203237
-0.374043 -0.460292 -0.190160
-0.361165 -0.462323 -0.175059
-0.348286 -0.464354 -0.159959
-0.335408 -0.466385 -0.144859
-0.322529 -0.468416 -0.129759
-0.309651 -0.470447 -0.114658
-0.296773 -0.472478 -0.099558
-0.283894 -0.474509 -0.084458
-0.271016 -0.476540 -0.069357
-0.258137 -0.478571 -0.054257
-0.245259 -0.480602 -0.039157
-0.230860 -0.482873 -0.022274
-0.216462 -0.485144 -0.005391
-0.202063 -0.487415 0.011491
-0.187664 -0.489686 0.028374
-0.173266 -0.491957 0.045256
-0.158867 -0.494228 0.062139
-0.144469 -0.496499 0.079022
-0.130070 -0.498770 0.095904
-0.115672 -0.498959 0.112787
-0.101273 -0.496688 0.129670
-0.085500 -0.494201 0.148164
-0.069728 -0.491713 0.166658
-0.078250 -0.469452 0.162341
-0.102970 -0.434008 0.142817
-0.127690 -0.398564 0.123293
-0.152409 -0.363120 0.103769
-0.177129 -0.327676 0.084245
-0.201849 -0.292232 0.064720
-0.226568 -0.256788 0.045196
-0.251288 -0.272839 0.025672
-0.277988 -0.311123 0.004584
-0.304688 -0.349406 -0.016504
-0.331389 -0.387690 -0.037593
-0.358089 -0.425974 -0.058681
-0.384789 -0.464258 -0.079769
-0.411489 -0.497458 -0.100858
-0.438189 -0.459175 -0.121946
-0.464890 -0.420891 -0.143034
-0.491590 -0.382607 -0.164123
-0.481710 -0.344323 -0.185211
-0.453166 -0.303396 -0.207756
-0.424622 -0.262469 -0.230300
-0.396079 -0.221542 -0.252845
-0.367535 -0.190421 -0.275389
-0.338991 -0.231348 -0.297933
-0.310447 -0.272275 -0.320477
-0.281904 -0.313202 -0.343022
-0.253360 -0.354130 -0.365566
-0.224816 -0.395057 -0.388110
-0.196272 -0.435984 -0.410654
-0.165997 -0.479394 -0.434566
-0.135721 -0.477196 -0.458478
-0.105446 -0.433787 -0.482390
-0.075171 -0.390377 -0.493698
-0.044895 -0.346967 -0.469786
-0.014620 -0.303557 -0.445874
0.015655 -0.260148 -0.421962
0.045931 -0.216738 -0.398050
0.076206 -0.173328 -0.374139
0.106481 -0.176401 -0.350227
0.138394 -0.222159 -0.325021
0.170307 -0.267917 -0.299816
0.202221 -0.313675 -0.274611
0.234134 -0.359433 -0.249405
0.266047 -0.405191 -0.224200
0.297960 -0.450949 -0.198995
0.329872 -0.496707 -0.173789
0.361785 -0.457535 -0.148584
0.393698 -0.411777 -0.123378
0.425611 -0.366020 -0.098173
0.459082 -0.318028 -0.071737
0.492553 -0.270037 -0.045301
0.473977 -0.222046 -0.018866
0.440506 -0.174054 0.007570
0.407035 -0.126063 0.034006
0.373565 -0.078071 0.060441
0.340094 -0.042422 0.086877
0.306623 -0.090414 0.113312
0.273153 -0.138405 0.139748
0.239682 -0.186397 0.166184
0.204723 -0.236522 0.193795
0.169764 -0.286647 0.221406
0.134805 -0.336773 0.249017
0.099846 -0.386898 0.276628
0.064887 -0.437024 0.304240
0.029928 -0.487149 0.331851
-0.005031 -0.462726 0.359462
-0.039990 -0.412600 0.387073
-0.074949 -0.362475 0.414685
-0.109908 -0.312349 0.442296
-0.146294 -0.260177 0.471035
-0.182681 -0.208005 0.499773
-0.219067 -0.155833 0.471488
-0.255453 -0.103661 0.442749
-0.291840 -0.051489 0.414011
-0.328226 0.000683 0.385272
-0.364613 -0.005172 0.356533
-0.401000 -0.057344 0.327795
-0.437386 -0.109516 0.299056
-0.473773 -0.161688 0.270317
-0.488467 -0.215830 0.240494
-0.450708 -0.269972 0.210670
-0.439254 -0.291889 0.202215
-0.489180 -0.238617 0.243618
-0.460894 -0.185345 0.285021
-0.410967 -0.132073 0.326424
-0.361041 -0.078801 0.367828
-0.322549 -0.128694 0.394045
-0.286917 -0.204378 0.416465
-0.251284 -0.280063 0.438886
-0.214400 -0.358403 0.462093
-0.177516 -0.436744 0.485301
-0.140633 -0.484915 0.491492
-0.103749 -0.406574 0.468285
-0.066866 -0.328233 0.445077
-0.029982 -0.249893 0.421870
0.006902 -0.171552 0.398663
0.043785 -0.093211 0.375455
0.080669 -0.014870 0.352248
0.117552 0.063470 0.329040
0.155645 -0.001226 0.305072
0.193739 -0.082136 0.281103
0.231832 -0.163046 0.257135
0.269925 -0.243956 0.233166
0.308018 -0.324866 0.209198
0.346112 -0.405776 0.185229
0.384205 -0.486686 0.161261
0.422298 -0.432404 0.137292
0.460392 -0.351494 0.113324
0.498485 -0.270584 0.089355
0.462249 -0.187184 0.064649
0.422984 -0.103784 0.039943
0.383719 -0.020384 0.015237
0.344453 0.063016 -0.009469
0.305188 0.094359 -0.034176
0.265922 0.010958 -0.058882
0.226657 -0.072442 -0.083588
0.187391 -0.155842 -0.108294
0.148125 -0.239242 -0.133000
0.108860 -0.322642 -0.157706
0.068456 -0.408460 -0.183129
0.028052 -0.494278 -0.208551
-0.012352 -0.419904 -0.233974
-0.052756 -0.334087 -0.259396
-0.093160 -0.248269 -0.284819
-0.133564 -0.162451 -0.310241
-0.173968 -0.076633 -0.335664
-0.214372 0.009185 -0.361086
-0.254776 0.095003 -0.386509
-0.295180 0.143873 -0.411932
-0.336691 0.055703 -0.438051
-0.378202 -0.032466 -0.464170
-0.419713 -0.120636 -0.490289
-0.461224 -0.208805 -0.483592
-0.497265 -0.296975 -0.457473
-0.455754 -0.385145 -0.431354
-0.414243 -0.473314 -0.405235
-0.372732 -0.438516 -0.379116
-0.331221 -0.350347 -0.352997
-0.289710 -0.262177 -0.326878
-0.247120 -0.171717 -0.300080
-0.204531 -0.081257 -0.273283
-0.161941 0.009203 -0.246485
-0.119352 0.099663 -0.219687
-0.076762 0.190124 -0.192890
-0.034173 0.226261 -0.166092
0.008417 0.135800 -0.139294
0.051006 0.045340 -0.112497
0.093596 -0.045120 -0.085699
0.136185 -0.135580 -0.058902
0.179826 -0.228274 -0.031442
0.223468 -0.320968 -0.003983
0.267109 -0.413662 0.023477
0.310750 -0.493644 0.050936
0.354391 -0.400949 0.078395
0.398033 -0.308255 0.105855
0.393121 -0.301236 0.085482
0.339656 -0.379893 0.017279
0.286191 -0.458549 -0.050925
0.232727 -0.462795 -0.119128
0.178004 -0.382287 -0.188937
0.154491 -0.384327 -0.207500
0.151785 -0.441398 -0.191898
0.149079 -0.498468 -0.176297
0.146372 -0.444461 -0.160696
0.143666 -0.387390 -0.145094
0.140960 -0.330319 -0.129493
0.138254 -0.273248 -0.113892
0.135548 -0.216177 -0.098290
0.132841 -0.159106 -0.082689
0.130074 -0.100753 -0.066737
0.127307 -0.042399 -0.050785
0.124540 0.015954 -0.034833
0.121773 0.074308 -0.018881
0.119006 0.132661 -0.002929
0.116239 0.191015 0.013023
0.113472 0.249368 0.028975
0.110705 0.307722 0.044927
0.107938 0.366075 0.060879
0.105171 0.424429 0.076831
0.102344 0.383439 0.093126
0.099518 0.323831 0.109421
0.096691 0.264222 0.125716
0.093865 0.204614 0.142011
0.091038 0.145005 0.158306
0.088211 0.085396 0.174601
0.085385 0.025788 0.190896
0.082558 -0.033821 0.207191
0.079732 -0.093429 0.223486
0.076905 -0.153038 0.239781
0.074020 -0.213876 0.256412
0.071135 -0.274714 0.273044
0.068250 -0.335551 0.289675
0.065365 -0.396389 0.306306
0.062481 -0.457227 0.322937
0.059596 -0.481935 0.339568
0.056711 -0.421097 0.356199
0.053826 -0.360259 0.372831
0.050941 -0.299421 0.389462
0.048056 -0.238584 0.406093
0.045114 -0.176541 0.423054
0.042172 -0.114498 0.440014
0.039230 -0.052456 0.456975
0.036288 0.009587 0.473935
0.033346 0.071630 0.490896
0.030404 0.133672 0.492144
0.027462 0.195715 0.475183
0.024520 0.257757 0.458223
0.021578 0.319800 0.441262
0.018636 0.381842 0.424302
0.015638 0.445067 0.407018
0.012640 0.508291 0.389735
0.009642 0.571516 0.372451
0.006644 0.531470 0.355168
0.003646 0.468245 0.337884
0.000648 0.405021 0.320601
-0.002350 0.341797 0.303317
-0.005348 0.278572 0.286034
-0.008346 0.215348 0.268750
-0.011344 0.152123 0.251466
-0.014397 0.087739 0.233866
-0.017450 0.023354 0.216265
-0.020503 -0.041031 0.198664
-0.033247 -0.079219 0.155134
-0.055683 -0.091210 0.085673
-0.078118 -0.103202 0.016212
-0.100553 -0.115193 -0.053248
-0.122988 -0.127185 -0.122709
-0.145424 -0.139177 -0.192170
-0.167859 -0.151168 -0.261631
-0.190692 -0.163372 -0.332321
-0.213524 -0.175576 -0.403011
-0.236357 -0.187779 -0.473701
-0.259189 -0.199983 -0.455609
-0.282021 -0.212187 -0.384918
-0.304854 -0.224391 -0.314228
-0.327686 -0.236594 -0.243538
-0.350519 -0.248798 -0.172848
-0.373351 -0.261002 -0.102157
-0.396184 -0.273206 -0.031467
-0.419406 -0.285618 0.040431
-0.442629 -0.298030 0.112330
-0.465851 -0.310443 0.184229
-0.489074 -0.322855 0.256127
-0.487704 -0.335268 0.328026
-0.464481 -0.347680 0.399925
-0.441258 -0.360092 0.471824
-0.418036 -0.372505 0.456278
-0.394813 -0.384917 0.384379
-0.371591 -0.397329 0.312480
-0.347984 -0.409947 0.239393
-0.324377 -0.422565 0.166306
-0.300771 -0.435183 0.093219
-0.277164 -0.447800 0.020132
-0.253557 -0.460418 -0.052956
-0.229951 -0.473036 -0.126043
-0.206344 -0.485653 -0.199130
-0.182737 -0.498271 -0.272217
-0.159131 -0.489111 -0.345304
-0.135524 -0.476494 -0.418392
-0.111540 -0.463674 -0.492648
-0.087556 -0.450855 -0.433095
-0.063571 -0.438035 -0.358838
-0.039587 -0.425216 -0.284582
-0.015603 -0.412396 -0.210325
0.008382 -0.399577 -0.136068
0.032366 -0.386757 -0.061812
0.056350 -0.373938 0.012445
0.080335 -0.361118 0.086701
0.104319 -0.348299 0.160958
0.128675 -0.335281 0.236366
0.153031 -0.322262 0.311774
0.177388 -0.309244 0.387182
0.201744 -0.296226 0.462590
0.226100 -0.283208 0.462002
0.250456 -0.270189 0.386594
0.274813 -0.257171 0.311186
0.299169 -0.244153 0.235778
0.323525 -0.231135 0.160371
0.347881 -0.218116 0.084963
0.372604 -0.204902 0.008421
0.397326 -0.191688 -0.068121
0.422049 -0.178474 -0.144663
0.446771 -0.165260 -0.221205
0.471494 -0.152046 -0.297747
0.496216 -0.138832 -0.374289
0.479061 -0.125618 -0.450831
0.474050 -0.121570 -0.411212
0.469038 -0.117522 -0.371594
0.464026 -0.113473 -0.331975
0.458942 -0.109366 -0.291778
0.453857 -0.105259 -0.251581
0.448773 -0.101152 -0.211384
0.443688 -0.097044 -0.171187
0.438604 -0.092937 -0.130990
0.433519 -0.088830 -0.090793
0.428434 -0.084722 -0.050596
0.423350 -0.080615 -0.010398
0.418265 -0.076508 0.029799
0.413181 -0.072401 0.069996
0.408024 -0.068235 0.110763
0.402867 -0.064069 0.151530
0.397711 -0.059904 0.192298
0.392554 -0.055738 0.233065
0.387397 -0.051573 0.273832
0.382241 -0.047407 0.314599
0.377084 -0.043242 0.355367
0.371927 -0.039076 0.396134
0.366770 -0.034911 0.436901
0.361614 -0.030745 0.477668
0.356386 -0.026522 0.481002
0.351158 -0.022299 0.439673
0.345930 -0.018076 0.398343
0.340702 -0.013853 0.357014
0.335474 -0.009630 0.315684
0.330246 -0.005407 0.274354
0.325018 -0.001184 0.233025
0.319790 0.003039 0.191695
0.314562 0.007262 0.150366
0.309335 0.011485 0.109036
0.304037 0.015764 0.067152
0.298739 0.020044 0.025267
0.293441 0.024324 -0.016617
0.288143 0.028604 -0.058502
0.282845 0.032883 -0.100386
0.277547 0.037163 -0.142270
0.272249 0.041443 -0.184155
0.266951 0.045722 -0.226039
0.261653 0.050002 -0.267923
0.256355 0.054282 -0.309808
0.250988 0.058617 -0.352240
0.245620 0.062953 -0.394672
0.240253 0.067289 -0.437104
0.234886 0.071624 -0.479536
0.229519 0.075960 -0.478032
0.224151 0.080296 -0.435600
0.218784 0.084631 -0.393169
0.213417 0.088967 -0.350737
0.208050 0.093302 -0.308305
0.202682 0.097638 -0.265873
0.197247 0.102029 -0.222900
0.191811 0.106420 -0.179928
0.186375 0.110811 -0.136955
0.180940 0.115202 -0.093982
0.175504 0.119592 -0.051010
0.170068 0.123983 -0.008037
0.164633 0.128374 0.034935
0.159197 0.132765 0.077908
0.153761 0.137156 0.120880
0.148326 0.141547 0.163853
0.142823 0.145992 0.207359
0.137320 0.150438 0.250865
0.131816 0.154883 0.294372
0.126313 0.159329 0.337878
0.120810 0.163774 0.381384
0.115307 0.168220 0.424890
0.109804 0.172665 0.468397
0.104300 0.177111 0.488097
0.098797 0.181556 0.444591
0.093294 0.186002 0.401084
0.087724 0.190501 0.357050
0.082154 0.195000 0.313017
0.076584 0.199499 0.268983
0.071014 0.203999 0.224949
0.065444 0.208498 0.180915
0.059874 0.212997 0.136882
0.054305 0.217496 0.092848
0.048735 0.221996 0.048814
0.043165 0.226495 0.004781
0.037595 0.230994 -0.039253
0.031959 0.235547 -0.083808
0.026323 0.240099 -0.128363
0.020687 0.244652 -0.172918
0.015052 0.249205 -0.217472
0.009416 0.253757 -0.262027
0.003780 0.258310 -0.306582
-0.001856 0.262862 -0.351137
-0.007492 0.267415 -0.395691
-0.013128 0.271968 -0.440246
-0.018763 0.276520 -0.484801
-0.024464 0.281125 -0.470129
-0.030165 0.285730 -0.425059
-0.035866 0.290335 -0.379989
-0.049353 0.304448 -0.369762
-0.074519 0.332822 -0.411800
-0.099684 0.361196 -0.453838
-0.124850 0.389571 -0.495876
-0.150016 0.417945 -0.462086
-0.175181 0.446319 -0.420048
-0.200347 0.474693 -0.378010
-0.225797 0.503388 -0.335497
-0.251247 0.532083 -0.292984
-0.276697 0.560778 -0.250471
-0.302147 0.589473 -0.207958
-0.327597 0.618168 -0.165445
-0.353047 0.646862 -0.122932
-0.378497 0.675557 -0.080419
-0.403947 0.704252 -0.037906
-0.429397 0.732947 0.004607
-0.454847 0.761642 0.047120
-0.480578 0.790654 0.090102
-0.493690 0.819666 0.133085
-0.467959 0.848678 0.176068
-0.442228 0.877690 0.219051
-0.416496 0.906702 0.262033
-0.390765 0.935714 0.305016
-0.365034 0.964726 0.347999
-0.339302 0.993738 0.390981
-0.313571 1.022750 0.433964
-0.287840 1.051762 0.476947
-0.261830 1.081087 0.479606
-0.235821 1.110412 0.436159
-0.209812 1.139738 0.392711
-0.183802 1.169063 0.349264
-0.157793 1.198389 0.305817
-0.131783 1.227714 0.262369
-0.105774 1.257040 0.218922
-0.079765 1.286365 0.175474
-0.053755 1.315691 0.132027
-0.027746 1.345016 0.088579
-0.001461 1.374652 0.044672
0.024823 1.376178 0.000765
0.051108 1.346542 -0.043142
0.077392 1.316907 -0.087049
0.103677 1.287272 -0.130957
0.129962 1.257636 -0.174864
0.156246 1.228001 -0.218771
0.182531 1.198365 -0.262678
0.208816 1.168730 -0.306585
0.235100 1.139094 -0.350492
0.261657 1.109151 -0.394855
0.288214 1.079208 -0.439217
0.314771 1.049266 -0.483579
0.341329 1.019323 -0.472059
0.367886 0.989380 -0.427696
0.394443 0.959437 -0.383334
0.408936 0.972517 -0.352176
0.405334 1.050133 -0.340824
0.401732 1.127749 -0.329472
0.398130 1.205365 -0.318120
0.394491 1.283769 -0.306653
0.390852 1.362173 -0.295186
0.387213 1.440577 -0.283719
0.383574 1.405626 -0.272252
0.379935 1.327222 -0.260785
0.376297 1.248818 -0.249318
0.372658 1.170414 -0.237851
0.369019 1.092010 -0.226384
0.365380 1.013606 -0.214917
0.361741 0.935202 -0.203449
0.358066 0.856018 -0.191868
0.354391 0.776834 -0.180287
0.350715 0.697649 -0.168706
0.347040 0.618465 -0.157125
0.343365 0.539281 -0.145544
0.339690 0.460097 -0.133962
0.336015 0.380913 -0.122381
0.332339 0.301729 -0.110800
0.328664 0.222545 -0.099219
0.324989 0.143361 -0.087638
0.321278 0.063405 -0.075943
0.317567 -0.016552 -0.064249
0.313856 -0.096508 -0.052555
0.310145 -0.176465 -0.040861
0.306434 -0.256421 -0.029167
0.302723 -0.336378 -0.017472
0.299012 -0.416335 -0.005778
0.295301 -0.496291 0.005916
0.291590 -0.423752 0.017610
0.287879 -0.343795 0.029304
0.284133 -0.263074 0.041111
0.280386 -0.182352 0.052917
0.276640 -0.101630 0.064723
0.272893 -0.020909 0.076529
0.269147 0.059813 0.088335
0.265400 0.140535 0.100141
0.261654 0.221256 0.111947
0.257907 0.301978 0.123753
0.254161 0.382700 0.135559
0.250414 0.463421 0.147365
0.246633 0.544901 0.159282
0.242851 0.626381 0.171199
0.239070 0.707860 0.183116
0.235288 0.789340 0.195033
0.231506 0.870819 0.206950
0.227725 0.952299 0.218867
0.223943 1.033778 0.230784
0.220162 1.115258 0.242701
0.216380 1.196737 0.254618
0.212598 1.278217 0.266535
0.208782 1.360448 0.278561
0.204965 1.442678 0.290588
0.201149 1.524909 0.302615
0.197332 1.474647 0.314642
0.193516 1.392416 0.326668
0.189699 1.310186 0.338695
0.185883 1.227955 0.350722
0.182066 1.145724 0.362748
0.178250 1.063494 0.374775
0.174433 0.981263 0.386802
0.170582 0.898288 0.398937
0.166731 0.815313 0.411073
0.162880 0.732338 0.423208
0.159029 0.649363 0.435344
0.155178 0.566388 0.447479
0.151327 0.483413 0.459615
0.147476 0.400438 0.471750
0.143625 0.317464 0.483886
0.139774 0.234489 0.496021
0.135923 0.151514 0.491843
0.132038 0.067802 0.479600
0.128152 -0.015911 0.467356
0.124267 -0.099623 0.455113
0.120382 -0.183336 0.442869
0.116496 -0.267048 0.430626
0.112611 -0.350760 0.418383
0.108726 -0.434473 0.406139
0.104840 -0.481815 0.393896
0.100955 -0.398103 0.381652
0.097070 -0.314390 0.369409
0.093150 -0.229947 0.357059
0.089231 -0.145503 0.344708
0.085312 -0.061060 0.332358
0.081393 0.023384 0.320008
0.077473 0.107827 0.307657
0.073554 0.192271 0.295307
0.069635 0.276714 0.282956
0.065716 0.361158 0.270606
0.061797 0.445601 0.258256
0.057877 0.530044 0.245905
0.053924 0.615213 0.233449
0.049972 0.700381 0.220992
0.046019 0.785550 0.208536
0.042066 0.870718 0.196079
0.038113 0.955887 0.183623
0.034160 1.041055 0.171166
0.030207 1.126223 0.158710
0.026254 1.211391 0.146253
0.022301 1.296559 0.133797
0.018349 1.381727 0.121341
0.014362 1.467613 0.108779
0.010376 1.553500 0.096217
0.006390 1.639387 0.083656
0.002404 1.725273 0.071094
-0.001583 1.729571 0.058533
-0.005569 1.643685 0.045971
-0.009555 1.557798 0.033409
-0.013541 1.471911 0.020848
-0.017528 1.386024 0.008286
-0.021514 1.300138 -0.004275
-0.025533 1.213538 -0.016941
-0.029552 1.126938 -0.029607
-0.033572 1.040339 -0.042273
-0.037591 0.953739 -0.054939
-0.041610 0.867140 -0.067605
-0.045630 0.780540 -0.080270
-0.049649 0.693941 -0.092936
-0.053668 0.607341 -0.105602
-0.057688 0.520741 -0.118268
-0.061707 0.434142 -0.130934
-0.065759 0.346835 -0.143703
-0.069811 0.259528 -0.156472
-0.073864 0.172221 -0.169242
-0.077916 0.084914 -0.182011
-0.081968 -0.002392 -0.194780
-0.086020 -0.089699 -0.207549
-0.090072 -0.177006 -0.220319
-0.094124 -0.264313 -0.233088
-0.098176 -0.351620 -0.245857
-0.102229 -0.438926 -0.258626
-0.106313 -0.473065 -0.271498
-0.110398 -0.385057 -0.284370
-0.114483 -0.297049 -0.297242
-0.118567 -0.209041 -0.310114
-0.122652 -0.121033 -0.322986
-0.126737 -0.033025 -0.335858
-0.130821 0.054983 -0.348730
-0.134906 0.142991 -0.361602
-0.138991 0.230999 -0.374473
-0.143076 0.319007 -0.387345
-0.147193 0.407711 -0.400319
-0.151310 0.496415 -0.413292
-0.155427 0.585119 -0.426266
-0.159544 0.673822 -0.439240
-0.163661 0.762526 -0.452213
-0.167778 0.851229 -0.465187
-0.171895 0.939933 -0.478160
-0.176012 1.028637 -0.491134
-0.180129 1.117340 -0.495893
-0.184246 1.206044 -0.482919
-0.119960 1.226215 -0.397149
-0.010051 1.200238 -0.262914
0.099858 1.174262 -0.128680
0.209767 1.148285 0.005555
0.319677 1.122308 0.139789
0.429586 1.096331 0.274024
0.460505 1.070354 0.408258
0.350596 1.044377 0.457507
0.240687 1.018400 0.323273
0.130778 0.992423 0.189038
0.020026 0.966248 0.053775
-0.090725 0.940073 -0.081488
-0.201477 0.913897 -0.216751
-0.312228 0.887722 -0.352014
-0.422979 0.861547 -0.487278
-0.466269 0.835371 -0.377459
-0.355518 0.809196 -0.242196
-0.244766 0.783020 -0.106933
-0.134015 0.756845 0.028330
-0.023264 0.730670 0.163594
0.088324 0.704296 0.299878
0.199911 0.677923 0.436161
0.311498 0.651550 0.427555
0.423086 0.625177 0.291271
0.465327 0.598803 0.154987
0.353740 0.572430 0.018703
0.242152 0.546057 -0.117581
0.130565 0.519684 -0.253866
0.018978 0.493310 -0.390149
-0.092610 0.466937 -0.473567
-0.205027 0.440368 -0.336269
-0.317444 0.413799 -0.198972
-0.429861 0.387230 -0.061675
-0.457722 0.360661 0.075622
-0.345305 0.334092 0.212920
-0.232888 0.307523 0.350217
-0.120471 0.280954 0.487514
-0.008054 0.254385 0.375188
0.104363 0.227816 0.237891
0.216779 0.201247 0.100594
0.330020 0.174483 -0.037709
0.443260 0.147719 -0.176012
0.443499 0.120956 -0.314316
0.330259 0.094192 -0.452619
0.217018 0.067428 -0.409078
0.103778 0.040664 -0.270775
-0.009463 0.013901 -0.132472
-0.122703 -0.012863 0.005831
-0.235944 -0.039627 0.144134
-0.349184 -0.066390 0.282437
-0.463243 -0.093347 0.421739
-0.422699 -0.120304 0.438959
-0.308641 -0.147261 0.299657
-0.194583 -0.174218 0.160356
-0.080525 -0.201175 0.021054
0.033534 -0.228132 -0.118248
0.147592 -0.255089 -0.257549
0.261650 -0.282046 -0.396851
0.375708 -0.309003 -0.463847
0.489766 -0.335960 -0.324545
0.395363 -0.363109 -0.184252
0.280493 -0.390258 -0.043959
0.165623 -0.417407 0.096334
0.050753 -0.444555 0.236628
-0.064117 -0.471704 0.376921
-0.178987 -0.498853 0.482786
-0.293856 -0.473999 0.342493
-0.408727 -0.446850 0.202200
-0.476403 -0.419701 0.061906
-0.361533 -0.392552 -0.078387
-0.245857 -0.365213 -0.219665
-0.130181 -0.337873 -0.360942
-0.014505 -0.310534 -0.497780
0.101171 -0.283195 -0.356502
0.216847 -0.255855 -0.215225
0.332523 -0.228516 -0.073947
0.448200 -0.201176 0.067331
0.436124 -0.173837 0.208608
0.320448 -0.146498 0.349886
0.204772 -0.119159 0.491164
0.088295 -0.091630 0.366581
-0.028181 -0.064101 0.224325
-0.144658 -0.036573 0.082070
-0.261135 -0.009044 -0.060185
-0.377611 0.018484 -0.202441
-0.494088 0.046013 -0.344696
-0.389435 0.073541 -0.486952
-0.272958 0.101070 -0.370793
-0.156482 0.128598 -0.228537
-0.040005 0.156127 -0.086282
0.077266 0.183843 0.056945
0.194538 0.211560 0.200171
0.311810 0.239276 0.343398
0.429082 0.266993 0.486624
0.453646 0.294709 0.370150
0.336375 0.322426 0.226923
0.219103 0.350142 0.083697
0.101831 0.377859 -0.059530
-0.015441 0.405575 -0.202756
-0.132712 0.433292 -0.345983
-0.250774 0.461195 -0.490174
-0.368835 0.489098 -0.365635
-0.486896 0.517001 -0.221444
-0.395042 0.544904 -0.077253
-0.276981 0.572807 0.066938
-0.158920 0.600711 0.211129
-0.040858 0.628614 0.355320
0.077203 0.656517 0.499511
0.195265 0.684421 0.356298
0.313326 0.712324 0.212107
0.432172 0.740413 0.066958
0.448982 0.768501 -0.078191
0.330136 0.796590 -0.223340
0.211290 0.824679 -0.368490
0.092444 0.852768 -0.486361
-0.026402 0.880856 -0.341212
-0.145248 0.908945 -0.196063
-0.264094 0.937034 -0.050914
-0.382940 0.965122 0.094235
-0.498214 0.993211 0.239384
-0.378589 1.021484 0.385485
-0.258964 1.049757 0.468414
-0.139339 1.078030 0.322313
-0.019713 1.106302 0.176212
0.099912 1.134575 0.030111
0.219537 1.162848 -0.115990
0.339162 1.191121 -0.262091
0.458788 1.219394 -0.408191
0.421587 1.247667 -0.445708
0.301962 1.275940 -0.299607
0.181562 1.304395 -0.152560
0.061162 1.332850 -0.005514
-0.059237 1.361305 0.141533
-0.179637 1.389761 0.288579
-0.300036 1.418216 0.435626
-0.420436 1.446671 0.417328
-0.459165 1.475126 0.270281
-0.338765 1.503582 0.123235
-0.218365 1.532037 -0.023812
-0.097966 1.560492 -0.170858
0.023203 1.589130 -0.318845
0.144372 1.617767 -0.466831
0.265541 1.646405 -0.385183
0.386709 1.675043 -0.237197
0.492122 1.703680 -0.089211
0.370953 1.732318 0.058775
0.249784 1.760956 0.206761
0.128615 1.789593 0.354748
0.007447 1.818231 0.497266
-0.113722 1.846869 0.349280
-0.235656 1.875686 0.200360
-0.357589 1.904504 0.051441
-0.479522 1.933322 -0.097479
-0.398545 1.962139 -0.246399
-0.276611 1.990957 -0.395319
-0.154678 2.019775 -0.455761
-0.032745 2.048592 -0.306841
0.089189 2.077410 -0.157922
0.211122 2.106228 -0.009002
0.333055 2.135045 0.139918
0.455749 2.164044 0.289766
0.421558 2.193043 0.439613
0.298865 2.222042 0.410539
0.176172 2.251041 0.260692
0.053479 2.280040 0.110844
-0.069214 2.309038 -0.039004
-0.191907 2.338037 -0.188852
-0.314600 2.367036 -0.338699
-0.437293 2.396035 -0.488547
-0.440013 2.425034 -0.361606
-0.316565 2.454209 -0.210836
-0.193117 2.483384 -0.060066
-0.069669 2.512560 0.090704
0.053779 2.541735 0.241474
0.177227 2.570910 0.392244
0.300675 2.600085 0.456986
0.424123 2.629261 0.306216
0.452429 2.658436 0.155447
0.328981 2.687611 0.004677
0.205533 2.716787 -0.146093
0.081334 2.746141 -0.297780
-0.042865 2.775495 -0.449466
-0.167063 2.804849 -0.398848
-0.291262 2.834203 -0.247161
-0.415460 2.863557 -0.095475
-0.460341 2.892911 0.056211
-0.336143 2.922265 0.207898
-0.211944 2.951619 0.359584
-0.087746 2.980973 0.488729
0.036453 3.010328 0.337043
0.161397 3.039858 0.184446
0.286342 3.062482 0.031848
0.411286 3.032951 -0.120749
0.463769 3.003421 -0.273347
0.338825 2.973890 -0.425944
0.213881 2.944360 -0.421458
0.088936 2.914829 -0.268861
-0.036008 2.885298 -0.116264
-0.160953 2.855768 0.036334
-0.285897 2.826237 0.188931
-0.411583 2.796533 0.342434
-0.462731 2.766828 0.495938
-0.337045 2.737124 0.350559
-0.211359 2.707419 0.197056
-0.085673 2.677715 0.043553
0.040013 2.648010 -0.109950
0.165699 2.618305 -0.263453
0.291385 2.588601 -0.416956
0.417071 2.558896 -0.429541
0.457243 2.529192 -0.276038
0.330820 2.499313 -0.121634
0.204396 2.469434 0.032769
0.077973 2.439556 0.187173
-0.048450 2.409677 0.341576
-0.174873 2.379799 0.495979
-0.301297 2.349920 0.349617
-0.427720 2.320041 0.195214
-0.445857 2.290163 0.040810
-0.319434 2.260284 -0.113593
-0.193010 2.230406 -0.267997
-0.065854 2.200353 -0.423295
0.061302 2.170300 -0.421407
0.188458 2.140248 -0.266108
0.315614 2.110195 -0.110810
0.442770 2.080142 0.044489
0.430074 2.050090 0.199787
0.302918 2.020037 0.355086
0.175762 1.989984 0.489616
0.048606 1.959932 0.334318
-0.078550 1.929879 0.179019
-0.206435 1.899655 0.022831
-0.334320 1.869430 -0.133358
-0.462205 1.839206 -0.289546
-0.409911 1.808982 -0.445735
-0.282026 1.778757 -0.398076
-0.154141 1.748533 -0.241888
-0.026256 1.718309 -0.085699
0.101629 1.688084 0.070489
0.229513 1.657860 0.226678
0.357398 1.627636 0.382866
0.486007 1.597240 0.460060
0.385383 1.566844 0.302987
0.256774 1.536448 0.145914
0.128165 1.506052 -0.011160
-0.000445 1.475656 -0.168233
-0.129054 1.445260 -0.325307
-0.257663 1.414864 -0.482380
-0.386273 1.384468 -0.360547
-0.485118 1.354072 -0.203473
-0.356509 1.323676 -0.046400
-0.227179 1.293109 0.111554
-0.097849 1.262543 0.269507
0.031481 1.231977 0.427460
0.160811 1.201410 0.414586
0.290140 1.170844 0.256633
0.419470 1.140277 0.098679
0.451200 1.109711 -0.059274
0.321870 1.079144 -0.217228
0.192540 1.048578 -0.375181
0.063210 1.018011 -0.466865
-0.066836 0.987276 -0.308037
-0.196883 0.956540 -0.149208
-0.326929 0.925804 0.009620
-0.456975 0.895068 0.168448
-0.412978 0.864333 0.327277
-0.282932 0.833597 0.486105
-0.152886 0.802861 0.355066
-0.022839 0.772125 0.196238
0.107207 0.741390 0.037409
0.237254 0.710654 -0.121419
0.368012 0.679750 -0.281118
0.498771 0.648846 -0.440817
0.370470 0.617943 -0.399484
0.239711 0.587039 -0.239786
0.108952 0.556135 -0.080087
-0.021807 0.525231 0.079612
-0.152566 0.494327 0.239311
-0.283325 0.463423 0.399009
-0.414084 0.432519 0.441292
-0.455157 0.401615 0.281593
-0.323689 0.370543 0.121029
-0.192222 0.339472 -0.039535
-0.060754 0.308400 -0.200100
0.070714 0.277328 -0.360664
0.202181 0.246257 -0.478771
0.333649 0.215185 -0.318207
0.465117 0.184114 -0.157642
0.403416 0.153042 0.002922
0.271948 0.121970 0.163486
0.140481 0.090899 0.324051
0.008308 0.059661 0.485476
-0.123865 0.028422 0.353099
-0.256037 -0.002816 0.191674
-0.388210 -0.034054 0.030248
-0.479617 -0.065292 -0.131177
-0.347444 -0.096530 -0.292602
-0.215272 -0.127769 -0.454027
-0.083099 -0.159007 -0.384547
0.049074 -0.190245 -0.223122
0.181246 -0.221483 -0.061697
0.314120 -0.252887 0.100585
0.446994 -0.284291 0.262866
0.420132 -0.315695 0.425148
0.287258 -0.347099 0.412570
0.154384 -0.378503 0.250289
0.021510 -0.409907 0.088007
-0.111363 -0.441310 -0.074275
-0.244237 -0.472714 -0.236556
-0.377111 -0.495882 -0.398838
-0.490015 -0.464478 -0.438880
-0.356444 -0.432909 -0.275747
-0.222872 -0.401340 -0.112613
-0.089301 -0.369772 0.050520
0.044270 -0.338203 0.213654
0.177842 -0.306634 0.376787
0.311413 -0.275066 0.460079
0.444984 -0.243497 0.296946
0.421444 -0.211928 0.133813
0.287873 -0.180360 -0.029321
0.154302 -0.148791 -0.192454
0.020037 -0.117058 -0.356435
-0.114229 -0.085325 -0.479584
-0.248494 -0.053593 -0.315603
-0.382759 -0.021860 -0.151621
-0.482976 0.009873 0.012359
-0.348711 0.041606 0.176340
-0.214446 0.073339 0.340321
-0.080181 0.105071 0.495698
0.054085 0.136804 0.331717
0.188350 0.168537 0.167736
0.323305 0.200433 0.002911
0.458261 0.232329 -0.161913
0.406784 0.264225 -0.326737
0.271829 0.296121 -0.491561
0.136873 0.328016 -0.343615
0.001918 0.359912 -0.178791
-0.133038 0.391808 -0.013967
-0.267993 0.423704 0.150857
-0.402949 0.455600 0.315681
-0.462096 0.487496 0.480506
-0.326454 0.519554 0.353832
-0.190812 0.551613 0.188169
-0.055169 0.583671 0.022506
0.080473 0.615730 -0.143157
0.216115 0.647788 -0.308819
0.351758 0.679846 -0.474482
0.487400 0.711905 -0.359855
0.376958 0.743963 -0.194192
0.241316 0.776021 -0.028529
0.105673 0.808080 0.137133
-0.030652 0.840300 0.303631
-0.166978 0.872519 0.470128
-0.303304 0.904739 0.363374
-0.439629 0.936959 0.196877
-0.424045 0.969179 0.030379
-0.287719 1.001399 -0.136118
-0.151394 1.033619 -0.302616
-0.015068 1.065839 -0.469113
0.121257 1.098059 -0.364389
0.257583 1.130279 -0.197892
0.394589 1.162659 -0.030564
0.468406 1.195040 0.136764
0.331401 1.227421 0.304092
0.194395 1.259802 0.471419
0.057389 1.292183 0.361253
-0.079616 1.324564 0.193925
-0.216622 1.356944 0.026597
-0.353627 1.389325 -0.140731
-0.490633 1.421706 -0.308059
