-0.394467 0.498574 -0.487192
-0.372780 0.446294 -0.475771
-0.351093 0.334907 -0.464350
-0.329406 0.177216 -0.452929
-0.307719 0.012711 -0.441508
-0.286032 -0.136290 -0.430087
-0.264345 -0.223809 -0.418666
-0.252785 -0.277599 -0.417075
-0.251352 -0.304344 -0.425316
-0.249918 -0.335075 -0.433557
-0.248485 -0.364531 -0.441798
-0.246729 -0.376779 -0.451891
-0.244973 -0.396463 -0.461984
-0.243218 -0.432139 -0.472077
-0.241462 -0.449315 -0.482170
-0.239706 -0.459258 -0.492263
-0.237951 -0.469201 -0.497645
-0.236195 -0.479144 -0.487552
-0.234440 -0.489087 -0.477459
-0.232684 -0.499030 -0.467366
-0.230928 -0.491027 -0.457273
-0.229881 -0.491829 -0.435022
-0.230305 -0.488942 -0.396876
-0.230729 -0.469714 -0.358730
-0.231153 -0.450486 -0.320584
-0.231577 -0.431258 -0.282438
-0.232001 -0.412030 -0.244292
-0.232425 -0.392802 -0.206146
-0.232849 -0.373573 -0.168000
-0.233273 -0.354345 -0.129854
-0.233697 -0.335117 -0.091708
-0.234171 -0.313619 -0.049060
-0.234645 -0.293087 -0.006411
-0.235118 -0.314584 0.036237
-0.235592 -0.336082 0.078886
-0.236066 -0.357579 0.121535
-0.236540 -0.379077 0.164183
-0.237014 -0.400575 0.206831
-0.237488 -0.422072 0.249480
-0.237962 -0.443570 0.292129
-0.238435 -0.465067 0.334777
-0.238955 -0.488617 0.381496
-0.239474 -0.487834 0.428215
-0.259969 -0.475815 0.426474
-0.300440 -0.475326 0.376273
-0.340911 -0.474838 0.326071
-0.381383 -0.474349 0.275870
-0.421854 -0.473861 0.225668
-0.462325 -0.473372 0.175467
-0.441336 -0.467809 0.187105
-0.394007 -0.460070 0.225245
-0.342885 -0.451712 0.266441
-0.291764 -0.443353 0.307637
-0.240642 -0.434994 0.348833
-0.189521 -0.426636 0.390029
-0.138400 -0.418277 0.431225
-0.087278 -0.409918 0.472421
-0.036157 -0.401560 0.486383
0.014965 -0.393201 0.445187
0.066086 -0.384842 0.403991
0.117208 -0.376484 0.362795
0.171859 -0.367548 0.318755
0.226510 -0.358613 0.274714
0.281161 -0.349677 0.230674
0.335813 -0.340741 0.186633
0.390464 -0.331806 0.142593
0.445115 -0.322870 0.098553
0.499766 -0.313934 0.054512
0.445583 -0.304999 0.010472
0.390931 -0.296063 -0.033569
0.336280 -0.287127 -0.077609
0.278314 -0.277650 -0.124321
0.332131 -0.295842 -0.073087
0.385948 -0.314034 -0.021854
0.439766 -0.332226 0.029379
0.493583 -0.350419 0.080613
0.452600 -0.368611 0.131846
0.398782 -0.386803 0.183079
0.344965 -0.404995 0.234313
0.291148 -0.423188 0.285546
0.237330 -0.441380 0.336780
0.180602 -0.460556 0.390784
0.197223 -0.436097 0.397712
0.221994 -0.406790 0.399409
0.246765 -0.377483 0.401105
0.271536 -0.348176 0.402802
0.296308 -0.318869 0.404499
0.321079 -0.289562 0.406195
0.345850 -0.260255 0.407892
0.370621 -0.230948 0.409588
0.395392 -0.201641 0.411285
0.421372 -0.170904 0.413065
0.447352 -0.140166 0.414844
0.473332 -0.109429 0.416624
0.499313 -0.078691 0.418403
0.474707 -0.055856 0.420183
0.448727 -0.086594 0.421962
0.422747 -0.117331 0.423742
0.396767 -0.148069 0.425521
0.370787 -0.178806 0.427301
0.344806 -0.209544 0.429080
0.317671 -0.241648 0.430939
0.290536 -0.273752 0.432797
0.263400 -0.305857 0.434655
0.236265 -0.337961 0.436514
0.209130 -0.370065 0.438372
0.181994 -0.402169 0.440231
0.154859 -0.434274 0.442089
0.127724 -0.466378 0.443948
0.100588 -0.498482 0.445806
0.073453 -0.469414 0.447665
0.045210 -0.435998 0.449599
0.016966 -0.402583 0.451534
-0.011277 -0.369168 0.453468
-0.039521 -0.335753 0.455403
-0.067764 -0.302337 0.457337
-0.096007 -0.268922 0.459272
-0.124251 -0.235507 0.461206
-0.152494 -0.202092 0.463141
-0.180737 -0.168677 0.465075
-0.200365 -0.144630 0.471051
-0.211791 -0.129399 0.481446
-0.223218 -0.114167 0.491842
-0.234644 -0.098936 0.497763
-0.246071 -0.083704 0.487368
-0.257498 -0.068472 0.476972
-0.268924 -0.053241 0.466577
-0.280351 -0.038009 0.456182
-0.291777 -0.022778 0.445786
-0.303204 -0.007546 0.435391
-0.314630 0.007686 0.424996
-0.326458 0.023452 0.414236
-0.338286 0.039218 0.403475
-0.350113 0.023929 0.392715
-0.361941 0.008162 0.381955
-0.373768 -0.007604 0.371195
-0.385596 -0.023370 0.360435
-0.397424 -0.039136 0.349675
-0.409251 -0.054902 0.338915
-0.421079 -0.070669 0.328155
-0.432907 -0.086435 0.317394
-0.445122 -0.102718 0.306281
-0.457338 -0.119001 0.295168
-0.469554 -0.135284 0.284055
-0.481769 -0.151568 0.272942
-0.493985 -0.167851 0.261829
-0.493799 -0.184134 0.250717
-0.481584 -0.200417 0.239604
-0.469368 -0.216701 0.228491
-0.457152 -0.232984 0.217378
-0.444937 -0.249267 0.206265
-0.432345 -0.266052 0.194809
-0.419754 -0.282836 0.183354
-0.407162 -0.299620 0.171899
-0.394571 -0.316405 0.160444
-0.389905 -0.317899 0.195727
-0.387221 -0.315571 0.242695
-0.384536 -0.313244 0.289663
-0.381852 -0.310916 0.336631
-0.379168 -0.308588 0.383599
-0.376483 -0.306260 0.430566
-0.373721 -0.303864 0.478896
-0.358329 -0.270177 0.496770
-0.323993 -0.189553 0.468960
-0.289657 -0.108928 0.441151
-0.255321 -0.028304 0.413341
-0.220985 0.052321 0.385532
-0.186648 0.132945 0.357723
-0.152312 0.167839 0.329913
-0.117976 0.087214 0.302104
-0.083640 0.006590 0.274294
-0.048363 -0.076244 0.245723
-0.013086 -0.159078 0.217151
-0.016824 -0.156105 0.201555
-0.059576 -0.067326 0.198934
-0.102329 0.021453 0.196313
-0.145082 0.110233 0.193692
-0.187835 0.194476 0.191071
-0.230587 0.105696 0.188450
-0.273340 0.016917 0.185829
-0.316093 -0.071862 0.183208
-0.359956 -0.162948 0.180519
-0.403820 -0.254034 0.177830
-0.447683 -0.345119 0.175141
-0.491546 -0.436205 0.172452
-0.464590 -0.472709 0.169763
-0.420727 -0.381624 0.167074
-0.376864 -0.290538 0.164385
-0.333000 -0.199452 0.161696
-0.289137 -0.108366 0.159007
-0.245274 -0.017281 0.156318
-0.200327 0.076054 0.153562
-0.155381 0.169389 0.150807
-0.110434 0.262724 0.148051
-0.065487 0.356059 0.145296
-0.020541 0.331064 0.142540
0.024406 0.237729 0.139785
0.069352 0.144394 0.137029
0.114299 0.051059 0.134274
0.159245 -0.042276 0.131518
0.204192 -0.135611 0.128762
0.250196 -0.231143 0.125942
0.296201 -0.326674 0.123122
0.342205 -0.422205 0.120301
0.388209 -0.482263 0.117481
0.434214 -0.386732 0.114661
0.480218 -0.291201 0.111840
0.473778 -0.195669 0.109020
0.427773 -0.100138 0.106200
0.381769 -0.004606 0.103379
0.335764 0.090925 0.100559
0.288726 0.188604 0.097675
0.241688 0.286282 0.094792
0.194650 0.383961 0.091908
0.147612 0.461800 0.089024
0.100574 0.364121 0.086141
0.053535 0.266442 0.083257
0.006497 0.168764 0.080373
-0.040541 0.071086 0.077490
-0.087579 -0.026593 0.074606
-0.134618 -0.124271 0.071722
-0.182668 -0.224051 0.068777
-0.230718 -0.323830 0.065831
-0.278768 -0.423609 0.062885
-0.326818 -0.476611 0.059939
-0.374867 -0.376832 0.056994
-0.422917 -0.277052 0.054048
-0.470967 -0.177273 0.051102
-0.480983 -0.077494 0.048156
-0.432933 0.022286 0.045211
-0.384883 0.122065 0.042265
-0.335842 0.223902 0.039258
-0.286801 0.325739 0.036252
-0.237761 0.427576 0.033246
-0.188720 0.529413 0.030239
-0.139679 0.473099 0.027233
-0.090638 0.371262 0.024226
-0.041598 0.269425 0.021220
0.007443 0.167588 0.018213
0.056484 0.065751 0.015207
0.105525 -0.036086 0.012200
0.155536 -0.139939 0.009134
0.205548 -0.243793 0.006068
0.255560 -0.347647 0.003002
0.305572 -0.451500 -0.000064
0.355584 -0.444646 -0.003130
0.405596 -0.340792 -0.006196
0.455608 -0.236939 -0.009262
0.494380 -0.133085 -0.012328
0.444369 -0.029231 -0.015394
0.394357 0.074622 -0.018460
0.343392 0.180454 -0.021584
0.292427 0.286286 -0.024709
0.241463 0.392118 -0.027833
0.190498 0.497950 -0.030957
0.139533 0.546059 -0.034082
0.088569 0.440227 -0.037206
0.037604 0.334395 -0.040331
-0.013361 0.228563 -0.043455
-0.064325 0.122731 -0.046579
-0.115290 0.016899 -0.049704
-0.167190 -0.090875 -0.052886
-0.219089 -0.198649 -0.056067
-0.270989 -0.306423 -0.059249
-0.322889 -0.414197 -0.062431
-0.374789 -0.478029 -0.065612
-0.426689 -0.370254 -0.068794
-0.478589 -0.262480 -0.071976
-0.469511 -0.154706 -0.075158
-0.417612 -0.046932 -0.078340
-0.365712 0.060842 -0.081521
-0.312893 0.170523 -0.084759
-0.260075 0.280205 -0.087998
-0.207257 0.389887 -0.091236
-0.154438 0.499569 -0.094474
-0.101619 0.609250 -0.097712
-0.048801 0.661241 -0.100950
0.004017 0.551559 -0.104188
0.056836 0.441878 -0.107426
0.046877 0.436217 -0.102999
-0.025860 0.534577 -0.090907
-0.099840 0.634619 -0.078607
-0.173820 0.633588 -0.066308
-0.247800 0.533547 -0.054009
-0.321780 0.433505 -0.041710
-0.395760 0.333463 -0.029411
-0.396522 0.388344 -0.062061
-0.397284 0.443224 -0.094711
-0.398045 0.498104 -0.127360
-0.398807 0.552984 -0.160010
-0.399569 0.607863 -0.192660
-0.400343 0.663650 -0.225849
-0.401117 0.719437 -0.259039
-0.401892 0.775224 -0.292228
-0.402666 0.831011 -0.325417
-0.403440 0.844441 -0.358607
-0.404214 0.788654 -0.391796
-0.404989 0.732867 -0.424985
-0.405763 0.677080 -0.458175
-0.406537 0.621293 -0.491364
-0.407311 0.565506 -0.475447
-0.408098 0.508826 -0.441726
-0.408884 0.452147 -0.408006
-0.409671 0.395467 -0.374285
-0.410457 0.338787 -0.340565
-0.411244 0.282107 -0.306844
-0.412030 0.225427 -0.273124
-0.412817 0.168747 -0.239404
-0.413603 0.112068 -0.205683
-0.414390 0.055388 -0.171963
-0.415176 -0.001292 -0.138242
-0.415975 -0.058851 -0.103999
-0.416774 -0.116409 -0.069756
-0.417572 -0.173968 -0.035512
-0.418371 -0.231526 -0.001269
-0.419170 -0.289085 0.032974
-0.419968 -0.346644 0.067218
-0.420767 -0.404203 0.101461
-0.421566 -0.461761 0.135704
-0.422365 -0.480680 0.169948
-0.423163 -0.423121 0.204191
-0.423974 -0.364697 0.238949
-0.424785 -0.306273 0.273707
-0.425596 -0.247849 0.308466
-0.426407 -0.189425 0.343224
-0.427218 -0.131000 0.377982
-0.428029 -0.072576 0.412740
-0.428840 -0.014152 0.447498
-0.429651 0.044272 0.482256
-0.430462 0.102696 0.482986
-0.431272 0.161121 0.448227
-0.432095 0.220398 0.412962
-0.432918 0.279675 0.377696
-0.433740 0.338952 0.342430
-0.434563 0.398229 0.307165
-0.435385 0.457506 0.271899
-0.436208 0.516783 0.236633
-0.437030 0.576061 0.201368
-0.437853 0.635338 0.166102
-0.438675 0.694616 0.130836
-0.439498 0.753893 0.095570
-0.440332 0.814011 0.059805
-0.441166 0.874129 0.024039
-0.442000 0.872939 -0.011727
-0.442835 0.812821 -0.047493
-0.443669 0.752704 -0.083259
-0.444503 0.692586 -0.119025
-0.445337 0.632468 -0.154791
-0.446171 0.572350 -0.190557
-0.447005 0.512232 -0.226323
-0.447840 0.452114 -0.262089
-0.448685 0.391167 -0.298348
-0.449531 0.330220 -0.334608
-0.450377 0.269272 -0.370867
-0.451223 0.208325 -0.407126
-0.452069 0.147378 -0.443386
-0.452914 0.086431 -0.479645
-0.453760 0.025483 -0.484096
-0.454606 -0.035464 -0.447837
-0.455452 -0.096411 -0.411577
-0.456297 -0.157358 -0.375318
-0.457155 -0.219124 -0.338572
-0.458012 -0.280889 -0.301826
-0.458869 -0.342654 -0.265080
-0.459726 -0.404420 -0.228334
-0.460583 -0.466185 -0.191588
-0.461440 -0.472050 -0.154842
-0.462297 -0.410284 -0.118096
-0.463154 -0.348519 -0.081350
-0.464012 -0.286754 -0.044604
-0.464869 -0.224988 -0.007858
-0.465737 -0.162415 0.029369
-0.466606 -0.099843 0.066595
-0.467474 -0.037270 0.103822
-0.468342 0.025303 0.141048
-0.469211 0.087876 0.178274
-0.470079 0.150449 0.215501
-0.470948 0.213021 0.252727
-0.471816 0.275594 0.289954
-0.472685 0.338167 0.327180
-0.473553 0.400740 0.364406
-0.474432 0.464110 0.402107
-0.475312 0.527480 0.439807
-0.476191 0.590850 0.477508
-0.477071 0.654220 0.484792
-0.477950 0.717590 0.447091
-0.478830 0.780959 0.409390
-0.479709 0.844329 0.371690
-0.480589 0.907699 0.333989
-0.481468 0.971069 0.296289
-0.482348 1.034439 0.258588
-0.483238 1.006901 0.220419
-0.484129 0.942744 0.182250
-0.485019 0.878587 0.144081
-0.485910 0.814429 0.105912
-0.486800 0.750272 0.067743
-0.487691 0.686115 0.029574
-0.488581 0.621958 -0.008595
-0.489472 0.557800 -0.046764
-0.490362 0.493643 -0.084933
-0.491253 0.429486 -0.123102
-0.492154 0.364551 -0.161734
-0.493055 0.299616 -0.200365
-0.493956 0.234682 -0.238997
-0.494858 0.169747 -0.277629
-0.495759 0.104812 -0.316260
-0.496660 0.039877 -0.354892
-0.497561 -0.025058 -0.393523
-0.498462 -0.089993 -0.432155
-0.499364 -0.154928 -0.470786
-0.499735 -0.219863 -0.490582
-0.498823 -0.285566 -0.451493
-0.497911 -0.351270 -0.412405
-0.497244 -0.388062 -0.384016
-0.497554 -0.309210 -0.398429
-0.497864 -0.230358 -0.412841
-0.498174 -0.151506 -0.427253
-0.498485 -0.072654 -0.441666
-0.498795 0.006198 -0.456078
-0.499105 0.085050 -0.470491
-0.499415 0.163902 -0.484903
-0.499729 0.243666 -0.499482
-0.499957 0.323429 -0.485939
-0.499643 0.403193 -0.471360
-0.499329 0.482956 -0.456781
-0.499015 0.562720 -0.442202
-0.498702 0.642483 -0.427623
-0.498388 0.722247 -0.413044
-0.498074 0.802010 -0.398465
-0.497760 0.881774 -0.383886
-0.497446 0.961537 -0.369307
-0.497129 1.042202 -0.354563
-0.496812 1.122868 -0.339819
-0.496494 1.203533 -0.325076
-0.496177 1.160149 -0.310332
-0.495859 1.079484 -0.295588
-0.495542 0.998818 -0.280844
-0.495225 0.918153 -0.266100
-0.494907 0.837489 -0.251357
-0.494590 0.756824 -0.236613
-0.494272 0.676159 -0.221869
-0.493951 0.594603 -0.206963
-0.493630 0.513046 -0.192056
-0.493309 0.431490 -0.177150
-0.492988 0.349934 -0.162243
-0.492668 0.268378 -0.147337
-0.492347 0.186822 -0.132430
-0.492026 0.105265 -0.117524
-0.491705 0.023709 -0.102617
-0.491384 -0.057847 -0.087710
-0.491063 -0.139404 -0.072804
-0.490738 -0.221842 -0.057736
-0.490414 -0.304280 -0.042668
-0.490089 -0.386718 -0.027601
-0.489764 -0.469156 -0.012533
-0.489440 -0.448406 0.002535
-0.489115 -0.365968 0.017603
-0.488791 -0.283530 0.032670
-0.488466 -0.201092 0.047738
-0.488142 -0.118654 0.062806
-0.487817 -0.036216 0.077874
-0.487489 0.047094 0.093101
-0.487162 0.130404 0.108328
-0.486834 0.213715 0.123555
-0.486506 0.297025 0.138783
-0.486178 0.380335 0.154010
-0.485850 0.463645 0.169237
-0.485522 0.546956 0.184464
-0.485195 0.630267 0.199691
-0.484867 0.713577 0.214918
-0.484539 0.796888 0.230146
-0.484208 0.881061 0.245531
-0.483877 0.965235 0.260916
-0.483546 1.049409 0.276300
-0.483215 1.133582 0.291685
-0.482883 1.217756 0.307070
-0.482552 1.301930 0.322455
-0.482221 1.386104 0.337840
-0.481890 1.368312 0.353225
-0.481559 1.284138 0.368610
-0.481228 1.199965 0.383994
-0.480893 1.114936 0.399536
-0.480559 1.029908 0.415077
-0.480224 0.944879 0.430618
-0.479889 0.859851 0.446160
-0.479555 0.774823 0.461701
-0.479220 0.689794 0.477242
-0.478885 0.604766 0.492784
-0.478550 0.519737 0.491675
-0.478216 0.434709 0.476134
-0.477881 0.349681 0.460592
-0.477543 0.263806 0.444897
-0.477205 0.177932 0.429201
-0.476867 0.092057 0.413505
-0.476529 0.006183 0.397810
-0.476191 -0.079691 0.382114
-0.475853 -0.165566 0.366418
-0.475515 -0.251440 0.350723
-0.475177 -0.337315 0.335027
-0.474839 -0.423189 0.319331
-0.474502 -0.490936 0.303636
-0.474160 -0.404224 0.287787
-0.473819 -0.317512 0.271938
-0.473478 -0.230800 0.256089
-0.473137 -0.144087 0.240240
-0.472795 -0.057375 0.224391
-0.472454 0.029337 0.208542
-0.472113 0.116049 0.192693
-0.471772 0.202762 0.176844
-0.471430 0.289474 0.160995
-0.471089 0.376186 0.145146
-0.470745 0.463728 0.129145
-0.470400 0.551270 0.113145
-0.470056 0.638812 0.097144
-0.469711 0.726354 0.081143
-0.469367 0.813896 0.065143
-0.469022 0.901438 0.049142
-0.468678 0.988980 0.033141
-0.468333 1.076522 0.017141
-0.467989 1.164065 0.001140
-0.467644 1.251607 -0.014861
-0.467296 1.339971 -0.031011
-0.466948 1.428335 -0.047162
-0.466601 1.516699 -0.063313
-0.466253 1.605063 -0.079464
-0.465905 1.638195 -0.095615
-0.465557 1.549831 -0.111766
-0.465209 1.461467 -0.127917
-0.464862 1.373103 -0.144068
-0.464514 1.284739 -0.160218
-0.464166 1.196375 -0.176369
-0.463815 1.107197 -0.192669
-0.463464 1.018019 -0.208969
-0.463113 0.928841 -0.225269
-0.462762 0.839662 -0.241568
-0.462411 0.750483 -0.257868
-0.462060 0.661304 -0.274168
-0.461709 0.572126 -0.290468
-0.461358 0.482947 -0.306768
-0.461006 0.393769 -0.323067
-0.460655 0.304590 -0.339367
-0.460301 0.214605 -0.355814
-0.459947 0.124620 -0.372262
-0.459593 0.034634 -0.388709
-0.459239 -0.055351 -0.405156
-0.458885 -0.145337 -0.421604
-0.458531 -0.235322 -0.438051
-0.458177 -0.325308 -0.454498
-0.457823 -0.415293 -0.470946
-0.457469 -0.494721 -0.487393
-0.457115 -0.404736 -0.496160
-0.456758 -0.313951 -0.479566
-0.456400 -0.223165 -0.462973
-0.456043 -0.132380 -0.446380
-0.455686 -0.041594 -0.429786
-0.455328 0.049191 -0.413193
-0.454971 0.139976 -0.396600
-0.454614 0.230762 -0.380006
-0.454256 0.321547 -0.363413
-0.453899 0.412332 -0.346820
-0.453542 0.503118 -0.330226
-0.453181 0.594696 -0.313488
-0.452821 0.686274 -0.296749
-0.452461 0.777853 -0.280011
-0.452100 0.869431 -0.263273
-0.476179 0.796526 -0.326060
-0.499743 0.723621 -0.388847
-0.475664 0.650717 -0.451634
-0.451586 0.577812 -0.485579
-0.427507 0.504907 -0.422791
-0.403429 0.432002 -0.360004
-0.379143 0.358472 -0.296678
-0.354858 0.284942 -0.233352
-0.330573 0.211411 -0.170026
-0.306287 0.137881 -0.106700
-0.282002 0.064350 -0.043374
-0.257717 -0.009180 0.019952
-0.233432 -0.082710 0.083279
-0.209146 -0.156241 0.146605
-0.184861 -0.229771 0.209931
-0.160576 -0.303302 0.273257
-0.136085 -0.377452 0.337117
-0.111595 -0.451603 0.400978
-0.087105 -0.474246 0.464838
-0.062615 -0.400095 0.471302
-0.038124 -0.325944 0.407441
-0.013634 -0.251793 0.343581
0.010856 -0.177642 0.279720
0.035347 -0.103491 0.215860
0.059837 -0.029340 0.151999
0.084327 0.044811 0.088139
0.109021 0.119577 0.023748
0.133714 0.194343 -0.040642
0.158408 0.269110 -0.105033
0.183101 0.343876 -0.169423
0.207795 0.418642 -0.233814
0.232488 0.493408 -0.298204
0.257181 0.568175 -0.362595
0.281875 0.642941 -0.426985
0.306569 0.717707 -0.491376
0.331262 0.792473 -0.444233
0.356157 0.867850 -0.379317
0.381052 0.943227 -0.314401
0.405948 1.018604 -0.249485
0.430843 1.093981 -0.184569
0.455738 1.169358 -0.119653
0.480633 1.244735 -0.054737
0.494472 1.320112 0.010179
0.469577 1.395490 0.075095
0.476740 1.358629 0.064944
0.487464 1.309298 0.046453
0.498274 1.259570 0.027813
0.490915 1.209842 0.009173
0.480105 1.160114 -0.009468
0.469294 1.110386 -0.028108
0.458484 1.060657 -0.046748
0.447673 1.010929 -0.065388
0.436863 0.961201 -0.084028
0.426052 0.911473 -0.102668
0.415242 0.861745 -0.121308
0.404431 0.812017 -0.139949
0.393535 0.761896 -0.158736
0.382639 0.711775 -0.177524
0.371743 0.661654 -0.196311
0.360847 0.611533 -0.215099
0.349951 0.561412 -0.233886
0.339055 0.511291 -0.252674
0.328159 0.461170 -0.271461
0.317263 0.411049 -0.290249
0.306367 0.360928 -0.309036
0.295471 0.310807 -0.327823
0.284490 0.260296 -0.346757
0.273510 0.209785 -0.365691
0.262529 0.159274 -0.384624
0.251548 0.108763 -0.403558
0.240567 0.058252 -0.422492
0.229587 0.007741 -0.441426
0.218606 -0.042770 -0.460359
0.207625 -0.093281 -0.479293
0.196644 -0.143792 -0.498227
0.185663 -0.194303 -0.482840
0.174598 -0.245202 -0.463761
0.163534 -0.296100 -0.444682
0.152469 -0.346998 -0.425603
0.141404 -0.397896 -0.406524
0.130339 -0.448794 -0.387445
0.119274 -0.499693 -0.368367
0.108209 -0.449409 -0.349288
0.097144 -0.398511 -0.330209
0.086079 -0.347613 -0.311130
0.075014 -0.296715 -0.292051
0.063866 -0.245432 -0.272828
0.052717 -0.194150 -0.253606
0.041569 -0.142868 -0.234383
0.030421 -0.091586 -0.215160
0.019272 -0.040303 -0.195937
0.008124 0.010979 -0.176714
-0.003025 0.062261 -0.157492
-0.014173 0.113543 -0.138269
-0.025322 0.164826 -0.119046
-0.036470 0.216108 -0.099823
-0.047701 0.267771 -0.080457
-0.058933 0.319435 -0.061092
-0.070164 0.371098 -0.041726
-0.081395 0.422762 -0.022360
-0.092627 0.474425 -0.002995
-0.103858 0.526089 0.016371
-0.115089 0.577753 0.035737
-0.126321 0.629416 0.055102
-0.137552 0.681080 0.074468
-0.148783 0.732743 0.093834
-0.160097 0.784785 0.113341
-0.171410 0.836827 0.132849
-0.182724 0.888869 0.152357
-0.194037 0.940911 0.171864
-0.205351 0.992953 0.191372
-0.216665 1.044995 0.210879
-0.227978 1.097037 0.230387
-0.239292 1.149079 0.249894
-0.250605 1.201121 0.269402
-0.261919 1.253163 0.288910
-0.273314 1.305581 0.308558
-0.284709 1.357998 0.328206
-0.296104 1.410416 0.347855
-0.307500 1.462833 0.367503
-0.318895 1.515251 0.387152
-0.330290 1.567668 0.406800
-0.341685 1.620086 0.426448
-0.353080 1.672503 0.446097
-0.364476 1.724921 0.465745
-0.375871 1.777338 0.485393
-0.387347 1.830129 0.494818
-0.398823 1.882920 0.475030
-0.410300 1.935710 0.455242
-0.353475 1.867992 0.393030
-0.296650 1.800274 0.241302
-0.239826 1.732556 0.089574
-0.183001 1.664838 -0.062154
-0.126176 1.597120 -0.213882
-0.069352 1.529402 -0.365610
-0.012527 1.461684 -0.482661
0.044697 1.393490 -0.329869
0.101920 1.325297 -0.177076
0.159143 1.257103 -0.024283
0.216367 1.188909 0.128510
0.273590 1.120716 0.281303
0.330814 1.052522 0.434096
0.388037 0.984328 0.413111
0.445261 0.916135 0.260319
0.497516 0.847941 0.107526
0.440292 0.779747 -0.045267
0.382673 0.711082 -0.199117
0.325053 0.642416 -0.352968
0.267434 0.573750 -0.493182
0.209814 0.505084 -0.339332
0.152195 0.436419 -0.185482
0.094575 0.367754 -0.031631
0.036956 0.299088 0.122219
-0.020664 0.230423 0.276069
-0.078283 0.161757 0.429919
-0.135903 0.093092 0.416230
-0.193915 0.023958 0.261330
-0.251928 -0.045177 0.106430
-0.309941 -0.114311 -0.048471
-0.367954 -0.183445 -0.203371
-0.425967 -0.252579 -0.358271
-0.483980 -0.321713 -0.486828
-0.458007 -0.390848 -0.331928
-0.399995 -0.459982 -0.177028
-0.341982 -0.470884 -0.022127
-0.283969 -0.401750 0.132773
-0.225565 -0.332150 0.288716
-0.167162 -0.262550 0.444660
-0.108758 -0.192950 0.399396
-0.050355 -0.123351 0.243453
0.008049 -0.053751 0.087509
0.066452 0.015849 -0.068434
0.124856 0.085449 -0.224378
0.183259 0.155048 -0.380321
0.241662 0.224648 -0.463735
0.300066 0.294248 -0.307791
0.358858 0.364310 -0.150812
0.417649 0.434372 0.006168
0.476441 0.504435 0.163148
0.464767 0.574497 0.320127
0.405976 0.644559 0.477107
0.347184 0.714621 0.365914
0.288392 0.784684 0.208934
0.229601 0.854746 0.051954
0.170809 0.924808 -0.105025
0.112018 0.994871 -0.262005
0.052841 1.065392 -0.420014
0.042032 1.073933 -0.462040
0.144080 0.937852 -0.437575
0.246129 0.801771 -0.413109
0.348178 0.665689 -0.388644
0.450227 0.529607 -0.364179
0.447724 0.393526 -0.339713
0.345675 0.257444 -0.315248
0.243626 0.121363 -0.290783
0.141577 -0.014719 -0.266317
0.038868 -0.151681 -0.241694
-0.063841 -0.288643 -0.217070
-0.166551 -0.425605 -0.192447
-0.269260 -0.437432 -0.167823
-0.371970 -0.300470 -0.143200
-0.474679 -0.163508 -0.118576
-0.422611 -0.026546 -0.093952
-0.319902 0.110417 -0.069329
-0.217192 0.247379 -0.044705
-0.114483 0.384341 -0.020082
-0.011117 0.522179 0.004699
0.092248 0.660016 0.029480
0.195614 0.797854 0.054261
0.298980 0.935691 0.079042
0.402346 1.073528 0.103823
0.494288 1.211365 0.128604
0.390923 1.349202 0.153385
0.287557 1.487039 0.178166
0.184191 1.624876 0.202947
0.080825 1.762713 0.227728
-0.023192 1.901420 0.252665
-0.127210 2.040127 0.277602
-0.231228 2.178834 0.302540
-0.335246 2.317542 0.327477
-0.439264 2.456249 0.352414
-0.456718 2.594956 0.377352
-0.352700 2.733663 0.402289
-0.248682 2.872370 0.427227
-0.144665 3.011077 0.452164
-0.040647 2.875442 0.477101
0.064019 2.735872 0.497806
0.168685 2.596302 0.472713
0.273351 2.456731 0.447621
0.378017 2.317161 0.422528
0.482683 2.177591 0.397435
0.412651 2.038021 0.372343
0.307985 1.898449 0.347250
0.203319 1.758878 0.322157
0.098653 1.619307 0.297065
-0.006013 1.479735 0.271972
-0.111323 1.339305 0.246725
-0.216633 1.198876 0.221478
-0.321943 1.058446 0.196231
-0.427253 0.918016 0.170984
-0.467436 0.777586 0.145737
-0.362126 0.637155 0.120490
-0.256816 0.496725 0.095243
-0.151506 0.356295 0.069995
-0.046196 0.215864 0.044748
0.059114 0.075434 0.019501
0.165064 -0.065850 -0.005899
0.271014 -0.207134 -0.031300
0.376965 -0.348418 -0.056700
0.482915 -0.489701 -0.082101
0.411135 -0.369015 -0.107502
0.305185 -0.227731 -0.132902
0.199234 -0.086447 -0.158303
0.093284 0.054837 -0.183703
-0.012666 0.196121 -0.209104
-0.118616 0.337405 -0.234504
-0.225203 0.479537 -0.260057
-0.331790 0.621670 -0.285610
-0.438376 0.763802 -0.311164
-0.455037 0.905935 -0.336717
-0.348451 1.048067 -0.362270
-0.241864 1.190199 -0.387823
-0.135278 1.332332 -0.413376
-0.028691 1.474464 -0.438929
0.077896 1.616596 -0.464482
0.184482 1.758728 -0.490035
0.291701 1.901704 -0.484260
0.398921 2.044679 -0.458555
0.493860 2.187654 -0.432850
0.386641 2.330629 -0.407146
0.279422 2.473604 -0.381441
0.172203 2.616579 -0.355736
0.064983 2.759554 -0.330031
-0.042236 2.902529 -0.304326
-0.149455 3.045503 -0.278622
-0.256674 3.188478 -0.252917
-0.364522 3.082465 -0.227061
-0.472370 2.938651 -0.201206
-0.419782 2.794837 -0.175350
-0.311934 2.651023 -0.149494
-0.204086 2.507209 -0.123639
-0.096238 2.363394 -0.097783
0.011611 2.219580 -0.071928
0.119459 2.075766 -0.046072
0.227307 1.931952 -0.020217
0.335155 1.788138 0.005639
0.443628 1.643490 0.031644
0.447899 1.498841 0.057650
0.339426 1.354192 0.083655
0.230952 1.209544 0.109661
0.122479 1.064895 0.135666
0.014006 0.920247 0.161671
-0.094468 0.775598 0.187677
-0.202941 0.630950 0.213682
-0.311414 0.486301 0.239687
-0.419887 0.341653 0.265693
-0.471018 0.196176 0.291847
-0.361923 0.050698 0.318002
-0.252828 -0.094779 0.344156
-0.143733 -0.240256 0.370311
-0.034638 -0.385733 0.396465
0.074457 -0.468789 0.422620
0.183552 -0.323312 0.448774
0.292647 -0.177835 0.474929
0.401742 -0.032357 0.498917
0.489163 0.113120 0.472762
0.379450 0.259421 0.446459
0.269737 0.405723 0.420157
0.160024 0.552024 0.393854
0.050311 0.698325 0.367551
-0.059402 0.844627 0.341249
-0.169115 0.990928 0.314946
-0.278828 1.137230 0.288644
-0.388541 1.283532 0.262341
-0.498254 1.429834 0.236038
-0.392033 1.576136 0.209736
-0.281705 1.723257 0.183286
-0.171378 1.870378 0.156836
-0.061050 2.017499 0.130386
0.049277 2.164620 0.103936
0.159605 2.311741 0.077486
0.269933 2.458862 0.051036
0.380260 2.605983 0.024586
0.490588 2.753104 -0.001864
0.399085 2.900225 -0.028314
0.288757 3.047346 -0.054764
0.177818 3.195282 -0.081361
0.066879 3.343218 -0.107957
-0.044060 3.491155 -0.134554
-0.154998 3.419734 -0.161150
-0.265937 3.271797 -0.187747
-0.376876 3.123861 -0.214343
-0.487815 2.975924 -0.240940
-0.401246 2.827988 -0.267536
-0.290307 2.680052 -0.294133
-0.179368 2.532115 -0.320729
-0.067822 2.383368 -0.347472
0.043725 2.234622 -0.374214
0.155272 2.085875 -0.400956
0.266819 1.937128 -0.427698
0.378366 1.788381 -0.454440
0.489912 1.639634 -0.481183
0.398541 1.490887 -0.492075
0.286994 1.342140 -0.465333
0.175447 1.193393 -0.438591
0.063900 1.044646 -0.411848
-0.048251 0.895093 -0.384961
-0.160402 0.745540 -0.358074
-0.272554 0.595987 -0.331186
-0.384705 0.446434 -0.304299
-0.496857 0.296881 -0.277412
-0.390992 0.147328 -0.250524
-0.278840 -0.002225 -0.223637
-0.166689 -0.151778 -0.196750
-0.054538 -0.301331 -0.169863
0.057614 -0.450884 -0.142975
0.170367 -0.398761 -0.115944
0.283119 -0.248406 -0.088913
0.395872 -0.098051 -0.061881
0.491375 0.052303 -0.034850
0.378623 0.202658 -0.007819
0.265870 0.353013 0.019213
0.153117 0.503368 0.046244
0.040365 0.653723 0.073276
-0.072388 0.804078 0.100307
-0.185141 0.954433 0.127338
-0.298492 1.105586 0.154513
-0.411842 1.256739 0.181688
-0.474807 1.407891 0.208863
-0.361456 1.559044 0.236037
-0.248105 1.710196 0.263212
-0.134754 1.861349 0.290387
-0.083507 1.927261 0.277493
-0.177166 1.794277 0.171106
-0.270826 1.661293 0.064719
-0.364486 1.528309 -0.041668
-0.458637 1.394628 -0.148614
-0.447211 1.260946 -0.255560
-0.353060 1.127265 -0.362505
-0.258908 0.993584 -0.469451
-0.164757 0.859902 -0.423603
-0.070605 0.726220 -0.316658
0.023546 0.592538 -0.209712
0.117697 0.458856 -0.102766
0.211849 0.325174 0.004179
0.306000 0.191492 0.111125
0.400641 0.057116 0.218626
0.495281 -0.077260 0.326127
0.410078 -0.211637 0.433628
0.315438 -0.346013 0.458870
0.220797 -0.480389 0.351369
0.126157 -0.385234 0.243868
0.031516 -0.250858 0.136367
-0.063124 -0.116482 0.028866
-0.157764 0.017895 -0.078635
-0.252405 0.152271 -0.186137
-0.347532 0.287338 -0.294191
-0.442659 0.422405 -0.402245
-0.462214 0.557472 -0.489702
-0.367087 0.692539 -0.381648
-0.271961 0.827607 -0.273594
-0.176833 0.962674 -0.165540
-0.081706 1.097741 -0.057486
0.013421 1.232809 0.050568
0.108548 1.367877 0.158622
0.203675 1.502944 0.266676
0.299286 1.638699 0.375280
0.394897 1.774453 0.483884
0.490508 1.910207 0.407512
0.413881 2.045962 0.298908
0.318269 2.181718 0.190305
0.222658 2.317473 0.081701
0.127047 2.453229 -0.026903
0.031436 2.588984 -0.135507
-0.064175 2.724740 -0.244111
-0.159786 2.860495 -0.352714
-0.255879 2.996933 -0.461865
-0.351972 3.133370 -0.428984
-0.448065 3.269808 -0.319833
-0.455842 3.406245 -0.210682
-0.359750 3.542682 -0.101531
-0.263657 3.424192 0.007620
-0.167564 3.287755 0.116771
-0.071471 3.151317 0.225922
0.024622 3.014880 0.335073
0.120714 2.878443 0.444224
0.217287 2.741323 0.446081
0.313859 2.604204 0.336386
0.410431 2.467085 0.226690
0.492997 2.329965 0.116995
0.396425 2.192846 0.007300
0.299853 2.055727 -0.102396
0.203281 1.918607 -0.212091
0.106709 1.781488 -0.321786
0.010137 1.644369 -0.431481
