-0.007690 -0.138619 -0.463427
-0.017451 -0.147376 -0.441185
-0.027212 -0.156132 -0.418943
-0.036973 -0.164888 -0.396701
-0.046734 -0.173645 -0.374459
-0.056495 -0.182401 -0.352217
-0.066256 -0.223809 -0.329975
-0.076017 -0.277599 -0.307733
-0.085346 -0.304344 -0.309294
-0.087306 -0.336546 -0.322228
-0.060944 -0.364531 -0.317181
-0.028657 -0.377303 -0.310999
0.001702 -0.396463 -0.304676
0.027563 -0.432139 -0.298027
0.053424 -0.449403 -0.291377
0.079284 -0.460128 -0.284727
0.105145 -0.470852 -0.278077
0.131006 -0.481576 -0.271428
0.156867 -0.492301 -0.264778
0.182727 -0.496975 -0.258128
0.201564 -0.499379 -0.258821
0.211147 -0.475105 -0.272341
0.220729 -0.449589 -0.285860
0.230312 -0.424073 -0.299380
0.239895 -0.398557 -0.312900
0.249478 -0.373041 -0.326419
0.259061 -0.347525 -0.339939
0.268644 -0.322010 -0.353458
0.278227 -0.317193 -0.366978
0.287810 -0.342709 -0.380497
0.297393 -0.368225 -0.394017
0.308107 -0.396753 -0.409132
0.318821 -0.425280 -0.424248
0.329536 -0.453808 -0.439363
0.340250 -0.482336 -0.454478
0.350964 -0.489137 -0.469594
0.361678 -0.460609 -0.484709
0.372393 -0.432081 -0.499825
0.383107 -0.403554 -0.485060
0.393821 -0.375026 -0.469944
0.404535 -0.346498 -0.454829
0.416272 -0.315248 -0.438271
0.428009 -0.283997 -0.421713
0.439746 -0.310490 -0.405154
0.451482 -0.341741 -0.388596
0.463219 -0.372991 -0.372038
0.474956 -0.404241 -0.355480
0.486693 -0.435492 -0.338922
0.498429 -0.466742 -0.322364
0.489834 -0.497993 -0.305805
0.478097 -0.470757 -0.289247
0.465420 -0.437003 -0.271363
0.452743 -0.403248 -0.253478
0.440066 -0.369494 -0.235593
0.427389 -0.335739 -0.217709
0.414712 -0.301985 -0.199824
0.402035 -0.268230 -0.181939
0.389358 -0.234476 -0.164055
0.376681 -0.221304 -0.146170
0.364004 -0.255059 -0.128285
0.351327 -0.288813 -0.110400
0.337775 -0.324898 -0.091281
0.324223 -0.360983 -0.072161
0.310670 -0.397068 -0.053042
0.297118 -0.433153 -0.033922
0.283566 -0.469238 -0.014802
0.270013 -0.494677 0.004317
0.256461 -0.458592 0.023437
0.242909 -0.422507 0.042556
0.229356 -0.386422 0.061676
0.215804 -0.350338 0.080796
0.201429 -0.312064 0.101075
0.187055 -0.273790 0.121354
0.172680 -0.235516 0.141634
0.158305 -0.197242 0.161913
0.143931 -0.158968 0.182193
0.129556 -0.163057 0.202472
0.115182 -0.201331 0.222751
0.100807 -0.239605 0.243031
0.086433 -0.277879 0.263310
0.072058 -0.316153 0.283590
0.056906 -0.356497 0.304966
0.041754 -0.396842 0.326342
0.026602 -0.437186 0.347718
0.011450 -0.477530 0.369095
-0.003702 -0.482125 0.390471
-0.018854 -0.441781 0.411847
-0.034006 -0.401437 0.433224
-0.049158 -0.361093 0.454600
-0.064310 -0.320748 0.475976
-0.079462 -0.280404 0.497353
-0.095354 -0.238091 0.480228
-0.111245 -0.195777 0.457808
-0.127137 -0.153464 0.435388
-0.143028 -0.111150 0.412969
-0.158920 -0.068837 0.390549
-0.174812 -0.063444 0.368129
-0.190703 -0.105757 0.345710
-0.206595 -0.148071 0.323290
-0.222487 -0.190384 0.300870
-0.238378 -0.232698 0.278450
-0.254977 -0.276893 0.255034
-0.271575 -0.321088 0.231617
-0.288173 -0.365283 0.208201
-0.304771 -0.409478 0.184784
-0.321369 -0.453673 0.161368
-0.337967 -0.497868 0.137951
-0.354565 -0.457937 0.114534
-0.371163 -0.413742 0.091118
-0.387761 -0.369547 0.067701
-0.404359 -0.325352 0.044285
-0.447564 -0.326325 0.056394
-0.490768 -0.327298 0.068504
-0.466027 -0.328271 0.080614
-0.422823 -0.329244 0.092724
-0.379618 -0.330217 0.104834
-0.336414 -0.331190 0.116943
-0.293210 -0.332163 0.129053
-0.250005 -0.333136 0.141163
-0.206801 -0.334109 0.153273
-0.163597 -0.335082 0.165383
-0.118761 -0.336092 0.177950
-0.073926 -0.337102 0.190517
-0.029091 -0.338112 0.203084
0.015744 -0.339122 0.215650
0.060580 -0.340132 0.228217
0.105415 -0.341142 0.240784
0.150250 -0.342152 0.253351
0.195085 -0.343162 0.265918
0.239920 -0.344172 0.278485
0.284756 -0.345182 0.291052
0.331164 -0.346228 0.304060
0.377573 -0.347273 0.317069
0.423982 -0.348319 0.330077
0.470391 -0.349364 0.343085
0.483200 -0.350410 0.356093
0.436792 -0.351455 0.369101
0.390383 -0.352501 0.382109
0.343974 -0.353546 0.395117
0.297565 -0.354591 0.408125
0.251157 -0.355637 0.421133
0.203226 -0.356717 0.434568
0.155295 -0.357796 0.448003
0.107364 -0.358876 0.461437
0.059433 -0.359956 0.474872
0.011502 -0.361036 0.488306
-0.036429 -0.362115 0.498259
-0.084360 -0.363195 0.484824
-0.132291 -0.364275 0.471390
-0.180222 -0.365355 0.457955
-0.228153 -0.366434 0.444521
-0.277559 -0.367547 0.430672
-0.326965 -0.368660 0.416824
-0.376371 -0.369773 0.402976
-0.425777 -0.370886 0.389128
-0.475183 -0.371998 0.375279
-0.475411 -0.373111 0.361431
-0.426005 -0.374224 0.347583
-0.376599 -0.375337 0.333735
-0.327193 -0.376450 0.319886
-0.277788 -0.377563 0.306038
-0.226949 -0.378708 0.291788
-0.176111 -0.379853 0.277539
-0.125272 -0.380998 0.263289
-0.074434 -0.382143 0.249039
-0.023595 -0.383288 0.234790
0.027243 -0.384433 0.220540
0.078081 -0.385578 0.206291
0.128920 -0.386723 0.192041
0.179758 -0.387868 0.177792
0.230597 -0.389013 0.163542
0.282828 -0.390189 0.148902
0.335060 -0.391366 0.134262
0.387291 -0.392542 0.119622
0.439523 -0.393719 0.104982
0.453369 -0.436042 0.111401
0.441624 -0.494205 0.131860
0.429880 -0.424451 0.152319
0.418135 -0.354698 0.172778
0.406391 -0.284944 0.193237
0.394646 -0.215191 0.213696
0.382596 -0.143625 0.234687
0.370547 -0.072059 0.255678
0.358497 -0.000494 0.276668
0.346447 0.071072 0.297659
0.334398 0.142638 0.318650
0.322348 0.214203 0.339640
0.310298 0.250788 0.360631
0.298249 0.179222 0.381622
0.286199 0.107657 0.402612
0.274149 0.036091 0.423603
0.261802 -0.037242 0.445112
0.249455 -0.110575 0.466621
0.264318 -0.045114 0.406898
0.279181 0.020347 0.347175
0.294045 0.085808 0.287453
0.308908 0.151269 0.227730
0.323771 0.216729 0.168007
0.338635 0.282190 0.108285
0.353498 0.347651 0.048562
0.368361 0.413112 -0.011161
0.383574 0.360842 -0.072289
0.398788 0.293841 -0.133417
0.414001 0.226840 -0.194545
0.429214 0.159839 -0.255673
0.444427 0.092837 -0.316801
0.459640 0.025836 -0.377929
0.474853 -0.041165 -0.439058
0.490067 -0.108167 -0.499814
0.494720 -0.175168 -0.438686
0.479507 -0.242169 -0.377558
0.463952 -0.310676 -0.315056
0.448397 -0.379184 -0.252554
0.432842 -0.447691 -0.190052
0.417287 -0.483802 -0.127550
0.401732 -0.415295 -0.065048
0.386177 -0.346788 -0.002546
0.370622 -0.278280 0.059956
0.355067 -0.209773 0.122458
0.339512 -0.141266 0.184959
0.323957 -0.072759 0.247461
0.308067 -0.002778 0.311307
0.292177 0.067202 0.375154
0.276288 0.137183 0.439000
0.260398 0.207163 0.497154
0.244508 0.277144 0.433308
0.228619 0.347125 0.369462
0.212729 0.417105 0.305616
0.196840 0.479641 0.241770
0.180950 0.409660 0.177924
0.165060 0.339680 0.114077
0.148843 0.268256 0.048914
0.132626 0.196832 -0.016248
0.116409 0.125409 -0.081411
0.100192 0.053985 -0.146574
0.083974 -0.017439 -0.211737
0.067757 -0.088862 -0.276899
0.051540 -0.160286 -0.342062
0.035323 -0.231710 -0.407225
0.019105 -0.303133 -0.472388
0.002888 -0.374557 -0.462449
-0.013650 -0.447395 -0.395996
-0.030188 -0.479767 -0.329543
-0.046727 -0.406929 -0.263090
-0.063265 -0.334091 -0.196637
-0.079804 -0.261253 -0.130183
-0.096342 -0.188415 -0.063730
-0.112880 -0.115577 0.002723
-0.129419 -0.042739 0.069176
-0.145957 0.030100 0.135630
-0.162495 0.102938 0.202083
-0.179349 0.177163 0.269802
-0.196202 0.251389 0.337521
-0.193987 0.313529 0.382704
-0.115500 0.327328 0.337742
-0.037013 0.341127 0.292780
0.041474 0.354926 0.247818
0.119961 0.368724 0.202856
0.198448 0.382523 0.157894
0.276935 0.396322 0.112932
0.355422 0.410121 0.067970
0.435350 0.424173 0.022183
0.484723 0.438225 -0.023604
0.404795 0.452277 -0.069392
0.324868 0.466329 -0.115179
0.244941 0.480381 -0.160966
0.165013 0.494433 -0.206753
0.085086 0.508485 -0.252540
0.005159 0.522537 -0.298327
-0.074769 0.536589 -0.344114
-0.154696 0.550640 -0.389901
-0.236038 0.564941 -0.436499
-0.317380 0.579242 -0.483097
-0.398722 0.593543 -0.470306
-0.480064 0.607844 -0.423708
-0.438593 0.622145 -0.377110
-0.357251 0.636446 -0.330512
-0.275909 0.650747 -0.283915
-0.194567 0.655418 -0.237317
-0.113225 0.641117 -0.190720
-0.031883 0.626816 -0.144122
0.050850 0.612271 -0.096728
0.133582 0.597726 -0.049334
0.216315 0.583180 -0.001939
0.299048 0.568635 0.045455
0.381780 0.554090 0.092849
0.464513 0.539544 0.140243
0.452754 0.524999 0.187637
0.370021 0.510454 0.235032
0.287289 0.495908 0.282426
0.204556 0.481363 0.329820
0.120456 0.466577 0.377997
0.036356 0.451792 0.426175
-0.047745 0.437006 0.474352
-0.131845 0.422221 0.477470
-0.215945 0.407435 0.429293
-0.300045 0.392650 0.381115
-0.384145 0.377864 0.332938
-0.468245 0.363079 0.284760
-0.447655 0.348293 0.236582
-0.363554 0.333508 0.188405
-0.278109 0.318485 0.139456
-0.192663 0.303463 0.090508
-0.107217 0.288441 0.041559
-0.021771 0.273419 -0.007389
0.063675 0.258397 -0.056338
0.149121 0.243375 -0.105286
0.234567 0.228352 -0.154234
0.320013 0.213330 -0.203183
0.405459 0.198308 -0.252132
0.490905 0.183285 -0.301080
0.422324 0.168030 -0.350787
0.335554 0.152775 -0.400495
0.248783 0.137520 -0.450202
0.162013 0.122265 -0.499909
0.075242 0.107009 -0.450383
-0.011529 0.091754 -0.400676
-0.098300 0.076499 -0.350969
-0.185070 0.061244 -0.301262
-0.271841 0.045989 -0.251554
-0.358612 0.030734 -0.201847
-0.446687 0.015249 -0.151392
-0.465237 -0.000236 -0.100937
-0.377161 -0.015720 -0.050482
-0.289086 -0.031205 -0.000027
-0.201010 -0.046689 0.050428
-0.112934 -0.062174 0.100883
-0.024859 -0.077658 0.151338
0.063217 -0.093143 0.201793
0.151292 -0.108627 0.252247
0.239368 -0.124112 0.302702
0.328729 -0.139823 0.353894
0.418091 -0.155533 0.405085
0.492548 -0.171244 0.456277
0.403187 -0.186954 0.492532
0.313825 -0.202665 0.441340
0.224464 -0.218376 0.390149
0.135102 -0.234086 0.338957
0.045741 -0.249797 0.287766
-0.043621 -0.265507 0.236574
-0.132982 -0.281218 0.185383
-0.223611 -0.297151 0.133465
-0.314240 -0.313085 0.081547
-0.404869 -0.329018 0.029630
-0.495499 -0.344952 -0.022288
-0.413872 -0.360886 -0.074206
-0.323243 -0.376819 -0.126123
-0.232614 -0.392753 -0.178041
-0.141985 -0.408686 -0.229959
-0.051356 -0.424620 -0.281877
0.039273 -0.440553 -0.333794
0.131152 -0.456706 -0.386428
0.223032 -0.472859 -0.439062
0.314911 -0.489013 -0.491696
0.406790 -0.494834 -0.455670
0.498669 -0.478681 -0.403036
0.409452 -0.462528 -0.350402
0.317573 -0.446375 -0.297768
0.225694 -0.430222 -0.245135
0.133815 -0.414068 -0.192501
0.041935 -0.397915 -0.139867
-0.051177 -0.381545 -0.086526
-0.144290 -0.365175 -0.033186
-0.237402 -0.348805 0.020154
-0.330515 -0.332435 0.073495
-0.423627 -0.316065 0.126835
-0.483260 -0.299695 0.180175
-0.390147 -0.283325 0.233516
-0.297035 -0.266954 0.286856
-0.203922 -0.250584 0.340197
-0.110810 -0.234214 0.393537
-0.016480 -0.217630 0.447575
0.077850 -0.201046 0.498388
0.172179 -0.184462 0.444350
0.266509 -0.167878 0.390313
0.360839 -0.151294 0.336275
0.455169 -0.134710 0.282237
0.450502 -0.118125 0.228200
0.356172 -0.101541 0.174162
0.297084 -0.088899 0.125145
0.334792 -0.039810 0.098860
0.372980 0.009905 0.072240
0.411169 0.059620 0.045620
0.449357 0.109334 0.019000
0.487545 0.159049 -0.007620
0.474266 0.208763 -0.034240
0.436078 0.258478 -0.060859
0.397889 0.308193 -0.087479
0.359701 0.357908 -0.114099
0.321513 0.407622 -0.140719
0.283324 0.457337 -0.167339
0.244661 0.507669 -0.194289
0.205999 0.558001 -0.221240
0.167336 0.608333 -0.248190
0.128673 0.658665 -0.275141
0.090010 0.708997 -0.302091
0.051347 0.759329 -0.329042
0.012684 0.809661 -0.355993
-0.025979 0.859993 -0.382943
-0.064642 0.910325 -0.409894
-0.103305 0.960657 -0.436844
-0.142436 0.923756 -0.464121
-0.181568 0.872814 -0.491399
-0.220699 0.821872 -0.481324
-0.259831 0.770930 -0.454047
-0.298962 0.719987 -0.426770
-0.338094 0.669045 -0.399493
-0.377226 0.618103 -0.372216
-0.416357 0.567160 -0.344938
-0.455489 0.516218 -0.317661
-0.494620 0.465276 -0.290384
-0.465785 0.413731 -0.262784
-0.426190 0.362185 -0.235184
-0.386595 0.310640 -0.207584
-0.347000 0.259095 -0.179984
-0.307406 0.207550 -0.152384
-0.267811 0.156004 -0.124784
-0.228216 0.104459 -0.097184
-0.188622 0.052914 -0.069584
-0.149027 0.001369 -0.041984
-0.109432 -0.050176 -0.014384
-0.069380 -0.102318 0.013535
-0.029328 -0.154459 0.041454
0.010725 -0.206600 0.069374
0.050777 -0.258741 0.097293
0.090830 -0.310882 0.125212
0.130882 -0.363023 0.153131
0.170934 -0.415165 0.181050
0.210987 -0.467306 0.208969
0.251039 -0.480553 0.236888
0.291092 -0.428412 0.264807
0.331597 -0.375681 0.293042
0.372102 -0.322951 0.321277
0.412607 -0.270220 0.349512
0.453111 -0.217490 0.377746
0.493616 -0.164760 0.405981
0.465879 -0.112029 0.434216
0.425374 -0.059299 0.462450
0.384869 -0.006569 0.490685
0.344364 0.046162 0.481080
0.303859 0.098892 0.452845
0.262906 0.152205 0.424299
0.221954 0.205518 0.395753
0.181001 0.258831 0.367206
0.140049 0.312144 0.338660
0.099096 0.365457 0.310113
0.058144 0.418770 0.281567
0.017191 0.472084 0.253020
-0.023762 0.525397 0.224474
-0.064714 0.578709 0.195927
-0.105667 0.632022 0.167380
-0.147062 0.685911 0.138525
-0.188457 0.739800 0.109670
-0.229853 0.793690 0.080815
-0.271248 0.847579 0.051960
-0.312643 0.901468 0.023104
-0.354039 0.955357 -0.005751
-0.395434 1.009246 -0.034606
-0.436830 1.063136 -0.063461
-0.478225 1.117026 -0.092316
-0.480379 1.170915 -0.121172
-0.438546 1.225375 -0.150332
-0.396712 1.279835 -0.179493
-0.354879 1.334294 -0.208653
-0.313045 1.317757 -0.237814
-0.271212 1.263298 -0.266974
-0.229378 1.208838 -0.296135
-0.187545 1.154379 -0.325296
-0.145712 1.099919 -0.354456
-0.103878 1.045459 -0.383617
-0.062045 0.991000 -0.412778
-0.019778 0.935976 -0.442241
0.022489 0.880952 -0.471703
0.064756 0.825928 -0.498834
0.107023 0.770904 -0.469371
0.149290 0.715880 -0.439908
0.191556 0.660856 -0.410445
0.233823 0.605832 -0.380982
0.276090 0.550808 -0.351519
0.318357 0.495784 -0.322056
0.360624 0.440760 -0.292594
0.403320 0.385177 -0.262832
0.446016 0.329594 -0.233070
0.488712 0.274012 -0.203308
0.468592 0.218429 -0.173546
0.494525 0.299395 -0.166679
0.462385 0.414498 -0.165536
0.419295 0.529601 -0.164392
0.376205 0.644704 -0.163249
0.333115 0.759807 -0.162106
0.290025 0.874910 -0.160962
0.246506 0.991158 -0.159807
0.202987 1.107406 -0.158652
0.159469 1.223655 -0.157498
0.115950 1.339903 -0.156343
0.072431 1.456151 -0.155188
0.028912 1.572399 -0.154033
-0.014607 1.486319 -0.152878
-0.058126 1.370071 -0.151723
-0.101645 1.253823 -0.150569
-0.145163 1.137575 -0.149414
-0.189107 1.020193 -0.148248
-0.233050 0.902811 -0.147082
-0.276994 0.785428 -0.145916
-0.320938 0.668046 -0.144750
-0.364881 0.550664 -0.143584
-0.408825 0.433281 -0.142418
-0.452768 0.315899 -0.141252
-0.496712 0.198516 -0.140086
-0.459345 0.081134 -0.138920
-0.415401 -0.036248 -0.137754
-0.371037 -0.154754 -0.136576
-0.326673 -0.273260 -0.135399
-0.282309 -0.391765 -0.134222
-0.237945 -0.489729 -0.133045
-0.193581 -0.371223 -0.131868
-0.149217 -0.252718 -0.130690
-0.104853 -0.134212 -0.129513
-0.060489 -0.015706 -0.128336
-0.016125 0.102799 -0.127159
0.028239 0.221305 -0.125982
0.073019 0.340923 -0.124793
0.117800 0.460542 -0.123605
0.162580 0.580160 -0.122417
0.207361 0.699778 -0.121228
0.252141 0.819397 -0.120040
0.296922 0.939015 -0.118852
0.341703 1.058633 -0.117664
0.386483 1.178251 -0.116475
0.431264 1.297869 -0.115287
0.476045 1.417488 -0.114099
0.478762 1.538208 -0.112899
0.433568 1.441617 -0.111700
0.388375 1.320896 -0.110501
0.343181 1.200175 -0.109302
0.297988 1.079454 -0.108102
0.252795 0.958733 -0.106903
0.207601 0.838012 -0.105704
0.162408 0.717291 -0.104505
0.117215 0.596571 -0.103305
0.072021 0.475850 -0.102106
0.026419 0.354036 -0.100896
-0.019183 0.232223 -0.099686
-0.064785 0.110409 -0.098476
-0.110388 -0.011404 -0.097266
-0.155990 -0.133217 -0.096056
-0.201592 -0.255031 -0.094845
-0.247195 -0.376844 -0.093635
-0.292797 -0.498658 -0.092425
-0.338399 -0.379529 -0.091215
-0.384001 -0.257716 -0.090005
-0.430009 -0.134819 -0.088784
-0.476017 -0.011923 -0.087563
-0.477976 0.110973 -0.086342
-0.497091 0.103391 -0.080841
-0.441755 0.039889 -0.073505
-0.386419 -0.023613 -0.066169
-0.331082 -0.087115 -0.058833
-0.275746 -0.150617 -0.051497
-0.220409 -0.214119 -0.044161
-0.165073 -0.277621 -0.036825
-0.109253 -0.341678 -0.029425
-0.053433 -0.405734 -0.022025
0.002387 -0.469791 -0.014625
0.058206 -0.466153 -0.007225
0.114026 -0.402096 0.000175
0.169846 -0.338040 0.007575
0.225666 -0.273983 0.014975
0.281485 -0.209927 0.022375
0.337305 -0.145870 0.029775
0.393125 -0.081814 0.037175
0.449424 -0.017207 0.044639
0.494277 0.047399 0.052102
0.437978 0.112006 0.059566
0.381679 0.176612 0.067029
0.325380 0.241218 0.074493
0.269081 0.305825 0.081956
0.212782 0.370431 0.089420
0.156483 0.435038 0.096884
0.100184 0.499644 0.104347
0.043885 0.564251 0.111811
-0.012889 0.629402 0.119337
-0.069663 0.694553 0.126864
-0.126437 0.759705 0.134390
-0.183211 0.824856 0.141917
-0.239985 0.890008 0.149443
-0.296759 0.955159 0.156970
-0.353533 1.020311 0.164497
-0.410307 1.085462 0.172023
-0.467081 1.150614 0.179550
-0.476145 1.215765 0.187076
-0.418900 1.281458 0.194665
-0.361655 1.347150 0.202254
-0.304409 1.412843 0.209843
-0.247164 1.478536 0.217432
-0.189919 1.544228 0.225021
-0.132674 1.609921 0.232610
-0.075429 1.675614 0.240199
-0.018183 1.741306 0.247788
0.039062 1.806999 0.255377
0.096307 1.872692 0.262966
0.154019 1.815624 0.270617
0.211732 1.749395 0.278268
0.269444 1.683166 0.285919
0.327157 1.616937 0.293570
0.384869 1.550708 0.301221
0.442582 1.484479 0.308871
0.499705 1.418250 0.316522
0.441993 1.352021 0.324173
0.384281 1.285792 0.331824
0.326568 1.219562 0.339475
0.268392 1.152802 0.347187
0.210216 1.086041 0.354900
0.152040 1.019280 0.362612
0.093864 0.952519 0.370325
0.035687 0.885759 0.378037
-0.022489 0.818998 0.385750
-0.080665 0.752237 0.393463
-0.138841 0.685476 0.401175
-0.197017 0.618715 0.408888
-0.255193 0.551955 0.416600
-0.313829 0.484666 0.424374
-0.372465 0.417378 0.432147
-0.431101 0.350090 0.439920
-0.489737 0.282802 0.447694
-0.451627 0.215513 0.455467
-0.392991 0.148225 0.463240
-0.334355 0.080937 0.471014
-0.275719 0.013648 0.478787
-0.217083 -0.053640 0.486560
-0.158447 -0.120928 0.494334
-0.099354 -0.188740 0.497833
-0.040262 -0.256552 0.489999
0.018830 -0.324364 0.482165
0.077923 -0.392176 0.474331
0.137015 -0.459988 0.466497
0.196107 -0.472200 0.458663
0.255200 -0.404388 0.450830
0.314292 -0.336576 0.442996
0.373384 -0.268765 0.435162
0.432477 -0.200953 0.427328
0.492022 -0.132621 0.419434
0.448433 -0.064289 0.411540
0.388888 0.004042 0.403646
0.329343 0.072374 0.395752
0.269798 0.140705 0.387858
0.210253 0.209037 0.379964
0.150708 0.277369 0.372070
0.091163 0.345700 0.364176
0.031618 0.414032 0.356282
-0.027927 0.482364 0.348388
-0.087922 0.551211 0.340434
-0.147917 0.620059 0.332481
-0.207911 0.688906 0.324528
-0.267905 0.757754 0.316574
-0.327900 0.826601 0.308621
-0.387894 0.895449 0.300668
-0.447889 0.964296 0.292714
-0.492117 1.033144 0.284761
-0.432122 1.101991 0.276807
-0.372128 1.170838 0.268854
-0.311687 1.240197 0.260841
-0.251247 1.309557 0.252829
-0.190806 1.378916 0.244816
-0.130365 1.448276 0.236804
-0.069925 1.517635 0.228791
-0.009484 1.586995 0.220778
0.050956 1.656354 0.212766
0.111397 1.725714 0.204753
0.171838 1.795073 0.196740
0.232278 1.864433 0.188728
0.293162 1.934300 0.180656
0.354045 2.004168 0.172585
0.414929 2.074034 0.164514
0.475812 2.143900 0.156442
0.463305 2.213766 0.148371
0.402421 2.283632 0.140299
0.341538 2.353498 0.132228
0.280654 2.423365 0.124157
0.219771 2.493231 0.116085
0.158887 2.481954 0.108014
0.097564 2.411582 0.099885
0.036241 2.341210 0.091755
-0.025082 2.270839 0.083625
-0.086405 2.200467 0.075496
-0.147728 2.130095 0.067366
-0.209051 2.059724 0.059236
-0.270374 1.989352 0.051107
-0.331697 1.918981 0.042977
-0.393020 1.848609 0.034848
-0.454343 1.778237 0.026718
-0.483898 1.707365 0.018531
-0.422139 1.636493 0.010343
-0.360379 1.565620 0.002156
-0.298620 1.494748 -0.006032
-0.236860 1.423876 -0.014219
-0.175101 1.353004 -0.022407
-0.113341 1.282131 -0.030594
-0.051582 1.211259 -0.038782
0.010177 1.140387 -0.046969
0.071937 1.069514 -0.055156
0.134130 0.998144 -0.063401
0.196322 0.926774 -0.071646
0.258515 0.855404 -0.079891
0.320708 0.784034 -0.088136
0.382901 0.712664 -0.096381
0.445094 0.641294 -0.104626
0.492713 0.569924 -0.112871
0.430520 0.498554 -0.121116
0.368327 0.427184 -0.129361
0.306134 0.355814 -0.137606
0.243511 0.283950 -0.145908
0.180887 0.212086 -0.154210
0.118264 0.140222 -0.162512
0.055641 0.068358 -0.170814
-0.006983 -0.003506 -0.179116
-0.069606 -0.075370 -0.187418
-0.132229 -0.147234 -0.195720
-0.194852 -0.219098 -0.204022
-0.257476 -0.290962 -0.212324
-0.320099 -0.362826 -0.220626
-0.383150 -0.435180 -0.228984
-0.446200 -0.492466 -0.237343
-0.490749 -0.420111 -0.245702
-0.427698 -0.347757 -0.254060
-0.364647 -0.275403 -0.262419
-0.301597 -0.203048 -0.270778
-0.238546 -0.130694 -0.279136
-0.175495 -0.058339 -0.287495
-0.112445 0.014016 -0.295854
-0.049394 0.086370 -0.304212
0.014081 0.159212 -0.312627
0.077557 0.232054 -0.321042
0.141032 0.304895 -0.329457
0.204507 0.377737 -0.337872
0.267983 0.450579 -0.346287
0.331458 0.523420 -0.354702
0.394933 0.596262 -0.363117
0.458409 0.669104 -0.371532
0.478116 0.741945 -0.379947
0.414641 0.814787 -0.388362
0.350743 0.888112 -0.396833
0.286846 0.961438 -0.405304
0.222949 1.034764 -0.413774
0.159052 1.108089 -0.422245
0.095155 1.181415 -0.430716
0.031258 1.254741 -0.439187
-0.032639 1.328066 -0.447657
-0.096536 1.401392 -0.456128
-0.160433 1.474717 -0.464599
-0.224330 1.548043 -0.473069
-0.288646 1.621849 -0.481596
-0.352962 1.695655 -0.490122
-0.417278 1.769461 -0.498649
-0.481595 1.843267 -0.492825
-0.454089 1.917073 -0.484298
-0.389773 1.990879 -0.475772
-0.325457 2.064687 -0.467246
-0.261141 2.138494 -0.458719
-0.196825 2.212301 -0.450193
-0.132509 2.286108 -0.441666
-0.067777 2.360392 -0.433085
-0.003044 2.434676 -0.424503
0.061688 2.508960 -0.415921
0.126421 2.583245 -0.407340
0.191153 2.544023 -0.398758
0.255885 2.469739 -0.390177
0.320618 2.395455 -0.381595
0.385350 2.321171 -0.373014
0.450083 2.246886 -0.364432
0.485185 2.172602 -0.355850
0.420039 2.097844 -0.347214
0.354893 2.023085 -0.338578
0.289747 1.948327 -0.329941
0.224601 1.873568 -0.321305
0.159455 1.798810 -0.312668
0.094309 1.724051 -0.304032
0.029163 1.649293 -0.295395
-0.035983 1.574534 -0.286759
-0.101129 1.499776 -0.278123
-0.166275 1.425017 -0.269486
-0.231832 1.349787 -0.260795
-0.297389 1.274556 -0.252104
-0.362947 1.199325 -0.243413
-0.428504 1.124095 -0.234722
-0.494061 1.048864 -0.226031
-0.440382 0.973634 -0.217341
-0.374825 0.898403 -0.208650
-0.309268 0.823172 -0.199959
-0.243711 0.747942 -0.191268
-0.178154 0.672711 -0.182577
-0.112189 0.597012 -0.173832
-0.046223 0.521313 -0.165087
0.019742 0.445614 -0.156342
0.085708 0.369914 -0.147597
0.151673 0.294215 -0.138851
0.217639 0.218515 -0.130106
0.283604 0.142816 -0.121361
0.349570 0.067117 -0.112616
0.415535 -0.008583 -0.103871
0.481500 -0.084282 -0.095126
0.452128 -0.160447 -0.086327
0.385756 -0.236612 -0.077529
0.319385 -0.312778 -0.068730
0.253013 -0.388943 -0.059931
0.186642 -0.465108 -0.051132
0.120270 -0.458727 -0.042333
0.053899 -0.382562 -0.033534
-0.012472 -0.306396 -0.024735
-0.078844 -0.230231 -0.015937
-0.145215 -0.154066 -0.007138
-0.211990 -0.077438 0.001715
-0.278765 -0.000809 0.010567
-0.345540 0.075819 0.019419
-0.412315 0.152447 0.028272
-0.479089 0.229075 0.037124
-0.454136 0.305704 0.045976
-0.387361 0.382332 0.054829
-0.320586 0.458960 0.063681
-0.253811 0.535589 0.072534
-0.187037 0.612217 0.081386
-0.119861 0.689305 0.090291
-0.052685 0.766394 0.099197
0.014491 0.843482 0.108102
0.081667 0.920571 0.117008
0.148843 0.997659 0.125914
0.216019 1.074748 0.134819
0.283195 1.151837 0.143725
0.350371 1.228926 0.152630
0.417547 1.306015 0.161536
0.484723 1.383105 0.170441
0.447702 1.460650 0.179400
0.380128 1.538196 0.188358
0.312553 1.615741 0.197316
0.244978 1.693287 0.206275
0.177404 1.770833 0.215233
0.109829 1.848378 0.224192
0.042254 1.925924 0.233150
-0.025320 2.003470 0.242109
-0.092895 2.081015 0.251067
-0.160470 2.158561 0.260025
-0.228441 2.236562 0.269036
-0.296412 2.314563 0.278047
-0.364383 2.392564 0.287058
-0.432354 2.470565 0.296069
-0.499675 2.548566 0.305080
-0.431704 2.626567 0.314091
-0.363733 2.704568 0.323103
-0.295762 2.782569 0.332114
-0.227791 2.860570 0.341125
-0.159820 2.938571 0.350136
-0.091455 3.017025 0.359199
-0.023090 3.095479 0.368262
0.045275 3.173933 0.377325
0.113640 3.252387 0.386388
0.182005 3.230715 0.395452
0.250370 3.152261 0.404515
0.318735 3.073807 0.413578
0.387100 2.995353 0.422641
0.374855 3.036169 0.271355
0.353653 3.090238 0.102251
0.332329 3.144616 -0.067821
0.311005 3.198995 -0.237893
0.289681 3.214919 -0.407966
0.268357 3.160541 -0.421962
0.247033 3.106162 -0.251890
0.225710 3.051784 -0.081818
0.204386 2.997405 0.088255
0.183062 2.943027 0.258327
0.161738 2.888648 0.428399
0.140415 2.834270 0.401528
0.118970 2.779584 0.230492
0.097526 2.724898 0.059457
0.076081 2.670212 -0.111579
0.054637 2.615525 -0.282615
0.033192 2.560839 -0.453651
0.011747 2.506153 -0.375313
-0.009697 2.451467 -0.204277
-0.031142 2.396781 -0.033241
-0.052586 2.342095 0.137794
-0.074031 2.287409 0.308830
-0.095595 2.232415 0.480824
-0.117160 2.177422 0.347182
-0.138725 2.122428 0.175188
-0.160289 2.067435 0.003194
-0.181854 2.012441 -0.168800
-0.203419 1.957448 -0.340795
-0.224983 1.902456 -0.487212
-0.246548 1.847463 -0.315218
-0.268113 1.792471 -0.143223
-0.289677 1.737478 0.028771
-0.311362 1.682181 0.201718
-0.333046 1.626883 0.374665
-0.354730 1.571586 0.452388
-0.376414 1.516288 0.279441
-0.398098 1.460990 0.106494
-0.419782 1.405693 -0.066453
-0.441467 1.350395 -0.239400
-0.463151 1.295098 -0.412347
-0.484835 1.239800 -0.414706
-0.493481 1.184502 -0.241759
-0.471678 1.128902 -0.067864
-0.449875 1.073302 0.106030
-0.428072 1.017701 0.279925
-0.406269 0.962101 0.453820
-0.384465 0.906500 0.372286
-0.362662 0.850900 0.198391
-0.340859 0.795300 0.024496
-0.319056 0.739699 -0.149398
-0.297253 0.684099 -0.323293
-0.275450 0.628498 -0.497188
-0.253529 0.572596 -0.327975
-0.231608 0.516694 -0.153138
-0.209687 0.460792 0.021699
-0.187766 0.404890 0.196536
-0.165845 0.348988 0.371373
-0.143923 0.293086 0.453789
-0.122002 0.237184 0.278952
-0.100081 0.181282 0.104115
-0.078160 0.125381 -0.070722
-0.056239 0.069479 -0.245559
-0.034200 0.013277 -0.421334
-0.012161 -0.042925 -0.402892
0.009877 -0.099126 -0.227117
0.031916 -0.155328 -0.051342
0.053955 -0.211530 0.124432
0.075993 -0.267731 0.300207
0.098032 -0.323933 0.475982
0.120071 -0.380134 0.348243
0.142109 -0.436336 0.172469
0.164148 -0.492537 -0.003306
0.186304 -0.450963 -0.180013
0.208459 -0.394463 -0.356720
0.230615 -0.337963 -0.466573
0.252771 -0.281463 -0.289865
0.274926 -0.224964 -0.113158
0.297082 -0.168464 0.063549
0.299490 -0.156946 0.099779
0.272275 -0.212900 -0.074708
0.245061 -0.268854 -0.249195
0.217847 -0.324809 -0.423681
0.190490 -0.381057 -0.400916
0.163132 -0.437306 -0.225513
0.135775 -0.493554 -0.050111
0.108418 -0.450198 0.125292
0.081061 -0.393950 0.300695
0.053704 -0.337701 0.476097
0.026346 -0.281453 0.348500
-0.001011 -0.225205 0.173097
-0.028368 -0.168956 -0.002306
-0.055725 -0.112708 -0.177708
-0.083225 -0.056168 -0.354022
-0.110724 0.000373 -0.469664
-0.138223 0.056913 -0.293350
-0.165722 0.113454 -0.117037
-0.193222 0.169994 0.059277
-0.220721 0.226535 0.235591
-0.248220 0.283075 0.411905
-0.275720 0.339615 0.411781
-0.303219 0.396156 0.235468
-0.354088 0.454673 0.238364
-0.415285 0.514342 0.318474
-0.476483 0.574011 0.398585
-0.462319 0.633680 0.478695
-0.401122 0.693349 0.441194
-0.339924 0.753018 0.361084
-0.278727 0.812687 0.280973
-0.217529 0.872356 0.200863
-0.156331 0.932025 0.120753
-0.121820 0.979798 0.072001
-0.194055 0.979986 0.148688
-0.266657 0.980176 0.225764
-0.339259 0.980365 0.302840
-0.411861 0.980555 0.379916
-0.484463 0.980744 0.456993
-0.442935 0.980934 0.465931
-0.370333 0.981124 0.388855
-0.297731 0.981313 0.311778
-0.225129 0.981503 0.234702
-0.152526 0.981692 0.157626
-0.079924 0.981882 0.080549
-0.006956 0.982072 0.003085
0.066012 0.982263 -0.074380
0.138979 0.982454 -0.151845
0.211947 0.982645 -0.229309
0.284915 0.982835 -0.306774
0.357883 0.983026 -0.384238
0.430851 0.983217 -0.461703
0.496181 0.983408 -0.460833
0.423213 0.983598 -0.383368
0.350245 0.983789 -0.305903
0.276913 0.983980 -0.228052
0.203581 0.984172 -0.150201
0.130249 0.984363 -0.072350
0.056917 0.984554 0.005501
-0.016415 0.984746 0.083352
-0.089747 0.984937 0.161203
-0.163078 0.985128 0.239054
-0.236410 0.985320 0.316905
-0.309742 0.985511 0.394756
