-0.136701 0.490798 -0.376551
-0.118329 0.446294 -0.370195
-0.099956 0.334907 -0.363840
-0.081584 0.177216 -0.357485
-0.063212 0.012711 -0.351129
-0.044839 -0.136290 -0.344774
-0.026467 -0.223809 -0.338419
-0.018170 -0.277599 -0.342146
-0.024986 -0.304344 -0.360999
-0.031802 -0.335075 -0.379851
-0.038618 -0.364531 -0.398703
-0.047081 -0.387936 -0.420418
-0.056004 -0.420995 -0.436634
-0.064926 -0.454055 -0.452851
-0.073849 -0.487115 -0.469067
-0.082771 -0.479825 -0.485283
-0.091694 -0.449248 -0.498500
-0.100616 -0.482307 -0.482284
-0.109539 -0.484633 -0.466068
-0.118461 -0.451573 -0.449851
-0.127384 -0.418513 -0.433635
-0.137687 -0.380339 -0.414910
-0.147990 -0.381452 -0.396185
-0.158292 -0.419626 -0.377460
-0.168595 -0.457800 -0.358734
-0.178898 -0.495975 -0.340009
-0.189201 -0.465851 -0.321284
-0.199504 -0.427677 -0.302559
-0.209806 -0.389503 -0.283834
-0.220109 -0.351329 -0.265109
-0.230412 -0.313155 -0.246384
-0.241931 -0.351517 -0.225449
-0.235995 -0.339654 -0.212325
-0.230059 -0.327790 -0.199201
-0.224123 -0.315927 -0.186077
-0.218187 -0.304064 -0.172954
-0.212251 -0.298778 -0.159830
-0.206315 -0.310641 -0.146706
-0.200379 -0.322504 -0.133582
-0.201723 -0.319096 -0.135803
-0.207921 -0.305508 -0.148253
-0.214711 -0.290623 -0.161891
-0.221501 -0.289783 -0.175529
-0.228291 -0.304668 -0.189167
-0.235080 -0.319553 -0.202805
-0.241870 -0.334438 -0.216443
-0.248660 -0.349323 -0.230081
-0.255450 -0.364208 -0.243719
-0.262239 -0.379093 -0.257356
-0.269029 -0.393978 -0.270994
-0.275819 -0.408863 -0.284632
-0.283153 -0.424941 -0.299363
-0.290487 -0.441019 -0.314093
-0.297820 -0.457096 -0.328824
-0.305154 -0.473174 -0.343555
-0.312488 -0.489252 -0.358286
-0.319822 -0.494670 -0.373016
-0.327155 -0.478593 -0.387747
-0.334489 -0.462515 -0.402478
-0.341823 -0.446437 -0.417208
-0.349157 -0.430359 -0.431939
-0.356997 -0.413171 -0.447687
-0.364837 -0.395984 -0.463435
-0.372677 -0.378796 -0.479183
-0.380517 -0.361608 -0.494930
-0.388357 -0.344420 -0.489322
-0.396197 -0.327232 -0.473574
-0.404037 -0.310044 -0.457826
-0.411877 -0.292856 -0.442078
-0.419718 -0.275668 -0.426330
-0.427959 -0.257347 -0.411070
-0.440533 -0.227089 -0.399533
-0.453106 -0.196832 -0.387995
-0.465680 -0.166575 -0.376458
-0.478253 -0.180386 -0.364921
-0.490827 -0.210643 -0.353384
-0.496599 -0.240900 -0.341847
-0.484026 -0.271157 -0.330310
-0.471452 -0.301415 -0.318773
-0.458879 -0.331672 -0.307236
-0.446305 -0.361929 -0.295699
-0.433051 -0.393823 -0.283538
-0.419798 -0.425716 -0.271377
-0.406544 -0.457610 -0.259215
-0.393290 -0.489504 -0.247054
-0.380037 -0.478602 -0.234893
-0.366783 -0.446708 -0.222732
-0.353529 -0.414814 -0.210571
-0.340275 -0.382920 -0.198410
-0.327022 -0.351027 -0.186249
-0.313768 -0.319133 -0.174088
-0.299868 -0.285682 -0.161334
-0.327572 -0.313431 -0.171963
-0.355276 -0.341180 -0.182592
-0.382980 -0.368928 -0.193221
-0.410685 -0.396677 -0.203850
-0.438389 -0.424426 -0.214479
-0.466093 -0.452174 -0.225108
-0.493797 -0.479923 -0.235737
-0.478498 -0.492329 -0.246366
-0.450794 -0.464580 -0.256995
-0.421858 -0.435597 -0.268096
-0.392922 -0.406614 -0.279198
-0.363986 -0.377632 -0.290300
-0.335050 -0.348649 -0.301401
-0.326132 -0.327752 -0.312529
-0.337231 -0.314942 -0.323683
-0.348330 -0.302132 -0.334838
-0.359430 -0.289322 -0.345992
-0.370529 -0.276511 -0.357146
-0.381628 -0.263701 -0.368300
-0.393181 -0.250368 -0.379909
-0.404733 -0.237034 -0.391519
-0.416286 -0.223701 -0.403128
-0.427839 -0.210367 -0.414738
-0.439391 -0.197034 -0.426347
-0.450944 -0.183701 -0.437957
-0.462496 -0.170367 -0.449566
-0.474049 -0.157034 -0.461176
-0.485601 -0.143700 -0.472785
-0.497154 -0.130367 -0.484395
-0.490857 -0.116530 -0.496442
-0.478869 -0.102693 -0.491510
-0.466880 -0.088857 -0.479462
-0.454892 -0.075020 -0.467415
-0.442903 -0.061183 -0.455367
-0.430914 -0.047346 -0.443320
-0.418926 -0.033510 -0.431272
-0.406937 -0.019673 -0.419224
-0.394949 -0.005836 -0.407177
-0.394701 -0.001174 -0.401466
-0.422802 -0.018509 -0.410861
-0.450903 -0.035843 -0.420255
-0.479004 -0.053177 -0.429650
-0.492895 -0.070512 -0.439045
-0.464794 -0.087846 -0.448439
-0.436693 -0.105181 -0.457834
-0.408593 -0.122515 -0.467228
-0.380492 -0.139849 -0.476623
-0.393897 -0.168553 -0.488192
-0.425090 -0.202129 -0.499308
-0.457306 -0.236806 -0.486398
-0.489522 -0.271483 -0.473488
-0.478261 -0.306160 -0.460578
-0.446045 -0.340837 -0.447668
-0.413829 -0.375515 -0.434758
-0.381612 -0.410192 -0.421848
-0.349396 -0.444869 -0.408938
-0.317180 -0.479546 -0.396028
-0.284963 -0.485777 -0.383118
-0.252747 -0.451100 -0.370207
-0.219539 -0.415356 -0.356900
-0.186332 -0.379611 -0.343592
-0.153124 -0.343867 -0.330285
-0.119916 -0.308123 -0.316977
-0.086709 -0.272379 -0.303669
-0.053501 -0.236634 -0.290362
-0.020293 -0.200890 -0.277054
0.012914 -0.165145 -0.263746
0.046122 -0.129401 -0.250439
0.079330 -0.093656 -0.237131
0.113500 -0.056876 -0.223438
0.147671 -0.020095 -0.209745
0.181841 0.016686 -0.196052
0.216011 0.053467 -0.182358
0.250182 0.090247 -0.168665
0.284352 0.127028 -0.154972
0.318523 0.163809 -0.141278
0.352693 0.180820 -0.127585
0.386864 0.144039 -0.113892
0.421034 0.107258 -0.100198
0.456141 0.069470 -0.086130
0.491248 0.031681 -0.072061
0.473645 -0.006108 -0.057993
0.438538 -0.043896 -0.043924
0.403432 -0.081685 -0.029856
0.368325 -0.119473 -0.015787
0.333218 -0.157262 -0.001719
0.298111 -0.195051 0.012350
0.263004 -0.232839 0.026419
0.227897 -0.270628 0.040487
0.191879 -0.309398 0.054921
0.155860 -0.348168 0.069355
0.119841 -0.386938 0.083789
0.083822 -0.425708 0.098223
0.047803 -0.464478 0.112657
0.103781 -0.481906 0.134276
0.159758 -0.499334 0.155894
0.215735 -0.483238 0.177513
0.271712 -0.465810 0.199132
0.327689 -0.448383 0.220750
0.385048 -0.430524 0.242903
0.442408 -0.412666 0.265055
0.499767 -0.394807 0.287208
0.442874 -0.376949 0.309360
0.385514 -0.359090 0.331512
0.328155 -0.341232 0.353665
0.270796 -0.323373 0.375817
0.213436 -0.305515 0.397969
0.156077 -0.287657 0.420122
0.098717 -0.269798 0.442274
0.040008 -0.251519 0.464948
-0.018701 -0.233241 0.487622
-0.077410 -0.214962 0.489704
-0.136120 -0.196684 0.467030
-0.194829 -0.178405 0.444356
-0.253538 -0.160127 0.421682
-0.312247 -0.141848 0.399009
-0.254096 -0.151817 0.409132
-0.166729 -0.168848 0.427454
-0.079362 -0.185878 0.445776
0.009969 -0.203292 0.464510
0.099299 -0.220705 0.483244
0.188630 -0.238118 0.498022
0.277960 -0.255532 0.479288
0.367291 -0.272945 0.460554
0.456622 -0.290358 0.441820
0.454048 -0.307771 0.423086
0.364717 -0.325184 0.404352
0.275386 -0.342598 0.385618
0.224743 -0.356776 0.379637
0.265224 -0.363551 0.403925
0.305704 -0.370325 0.428212
0.346185 -0.377099 0.452500
0.386665 -0.383874 0.476788
0.427146 -0.390648 0.498925
0.467626 -0.397422 0.474637
0.491893 -0.404197 0.450349
0.451413 -0.410971 0.426062
0.410932 -0.417746 0.401774
0.370452 -0.424520 0.377486
0.329136 -0.431434 0.352698
0.287821 -0.438348 0.327909
0.246506 -0.445262 0.303121
0.205191 -0.452176 0.278333
0.163875 -0.459091 0.253544
0.122560 -0.466005 0.228756
0.081245 -0.472919 0.203967
0.039930 -0.479833 0.179179
-0.001386 -0.486747 0.154391
-0.042701 -0.493661 0.129602
-0.084834 -0.499288 0.104323
-0.126968 -0.492237 0.079044
-0.169101 -0.485186 0.053764
-0.211235 -0.478135 0.028485
-0.253368 -0.471084 0.003206
-0.295502 -0.464033 -0.022074
-0.337636 -0.456982 -0.047353
-0.379769 -0.449931 -0.072632
-0.421903 -0.442880 -0.097911
-0.464036 -0.435829 -0.123191
-0.493027 -0.428644 -0.148952
-0.450091 -0.421459 -0.174712
-0.407155 -0.414273 -0.200473
-0.364219 -0.407088 -0.226234
-0.321283 -0.399903 -0.251995
-0.278346 -0.392717 -0.277756
-0.235410 -0.385532 -0.303517
-0.192474 -0.378347 -0.329277
-0.149538 -0.371161 -0.355038
-0.106602 -0.363976 -0.380799
-0.062878 -0.356659 -0.407033
-0.019154 -0.349342 -0.433266
0.024570 -0.342025 -0.459500
0.068294 -0.334708 -0.485733
0.112018 -0.327391 -0.488033
0.155742 -0.320074 -0.461800
0.199466 -0.312757 -0.435566
0.243190 -0.305440 -0.409333
0.286914 -0.298122 -0.383099
0.330638 -0.290805 -0.356866
0.375136 -0.283359 -0.330168
0.419633 -0.275912 -0.303470
0.464131 -0.268465 -0.276773
0.491371 -0.261019 -0.250075
0.446873 -0.253572 -0.223377
0.402375 -0.246125 -0.196679
0.357877 -0.238679 -0.169981
0.313379 -0.231232 -0.143283
0.268882 -0.223786 -0.116585
0.224384 -0.216339 -0.089887
0.179125 -0.208765 -0.062733
0.133867 -0.201191 -0.035578
0.088608 -0.193617 -0.008424
0.043349 -0.186043 0.018730
-0.001909 -0.178469 0.045885
-0.047168 -0.170895 0.073039
-0.092427 -0.163321 0.100193
-0.137685 -0.155747 0.127348
-0.182944 -0.148173 0.154502
-0.228202 -0.140599 0.181656
-0.274209 -0.132900 0.209260
-0.320216 -0.125201 0.236863
-0.366222 -0.117502 0.264466
-0.412229 -0.109803 0.292069
-0.458236 -0.102104 0.319672
-0.495757 -0.094405 0.347276
-0.449751 -0.086705 0.374879
-0.403744 -0.079006 0.402482
-0.357737 -0.071307 0.430085
-0.311730 -0.063608 0.457688
-0.264988 -0.055786 0.485733
-0.218245 -0.047963 0.486222
-0.171502 -0.040141 0.458177
-0.124759 -0.032319 0.430132
-0.078016 -0.024497 0.402087
-0.031273 -0.016674 0.374042
0.015470 -0.008852 0.345997
0.062213 -0.001030 0.317953
0.108956 0.006793 0.289908
0.155698 0.014615 0.261863
0.203166 0.022558 0.233383
0.250634 0.030502 0.204903
0.298101 0.038446 0.176424
0.345569 0.046389 0.147944
0.393037 0.054333 0.119464
0.440504 0.062276 0.090985
0.487972 0.070220 0.062505
0.464560 0.078163 0.034025
0.417093 0.086107 0.005546
0.369625 0.094051 -0.022934
0.321444 0.102114 -0.051842
0.273262 0.110177 -0.080750
0.225081 0.118240 -0.109658
0.176899 0.126303 -0.138566
0.128718 0.134366 -0.167474
0.080536 0.142429 -0.196382
0.032355 0.150492 -0.225290
-0.015826 0.158555 -0.254198
-0.064008 0.166618 -0.283106
-0.112189 0.174681 -0.312014
-0.161074 0.182862 -0.341344
-0.209959 0.191042 -0.370674
-0.258844 0.199223 -0.400004
-0.307729 0.207404 -0.429334
-0.356614 0.215585 -0.458664
-0.405498 0.223765 -0.487994
-0.454383 0.231946 -0.482676
-0.496732 0.240127 -0.453346
-0.447847 0.248307 -0.424016
-0.398963 0.256488 -0.394686
-0.349384 0.264785 -0.364940
-0.299806 0.273082 -0.335194
-0.250228 0.281378 -0.305449
-0.253355 0.303367 -0.279693
-0.309187 0.339049 -0.257927
-0.365019 0.374731 -0.236162
-0.420851 0.410413 -0.214396
-0.476683 0.446094 -0.192631
-0.467485 0.481776 -0.170866
-0.411653 0.517458 -0.149100
-0.355051 0.553632 -0.127035
-0.298449 0.589806 -0.104969
-0.241847 0.625980 -0.082903
-0.185245 0.662154 -0.060838
-0.128643 0.698328 -0.038772
-0.072041 0.734502 -0.016706
-0.015439 0.770676 0.005359
0.041164 0.806850 0.027425
0.097766 0.843024 0.049491
0.154368 0.879198 0.071556
0.211730 0.915858 0.093918
0.269092 0.952518 0.116280
0.326454 0.989178 0.138642
0.383816 1.025837 0.161004
0.441178 0.998756 0.183366
0.498540 0.962096 0.205727
0.444098 0.925437 0.228089
0.386736 0.888777 0.250451
0.329374 0.852117 0.272813
0.272012 0.815457 0.295175
0.213900 0.778318 0.317829
0.155788 0.741179 0.340483
0.097676 0.704040 0.363138
0.039565 0.666901 0.385792
-0.018547 0.629762 0.408446
-0.076659 0.592623 0.431100
-0.134771 0.555484 0.453755
-0.192883 0.518345 0.476409
-0.250995 0.481206 0.499063
-0.309106 0.444067 0.478283
-0.367959 0.406455 0.455340
-0.426811 0.368843 0.432397
-0.485663 0.331231 0.409455
-0.455485 0.293619 0.386512
-0.396633 0.256007 0.363569
-0.337781 0.218395 0.340626
-0.278929 0.180783 0.317684
-0.220077 0.143171 0.294741
-0.161224 0.105559 0.271798
-0.102372 0.067947 0.248856
-0.042789 0.029868 0.225628
0.016794 -0.008211 0.202400
0.076377 -0.046290 0.179172
0.135961 -0.084369 0.155944
0.195544 -0.122449 0.132717
0.255127 -0.160528 0.109489
0.314710 -0.198607 0.086261
0.374293 -0.236686 0.063033
0.433877 -0.274765 0.039806
0.493460 -0.312844 0.016578
0.446235 -0.351385 -0.006932
0.385929 -0.389925 -0.030441
0.325623 -0.428466 -0.053950
0.265318 -0.467007 -0.077460
0.205012 -0.494453 -0.100969
0.144707 -0.455912 -0.124478
0.084401 -0.417371 -0.147988
0.024096 -0.378831 -0.171497
-0.036210 -0.340290 -0.195006
-0.096515 -0.301749 -0.218515
-0.157534 -0.262752 -0.242303
-0.218553 -0.223755 -0.266091
-0.279573 -0.184758 -0.289878
-0.340592 -0.145761 -0.313666
-0.401611 -0.106765 -0.337453
-0.462630 -0.067768 -0.361241
-0.476351 -0.028771 -0.385029
-0.415332 0.010226 -0.408816
-0.354313 0.049223 -0.432604
-0.293294 0.088220 -0.456392
-0.231569 0.127667 -0.480454
-0.169845 0.167115 -0.495483
-0.108120 0.206563 -0.471420
-0.046396 0.246011 -0.447358
0.015329 0.285458 -0.423295
0.077054 0.324906 -0.399232
0.138778 0.364354 -0.375170
0.200503 0.403802 -0.351107
0.262228 0.443250 -0.327044
0.323952 0.482698 -0.302982
0.386374 0.522591 -0.278647
0.448796 0.562484 -0.254313
0.488781 0.602378 -0.229978
0.426359 0.642271 -0.205644
0.363937 0.682165 -0.181309
0.301515 0.722058 -0.156975
0.239093 0.761951 -0.132640
0.176671 0.801845 -0.108306
0.114249 0.841738 -0.083971
0.051826 0.881631 -0.059637
-0.011285 0.921966 -0.035033
-0.074397 0.962300 -0.010430
-0.137509 1.002635 0.014173
-0.200621 1.042969 0.038777
-0.263733 1.083304 0.063380
-0.326845 1.123638 0.087984
-0.389957 1.163973 0.112587
-0.453068 1.204307 0.137190
-0.483820 1.244642 0.161794
-0.420708 1.284976 0.186397
-0.356914 1.325747 0.211266
-0.293120 1.366518 0.236136
-0.229325 1.407288 0.261005
-0.165531 1.379696 0.285874
-0.101737 1.338925 0.310744
-0.037943 1.298155 0.335613
0.025851 1.257384 0.360483
0.089645 1.216613 0.385352
0.153440 1.175842 0.410222
0.217234 1.135072 0.435091
0.281703 1.093869 0.460224
0.346172 1.052667 0.485356
0.410641 1.011465 0.489511
0.475111 0.970263 0.464379
0.460420 0.929061 0.439246
0.395951 0.887859 0.414113
0.331481 0.846658 0.388981
0.267012 0.805456 0.363848
0.202543 0.764254 0.338716
0.138074 0.723053 0.313583
0.072936 0.681424 0.288190
0.007799 0.639796 0.262797
-0.057338 0.598167 0.237404
-0.122476 0.556539 0.212011
-0.187613 0.514910 0.186618
-0.252750 0.473282 0.161225
-0.317888 0.431653 0.135832
-0.383025 0.390024 0.110439
-0.448163 0.348395 0.085046
-0.486700 0.306766 0.059653
-0.420901 0.264715 0.034003
-0.355102 0.222664 0.008352
-0.289304 0.180612 -0.017299
-0.223505 0.138561 -0.042950
-0.157706 0.096510 -0.068601
-0.091908 0.054458 -0.094251
-0.026109 0.012407 -0.119902
0.039690 -0.029645 -0.145553
0.105488 -0.071696 -0.171204
0.171287 -0.113747 -0.196855
0.237740 -0.156217 -0.222761
0.304194 -0.198687 -0.248667
0.370647 -0.241157 -0.274573
0.437101 -0.283627 -0.300479
0.496446 -0.326096 -0.326385
0.429992 -0.368566 -0.352291
0.363539 -0.411036 -0.378197
0.297085 -0.453506 -0.404103
0.230632 -0.495976 -0.430008
0.164178 -0.461554 -0.455914
0.097076 -0.418670 -0.482073
0.029975 -0.375786 -0.491768
-0.037127 -0.332902 -0.465609
-0.104229 -0.290018 -0.439451
-0.171331 -0.247134 -0.413292
-0.238432 -0.204250 -0.387133
-0.305534 -0.161366 -0.360975
-0.372636 -0.118482 -0.334816
-0.439737 -0.075597 -0.308657
-0.493161 -0.032713 -0.282499
-0.425417 0.010581 -0.256090
-0.357673 0.053876 -0.229681
-0.289929 0.097171 -0.203272
-0.222185 0.140465 -0.176863
-0.154441 0.183760 -0.150454
-0.086697 0.227054 -0.124044
-0.018954 0.270349 -0.097635
0.048790 0.313643 -0.071226
0.116534 0.356938 -0.044817
0.184278 0.400232 -0.018408
0.252658 0.443933 0.008249
0.321038 0.487635 0.034906
0.389418 0.531336 0.061563
0.457798 0.575036 0.088220
0.382526 0.498217 0.073785
0.307254 0.421398 0.059350
0.231983 0.344579 0.044916
0.156711 0.267759 0.030481
0.081439 0.190940 0.016046
0.006168 0.114121 0.001611
-0.069798 0.036594 -0.012957
-0.145763 -0.040934 -0.027525
-0.221729 -0.118461 -0.042093
-0.297694 -0.195988 -0.056661
-0.373660 -0.273516 -0.071229
-0.449625 -0.351043 -0.085797
-0.474409 -0.428570 -0.100365
-0.398444 -0.493903 -0.114933
-0.322478 -0.416376 -0.129501
-0.246513 -0.338849 -0.144069
-0.169860 -0.260620 -0.158769
-0.093207 -0.182391 -0.173469
-0.016554 -0.104162 -0.188168
0.060099 -0.025933 -0.202868
0.136752 0.052296 -0.217568
0.213405 0.130525 -0.232268
0.290058 0.208754 -0.246968
0.366710 0.286983 -0.261667
0.443363 0.365212 -0.276367
0.479984 0.443441 -0.291067
0.402650 0.522365 -0.305897
0.325315 0.601289 -0.320728
0.247981 0.680213 -0.335558
0.170647 0.759138 -0.350389
0.093312 0.838062 -0.365220
0.015978 0.916986 -0.380050
-0.061356 0.995911 -0.394881
-0.138690 1.074834 -0.409711
-0.186591 1.132154 -0.422923
-0.116756 1.103057 -0.429662
-0.046311 1.073707 -0.436460
0.024134 1.044356 -0.443258
0.094580 1.015006 -0.450056
0.165025 0.985655 -0.456854
0.235470 0.956305 -0.463652
0.305915 0.926954 -0.470450
0.376360 0.897604 -0.477248
0.446805 0.868253 -0.484046
0.482750 0.838903 -0.490843
0.412306 0.809552 -0.497641
0.341256 0.779950 -0.495502
0.270206 0.750347 -0.488646
0.199157 0.720744 -0.481790
0.128107 0.691142 -0.474933
0.057057 0.661539 -0.468077
-0.013993 0.631936 -0.461221
-0.085043 0.602334 -0.454364
-0.156092 0.572731 -0.447508
-0.227142 0.543128 -0.440652
-0.298192 0.513526 -0.433795
-0.369841 0.483673 -0.426881
-0.441490 0.453821 -0.419967
-0.486860 0.423969 -0.413053
-0.415211 0.394116 -0.406139
-0.343562 0.364264 -0.399225
-0.271913 0.334411 -0.392311
-0.200263 0.304559 -0.385396
-0.135599 0.286520 -0.375835
-0.098877 0.315732 -0.355682
-0.062155 0.344945 -0.335529
-0.025127 0.374400 -0.315210
0.011900 0.403856 -0.294890
0.048927 0.433311 -0.274570
0.085954 0.462766 -0.254250
0.122981 0.492221 -0.233930
0.160008 0.521676 -0.213610
0.197035 0.551132 -0.193290
0.234062 0.580587 -0.172970
0.271089 0.610043 -0.152650
0.308116 0.639498 -0.132330
0.345446 0.669194 -0.111845
0.382775 0.698889 -0.091359
0.420105 0.728585 -0.070873
0.457434 0.758281 -0.050387
0.494764 0.787976 -0.029902
0.467907 0.817672 -0.009416
0.430577 0.847367 0.011070
0.393248 0.877063 0.031556
0.355918 0.906759 0.052042
0.318589 0.936454 0.072527
0.280959 0.966388 0.093178
0.243330 0.996322 0.113828
0.205701 1.026257 0.134478
0.168072 1.056192 0.155129
0.130443 1.086126 0.175779
0.092813 1.116061 0.196429
0.055184 1.145995 0.217080
0.017555 1.175930 0.237730
-0.020074 1.205865 0.258380
-0.057704 1.235799 0.279031
-0.095630 1.265970 0.299844
-0.133557 1.296141 0.320658
-0.171484 1.326311 0.341472
-0.209410 1.356482 0.362285
-0.247337 1.386653 0.383099
-0.285264 1.416824 0.403912
-0.323191 1.446994 0.424726
-0.361117 1.477165 0.445540
-0.399044 1.507336 0.466353
-0.436971 1.537506 0.487167
-0.475192 1.567912 0.491857
-0.486586 1.598317 0.470882
-0.448364 1.628723 0.449907
-0.410142 1.659128 0.428931
-0.371920 1.689534 0.407956
-0.333699 1.719939 0.386980
-0.295477 1.750345 0.366005
-0.257255 1.780750 0.345029
-0.219033 1.811156 0.324054
-0.180811 1.841561 0.303078
-0.142297 1.872199 0.281942
-0.103782 1.902837 0.260805
-0.065267 1.918567 0.239669
-0.026753 1.887929 0.218533
0.011762 1.857291 0.197397
0.050277 1.826653 0.176260
0.088792 1.796015 0.155124
0.127306 1.765377 0.133988
0.165821 1.734739 0.112852
0.204336 1.704101 0.091715
0.243141 1.673232 0.070420
0.281947 1.642362 0.049124
0.320752 1.611493 0.027828
0.359557 1.580624 0.006532
0.398363 1.549755 -0.014764
0.437168 1.518885 -0.036059
0.475973 1.488016 -0.057355
0.485222 1.457147 -0.078651
0.446416 1.426278 -0.099947
0.407611 1.395409 -0.121243
0.368517 1.364309 -0.142697
0.329423 1.333210 -0.164151
0.290330 1.302111 -0.185605
0.251236 1.271011 -0.207059
0.212142 1.239912 -0.228513
0.173048 1.208813 -0.249967
0.133954 1.177713 -0.271421
0.094860 1.146614 -0.292875
0.055766 1.115515 -0.314329
0.016672 1.084415 -0.335784
-0.022708 1.053088 -0.357395
-0.062089 1.021761 -0.379006
-0.101469 0.990434 -0.400618
-0.140849 0.959107 -0.422229
-0.180230 0.927780 -0.443841
-0.219610 0.896453 -0.465452
-0.258990 0.865126 -0.487064
-0.298370 0.833799 -0.491325
-0.337751 0.802472 -0.469713
-0.377131 0.771145 -0.448102
-0.416796 0.739592 -0.426335
-0.456460 0.708038 -0.404567
-0.496125 0.676485 -0.382800
-0.464210 0.644931 -0.361033
-0.424545 0.613378 -0.339265
-0.384880 0.581824 -0.317498
-0.345216 0.550271 -0.295731
-0.305551 0.518717 -0.273963
-0.265886 0.487164 -0.252196
-0.226221 0.455611 -0.230429
-0.186274 0.423833 -0.208506
-0.146327 0.392055 -0.186584
-0.106380 0.360277 -0.164662
-0.066433 0.328499 -0.142740
-0.026486 0.296721 -0.120817
0.013461 0.264943 -0.098895
0.053408 0.233165 -0.076973
0.093355 0.201387 -0.055050
0.133302 0.169609 -0.033128
0.173249 0.137831 -0.011206
0.213476 0.105830 0.010870
0.253703 0.073830 0.032946
0.293931 0.041829 0.055023
0.334158 0.009828 0.077099
0.374385 -0.022173 0.099175
0.414612 -0.054174 0.121251
0.454839 -0.086175 0.143327
0.495066 -0.118176 0.165403
0.464706 -0.150177 0.187479
0.424479 -0.182178 0.209555
0.383973 -0.214400 0.231784
0.343468 -0.246623 0.254013
0.302962 -0.278845 0.276242
0.262456 -0.311067 0.298471
0.221950 -0.343290 0.320700
0.181445 -0.375512 0.342929
0.140939 -0.407734 0.365158
0.100433 -0.439956 0.387387
0.059928 -0.472179 0.409616
0.019422 -0.495599 0.431845
-0.021360 -0.463157 0.454225
-0.062143 -0.430715 0.476606
-0.102925 -0.398272 0.498987
-0.143707 -0.365830 0.478633
-0.184489 -0.333388 0.456252
-0.225272 -0.300946 0.433871
-0.266054 -0.268504 0.411491
-0.306836 -0.236061 0.389110
-0.347618 -0.203619 0.366729
-0.388400 -0.171177 0.344349
-0.429457 -0.138516 0.321817
-0.470514 -0.105855 0.299286
-0.488429 -0.073194 0.276754
-0.447372 -0.040533 0.254223
-0.406316 -0.007872 0.231692
-0.365259 0.024788 0.209160
-0.324202 0.057449 0.186629
-0.283145 0.090110 0.164098
-0.242088 0.122771 0.141566
-0.201031 0.155432 0.119035
-0.159702 0.188309 0.096354
-0.118372 0.221187 0.073673
-0.077042 0.254065 0.050992
-0.035713 0.286943 0.028311
0.005617 0.319821 0.005630
0.046947 0.352699 -0.017051
0.088276 0.385577 -0.039732
0.129606 0.418455 -0.062413
0.170936 0.451332 -0.085094
0.212265 0.484210 -0.107776
0.253866 0.517304 -0.130605
0.295467 0.550398 -0.153435
0.337068 0.583491 -0.176265
0.378668 0.616585 -0.199095
0.420269 0.649679 -0.221924
0.461870 0.682772 -0.244754
0.496529 0.715866 -0.267584
0.454929 0.748960 -0.290414
0.413328 0.782053 -0.313243
0.371727 0.815147 -0.336073
0.329857 0.848455 -0.359051
0.287987 0.881763 -0.382028
0.246117 0.915070 -0.405006
0.204248 0.948378 -0.427984
0.162378 0.981686 -0.450961
0.120508 1.014993 -0.473939
0.078638 1.048300 -0.496916
0.036768 1.081607 -0.480106
-0.005102 1.114914 -0.457128
-0.046972 1.148221 -0.434151
-0.089109 1.181742 -0.411026
-0.131247 1.215262 -0.387902
-0.173384 1.248783 -0.364777
-0.215522 1.282303 -0.341653
-0.257659 1.315824 -0.318528
-0.299797 1.349344 -0.295404
-0.341934 1.382864 -0.272279
-0.384072 1.416385 -0.249155
-0.426209 1.449905 -0.226030
-0.468347 1.483426 -0.202906
-0.489250 1.517157 -0.179636
-0.446846 1.550889 -0.156366
-0.404443 1.584620 -0.133095
-0.362040 1.618352 -0.109825
-0.319636 1.652083 -0.086555
-0.277233 1.685815 -0.063285
-0.234830 1.719546 -0.040014
-0.192426 1.753278 -0.016744
-0.150023 1.787009 0.006526
-0.107620 1.820740 0.029797
-0.064952 1.854683 0.053212
-0.022285 1.888625 0.076627
0.020383 1.922568 0.100042
0.063050 1.956510 0.123458
0.105718 1.990453 0.146873
0.148385 2.024394 0.170288
0.191053 2.058336 0.193703
0.233721 2.092277 0.217119
0.276388 2.126218 0.240534
0.319055 2.160159 0.263949
0.361986 2.194310 0.287508
0.404916 2.228462 0.311068
0.447846 2.262613 0.334627
0.490776 2.296764 0.358186
0.466293 2.330915 0.381746
0.423363 2.365066 0.405305
0.380433 2.399217 0.428864
0.337503 2.433368 0.452424
0.294572 2.467519 0.475983
0.251642 2.501670 0.499542
0.208451 2.536029 0.476755
0.165260 2.570387 0.453052
0.122069 2.604746 0.429350
0.078878 2.639104 0.405647
0.035687 2.673463 0.381944
-0.007504 2.707821 0.358241
-0.050695 2.742180 0.334539
-0.093886 2.776538 0.310836
-0.137077 2.810897 0.287133
-0.180268 2.845255 0.263431
-0.223719 2.879821 0.239586
-0.267169 2.914387 0.215741
-0.310620 2.948953 0.191896
-0.354071 2.983519 0.168051
-0.397521 3.013241 0.144206
-0.440972 2.978675 0.120361
-0.484422 2.944109 0.096516
-0.472127 2.909543 0.072671
-0.428677 2.874977 0.048826
-0.385226 2.840411 0.024981
-0.341518 2.805640 0.000995
-0.297809 2.770869 -0.022992
-0.254101 2.736099 -0.046978
-0.210392 2.701328 -0.070965
-0.166684 2.666557 -0.094951
-0.122976 2.631786 -0.118938
-0.079267 2.597015 -0.142924
-0.035559 2.562244 -0.166910
0.008149 2.527473 -0.190897
0.051858 2.492702 -0.214883
0.095822 2.457728 -0.239010
0.139787 2.422755 -0.263138
0.183752 2.387781 -0.287265
0.227717 2.352807 -0.311392
0.271681 2.317834 -0.335519
0.315646 2.282860 -0.359646
0.359611 2.247886 -0.383773
0.403575 2.212913 -0.407900
0.447540 2.177939 -0.432027
0.491505 2.142966 -0.456154
0.464276 2.107789 -0.480421
0.420056 2.072613 -0.495312
0.375837 2.037437 -0.471045
0.331617 2.002260 -0.446777
0.287398 1.967084 -0.422510
0.243178 1.931908 -0.398243
0.198959 1.896732 -0.373976
0.154739 1.861555 -0.349709
0.110519 1.826379 -0.325442
0.066300 1.791203 -0.301175
0.021827 1.755824 -0.276769
-0.022646 1.720445 -0.252363
-0.067119 1.685066 -0.227957
-0.111592 1.649687 -0.203550
-0.156065 1.614308 -0.179144
-0.200538 1.578929 -0.154738
-0.245011 1.543550 -0.130332
-0.289484 1.508171 -0.105926
-0.333957 1.472792 -0.081520
-0.378430 1.437413 -0.057114
-0.423155 1.401834 -0.032570
-0.467880 1.366255 -0.008025
-0.487395 1.330676 0.016519
-0.442670 1.295097 0.041063
-0.397945 1.259517 0.065608
-0.353220 1.223938 0.090152
-0.308495 1.188359 0.114696
-0.263770 1.152780 0.139241
-0.219045 1.117201 0.163785
-0.174320 1.081621 0.188329
-0.129345 1.045843 0.213011
-0.084369 1.010065 0.237693
-0.039394 0.974287 0.262375
0.005582 0.938508 0.287057
0.050557 0.902730 0.311739
0.095533 0.866952 0.336421
0.140508 0.831173 0.361103
0.185484 0.795395 0.385785
0.230460 0.759617 0.410467
0.275435 0.723839 0.435149
0.320660 0.687862 0.459967
0.365885 0.651886 0.484786
0.411109 0.615910 0.490396
0.456334 0.579934 0.465577
0.498441 0.543958 0.440759
0.453217 0.507982 0.415940
0.407992 0.472005 0.391122
0.362767 0.436029 0.366303
0.317542 0.400052 0.341485
0.272318 0.364076 0.316666
0.226845 0.327902 0.291712
0.181373 0.291729 0.266757
0.135900 0.255555 0.241802
0.090428 0.219382 0.216848
0.044955 0.183208 0.191893
-0.000517 0.147035 0.166938
-0.045990 0.110861 0.141984
-0.091463 0.074688 0.117029
-0.136935 0.038515 0.092074
-0.182408 0.002341 0.067120
-0.228127 -0.034029 0.042030
-0.273845 -0.070398 0.016940
-0.319564 -0.106768 -0.008150
-0.365283 -0.143137 -0.033240
-0.411002 -0.179507 -0.058330
-0.456721 -0.215876 -0.083419
-0.497560 -0.252246 -0.108509
-0.451841 -0.288615 -0.133599
-0.406123 -0.324985 -0.158689
-0.360404 -0.361355 -0.183779
-0.314440 -0.397919 -0.209003
-0.268475 -0.434483 -0.234228
-0.222511 -0.471048 -0.259452
-0.176547 -0.492388 -0.284676
-0.130583 -0.455823 -0.309901
-0.084619 -0.419259 -0.335125
-0.038655 -0.382694 -0.360349
0.007309 -0.346130 -0.385574
0.053273 -0.309565 -0.410798
0.099238 -0.273001 -0.436023
0.145445 -0.236242 -0.461381
0.191653 -0.199484 -0.486739
0.237861 -0.162725 -0.487903
0.284069 -0.125967 -0.462545
0.330277 -0.089208 -0.437186
0.376485 -0.052450 -0.411828
0.422693 -0.015691 -0.386470
0.468901 0.021067 -0.361112
0.484891 0.057826 -0.335754
0.438683 0.094585 -0.310395
0.392233 0.131536 -0.284904
0.345782 0.168487 -0.259413
0.299332 0.205439 -0.233921
0.252881 0.242390 -0.208430
0.206431 0.279342 -0.182939
0.159980 0.316294 -0.157447
0.113530 0.353245 -0.131956
0.067079 0.390197 -0.106465
0.020629 0.427148 -0.080973
-0.025822 0.464100 -0.055482
-0.072513 0.501243 -0.029858
-0.119205 0.538387 -0.004235
-0.165897 0.575530 0.021389
-0.212589 0.612673 0.047013
-0.259281 0.649816 0.072637
-0.305973 0.686960 0.098260
-0.352665 0.724103 0.123884
-0.399357 0.761246 0.149508
-0.446049 0.798389 0.175132
-0.492740 0.835533 0.200755
-0.460328 0.872867 0.226511
-0.413396 0.910202 0.252266
-0.366464 0.947536 0.278022
-0.319532 0.984871 0.303777
-0.272601 1.022205 0.329533
-0.225669 1.059539 0.355288
-0.178737 1.096873 0.381044
-0.131805 1.134207 0.406799
-0.084873 1.171541 0.432554
-0.092843 1.190495 0.426072
-0.229609 1.166441 0.343951
-0.366376 1.142387 0.261830
-0.496858 1.118333 0.179709
-0.360092 1.094279 0.097588
-0.223325 1.070225 0.015467
-0.086559 1.046171 -0.066653
0.050208 1.022117 -0.148774
0.186974 0.998062 -0.230895
0.323741 0.974008 -0.313016
0.460507 0.949954 -0.395137
0.402037 0.925779 -0.477672
0.264582 0.901603 -0.439794
0.127126 0.877427 -0.357259
-0.010329 0.853252 -0.274725
-0.147785 0.829076 -0.192190
-0.285240 0.804901 -0.109656
-0.422695 0.780725 -0.027121
-0.439849 0.756549 0.055413
-0.302394 0.732374 0.137948
-0.164938 0.708198 0.220482
-0.026797 0.683902 0.303429
0.111344 0.659606 0.386375
0.249485 0.635310 0.469321
0.387626 0.611014 0.447733
0.474233 0.586718 0.364787
0.336092 0.562422 0.281841
0.197951 0.538126 0.198895
0.059810 0.513830 0.115949
-0.078331 0.489534 0.033002
