-0.242180 0.288989 0.217857
-0.216440 0.288829 0.215832
-0.190700 0.288670 0.213807
-0.196763 0.177216 0.204167
-0.224028 0.012711 0.189451
-0.251293 -0.136290 0.174735
-0.265870 -0.223908 0.168632
-0.293208 -0.277599 0.196450
-0.320545 -0.304344 0.224267
-0.347883 -0.335075 0.252085
-0.375220 -0.364531 0.279903
-0.371039 -0.372817 0.281927
-0.341749 -0.396463 0.262589
-0.329380 -0.432139 0.242322
-0.318891 -0.448952 0.221951
-0.308403 -0.451902 0.201581
-0.297914 -0.454167 0.181211
-0.287425 -0.456432 0.160840
-0.276936 -0.458697 0.140470
-0.266447 -0.460962 0.120100
-0.255958 -0.463227 0.099729
-0.243846 -0.465842 0.076208
-0.231735 -0.468458 0.052686
-0.219623 -0.471073 0.029165
-0.207511 -0.473689 0.005643
-0.195400 -0.476304 -0.017878
-0.183288 -0.478920 -0.041400
-0.171176 -0.481535 -0.064922
-0.159065 -0.484151 -0.088443
-0.146953 -0.486766 -0.111965
-0.134841 -0.489382 -0.135486
-0.121300 -0.492305 -0.161784
-0.107759 -0.495229 -0.188082
-0.094218 -0.498153 -0.214380
-0.080676 -0.498923 -0.240678
-0.072673 -0.499502 -0.209327
-0.067042 -0.498418 -0.153271
-0.061411 -0.496337 -0.097214
-0.055781 -0.494257 -0.041157
-0.047314 -0.488522 -0.011972
-0.032229 -0.474264 -0.045487
-0.015704 -0.458644 -0.082202
0.000820 -0.443024 -0.118916
0.017345 -0.427404 -0.155630
0.033870 -0.411785 -0.192345
0.050394 -0.396165 -0.229059
0.066919 -0.380545 -0.265773
0.083443 -0.364926 -0.302488
0.099968 -0.349306 -0.339202
0.116493 -0.333686 -0.375917
0.133017 -0.318067 -0.412631
0.150866 -0.301196 -0.452287
0.168714 -0.284324 -0.491943
0.186563 -0.267453 -0.468402
0.204412 -0.250582 -0.428746
0.222260 -0.233711 -0.389090
0.240109 -0.216840 -0.349434
0.257957 -0.203488 -0.309778
0.275806 -0.220360 -0.270122
0.293655 -0.237231 -0.230466
0.311503 -0.254102 -0.190810
0.330584 -0.272138 -0.148416
0.349665 -0.290174 -0.106022
0.368746 -0.308210 -0.063628
0.387827 -0.326246 -0.021234
0.406908 -0.344283 0.021160
0.425989 -0.362319 0.063554
0.445070 -0.380355 0.105948
0.464151 -0.398391 0.148342
0.483232 -0.416427 0.190736
0.497687 -0.434463 0.233130
0.477449 -0.453593 0.278096
0.457210 -0.472723 0.323062
0.436972 -0.491853 0.368028
0.424879 -0.487982 0.405792
0.486098 -0.458502 0.378749
0.452683 -0.429023 0.351707
0.391465 -0.399543 0.324664
0.330246 -0.370064 0.297621
0.269027 -0.340584 0.270578
0.207808 -0.311104 0.243535
0.143278 -0.280030 0.215029
0.078748 -0.248956 0.186523
0.057716 -0.218101 0.187457
0.101931 -0.187576 0.232550
0.146147 -0.157051 0.277644
0.190362 -0.126526 0.322737
0.234577 -0.096001 0.367830
0.278792 -0.093899 0.412924
0.323007 -0.124425 0.458017
0.367222 -0.154950 0.496890
0.413595 -0.186964 0.449596
0.459969 -0.218979 0.402301
0.493658 -0.250994 0.355007
0.447285 -0.283009 0.307713
0.400911 -0.315024 0.260419
0.354538 -0.347039 0.213125
0.308165 -0.379053 0.165830
0.261791 -0.411068 0.118536
0.215418 -0.443083 0.071242
0.169045 -0.475098 0.023948
0.120610 -0.491463 -0.025449
0.072175 -0.458025 -0.074847
0.023739 -0.424586 -0.124244
-0.014813 -0.395894 -0.164147
0.035575 -0.409913 -0.118609
0.085964 -0.423932 -0.073071
0.127668 -0.421743 -0.050664
0.149106 -0.381732 -0.082230
0.170544 -0.341721 -0.113796
0.191982 -0.301710 -0.145362
0.214295 -0.260066 -0.178218
0.236609 -0.218421 -0.211073
0.258922 -0.176777 -0.243928
0.281235 -0.135132 -0.276783
0.303549 -0.093488 -0.309638
0.325862 -0.051843 -0.342493
0.348175 -0.010199 -0.375348
0.370489 0.023432 -0.408203
0.392802 -0.018213 -0.441058
0.415115 -0.059857 -0.473913
0.438271 -0.103074 -0.491992
0.461427 -0.146290 -0.457897
0.484583 -0.189507 -0.423801
0.492262 -0.232723 -0.389706
0.469106 -0.275939 -0.355611
0.445950 -0.319156 -0.321515
0.422794 -0.362372 -0.287420
0.399638 -0.405589 -0.253325
0.391591 -0.422971 -0.238222
0.418795 -0.380076 -0.267437
0.446954 -0.335676 -0.297677
0.475113 -0.291275 -0.327917
0.496728 -0.246874 -0.358157
0.468569 -0.202474 -0.388397
0.440410 -0.158073 -0.418638
0.412251 -0.113672 -0.448878
0.384092 -0.069272 -0.479118
0.355933 -0.024871 -0.490642
0.327774 0.019530 -0.460402
0.299615 0.063931 -0.430162
0.270532 0.033367 -0.398930
0.241450 -0.012489 -0.367698
0.212367 -0.058346 -0.336466
0.183285 -0.104203 -0.305234
0.154202 -0.150060 -0.274002
0.125119 -0.195917 -0.242770
0.096037 -0.241774 -0.211538
0.066954 -0.287630 -0.180306
0.037872 -0.333487 -0.149074
0.008789 -0.379344 -0.117842
-0.021188 -0.426612 -0.085649
-0.051166 -0.473881 -0.053456
-0.081143 -0.478851 -0.021263
-0.111121 -0.431583 0.010930
-0.141099 -0.384315 0.043123
-0.171076 -0.337046 0.075316
-0.201054 -0.289778 0.107509
-0.231031 -0.242510 0.139702
-0.205858 -0.243807 0.140482
-0.157048 -0.265917 0.127800
-0.106822 -0.288669 0.114749
-0.056597 -0.311421 0.101699
-0.006372 -0.334172 0.088648
0.043853 -0.356924 0.075598
0.094078 -0.379676 0.062548
0.144303 -0.402428 0.049497
0.194528 -0.425179 0.036447
0.244753 -0.447931 0.023397
0.294978 -0.470683 0.010346
0.345203 -0.493434 -0.002704
0.396805 -0.483191 -0.016112
0.448406 -0.459815 -0.029520
0.499992 -0.436440 -0.042928
0.448391 -0.413065 -0.056336
0.396789 -0.389690 -0.069744
0.345188 -0.366315 -0.083152
0.293586 -0.342940 -0.096560
0.241985 -0.319564 -0.109968
0.190383 -0.296189 -0.123376
0.138782 -0.272814 -0.136784
0.085840 -0.248832 -0.150541
0.032898 -0.224849 -0.164297
-0.020044 -0.200867 -0.178053
-0.072986 -0.176885 -0.191809
-0.125928 -0.152902 -0.205566
-0.178870 -0.128920 -0.219322
-0.231811 -0.104937 -0.233078
-0.284753 -0.080955 -0.246835
-0.326327 -0.063166 -0.258491
-0.265584 -0.101120 -0.251251
-0.203341 -0.140010 -0.243832
-0.141099 -0.178901 -0.236412
-0.078856 -0.217792 -0.228993
-0.016613 -0.256683 -0.221574
0.045630 -0.295574 -0.214155
0.107872 -0.334465 -0.206735
0.170115 -0.373356 -0.199316
0.232358 -0.412246 -0.191897
0.294600 -0.451137 -0.184477
0.356843 -0.490028 -0.177058
0.420551 -0.470166 -0.169464
0.484258 -0.430360 -0.161870
0.452034 -0.390554 -0.154276
0.388327 -0.350748 -0.146682
0.324619 -0.310942 -0.139088
0.260912 -0.271136 -0.131494
0.197204 -0.231330 -0.123901
0.133497 -0.191524 -0.116307
0.069789 -0.151718 -0.108713
0.006082 -0.111912 -0.101119
-0.059057 -0.071211 -0.093354
-0.124197 -0.030511 -0.085590
-0.189336 0.010190 -0.077825
-0.254475 0.050891 -0.070060
-0.319614 0.091591 -0.062296
-0.384754 0.132292 -0.054531
-0.449893 0.172992 -0.046766
-0.484968 0.213693 -0.039002
-0.419829 0.254393 -0.031237
-0.354690 0.295094 -0.023473
-0.288149 0.336670 -0.015541
-0.221609 0.378246 -0.007610
-0.155069 0.419822 0.000322
-0.088529 0.461398 0.008254
-0.021988 0.452641 0.016185
0.044552 0.411065 0.024117
0.111092 0.369489 0.032048
0.177632 0.327913 0.039980
0.244173 0.286337 0.047912
0.310713 0.244761 0.055843
0.378625 0.202327 0.063938
0.446538 0.159894 0.072034
0.485550 0.117461 0.080129
0.417638 0.075027 0.088224
0.349725 0.032594 0.096319
0.281813 -0.009839 0.104414
0.213901 -0.052273 0.112509
0.145988 -0.094706 0.120604
0.078076 -0.137139 0.128699
0.010164 -0.179572 0.136795
-0.059094 -0.222846 0.145050
-0.128351 -0.266120 0.153306
-0.197608 -0.309393 0.161561
-0.266866 -0.352667 0.169817
-0.336123 -0.395940 0.178072
-0.405380 -0.439214 0.186328
-0.474638 -0.482488 0.194583
-0.456105 -0.474239 0.202839
-0.386848 -0.430965 0.211095
-0.317590 -0.387692 0.219350
-0.247014 -0.343594 0.227763
-0.176437 -0.299496 0.236176
-0.105860 -0.255398 0.244588
-0.035284 -0.211300 0.253001
0.035293 -0.167202 0.261414
0.105869 -0.123104 0.269826
0.176446 -0.079006 0.278239
0.247023 -0.034908 0.286651
0.317599 0.009190 0.295064
0.388176 0.053288 0.303477
0.460048 0.098195 0.312044
0.481183 0.132912 0.318500
0.459668 0.075912 0.305966
0.400519 0.018912 0.293431
0.341369 -0.038088 0.280897
0.282220 -0.095088 0.268362
0.223071 -0.152089 0.255828
0.163922 -0.209089 0.243293
0.104773 -0.266089 0.230759
0.045623 -0.323089 0.218224
-0.014573 -0.381098 0.205468
-0.074769 -0.439107 0.192711
-0.134965 -0.497116 0.179955
-0.195161 -0.444875 0.167198
-0.255357 -0.386866 0.154442
-0.315553 -0.328857 0.141685
-0.375749 -0.270848 0.128929
-0.435946 -0.212839 0.116173
-0.496142 -0.154830 0.103416
-0.443662 -0.096821 0.090660
-0.382437 -0.037821 0.077685
-0.321211 0.021180 0.064711
-0.259986 0.080181 0.051736
-0.198761 0.139181 0.038762
-0.137536 0.198182 0.025788
-0.076311 0.257183 0.012813
-0.015086 0.316183 -0.000161
0.046140 0.375184 -0.013136
0.107365 0.434184 -0.026110
0.168590 0.493185 -0.039085
0.230827 0.553161 -0.052274
0.247568 0.494320 -0.076105
0.259254 0.422278 -0.101119
0.270940 0.350236 -0.126134
0.282626 0.278194 -0.151148
0.294313 0.206152 -0.176162
0.305999 0.134110 -0.201176
0.317685 0.062068 -0.226190
0.329371 -0.009974 -0.251204
0.341057 -0.082016 -0.276219
0.352930 -0.155211 -0.301633
0.364803 -0.228406 -0.327048
0.376676 -0.301601 -0.352462
0.388549 -0.374795 -0.377877
0.400422 -0.447990 -0.403291
0.412295 -0.478815 -0.428706
0.424168 -0.405620 -0.454120
0.436040 -0.332425 -0.479535
0.447913 -0.259231 -0.495051
0.459786 -0.186036 -0.469636
0.471843 -0.111706 -0.443828
0.483901 -0.037376 -0.418019
0.495958 0.036953 -0.392211
0.491985 0.111283 -0.366402
0.479928 0.185613 -0.340594
0.467871 0.259942 -0.314785
0.455814 0.334272 -0.288977
0.443757 0.408602 -0.263168
0.431700 0.482931 -0.237360
0.419642 0.557261 -0.211551
0.407404 0.632709 -0.185355
0.395166 0.708157 -0.159158
0.382927 0.783604 -0.132961
0.370689 0.717505 -0.106765
0.358451 0.642057 -0.080568
0.346212 0.566610 -0.054372
0.333974 0.491162 -0.028175
0.321736 0.415715 -0.001978
0.309497 0.340267 0.024218
0.297259 0.264819 0.050415
0.284842 0.188270 0.076994
0.272425 0.111721 0.103573
0.260008 0.035172 0.130152
0.247591 -0.041377 0.156731
0.235174 -0.117926 0.183310
0.222757 -0.194475 0.209889
0.210340 -0.271024 0.236468
0.197923 -0.347573 0.263047
0.185506 -0.424122 0.289627
0.173089 -0.499329 0.316206
0.160496 -0.421694 0.343162
0.147902 -0.344059 0.370118
0.135309 -0.266425 0.397074
0.122716 -0.188790 0.424031
0.110123 -0.111155 0.450987
0.097530 -0.033520 0.477943
0.084937 0.044115 0.495101
0.072343 0.121750 0.468145
0.059750 0.199385 0.441188
0.047157 0.277019 0.414232
0.034390 0.355725 0.386904
0.021623 0.434431 0.359577
0.008856 0.513137 0.332249
-0.003911 0.591843 0.304921
-0.016677 0.670548 0.277593
-0.029444 0.749254 0.250265
-0.042211 0.827959 0.222937
-0.054978 0.906665 0.195609
-0.067745 0.978065 0.168281
-0.080512 0.899360 0.140953
-0.093450 0.819597 0.113259
-0.106389 0.739835 0.085564
-0.119327 0.660073 0.057869
-0.132265 0.580310 0.030174
-0.145203 0.500548 0.002480
-0.158142 0.420786 -0.025215
-0.171080 0.341023 -0.052910
-0.184018 0.261261 -0.080605
-0.184183 0.266341 -0.067433
-0.171575 0.356262 -0.013394
-0.158803 0.447359 0.041352
-0.146030 0.538456 0.096097
-0.133257 0.629553 0.150843
-0.120485 0.720650 0.205588
-0.107712 0.811746 0.260334
-0.094939 0.902843 0.315079
-0.082167 0.993940 0.369825
-0.069394 1.085037 0.424570
-0.056621 1.067760 0.479315
-0.043849 0.976663 0.465939
-0.030913 0.884406 0.410496
-0.017978 0.792149 0.355054
-0.005043 0.699891 0.299611
0.007893 0.607634 0.244168
0.020828 0.515377 0.188725
0.033764 0.423119 0.133282
0.046699 0.330862 0.077839
0.059634 0.238604 0.022397
0.072570 0.146347 -0.033046
0.085505 0.054089 -0.088489
0.098601 -0.039315 -0.144621
0.111697 -0.132718 -0.200752
0.124793 -0.226122 -0.256884
0.137889 -0.319526 -0.313016
0.150985 -0.412929 -0.369148
0.164081 -0.493667 -0.425279
0.177177 -0.400263 -0.481411
0.190273 -0.306859 -0.462457
0.203369 -0.213456 -0.406325
0.216465 -0.120052 -0.350193
0.229720 -0.025516 -0.293381
0.242975 0.069020 -0.236569
0.230611 0.077081 -0.217139
0.192628 -0.001333 -0.235090
0.154646 -0.079747 -0.253041
0.116663 -0.158160 -0.270992
0.078680 -0.236574 -0.288943
0.040698 -0.314988 -0.306894
0.002715 -0.393402 -0.324845
-0.035268 -0.471815 -0.342797
-0.073700 -0.448843 -0.360960
-0.112132 -0.369502 -0.379124
-0.150564 -0.290160 -0.397287
-0.188997 -0.210819 -0.415451
-0.227429 -0.131477 -0.433615
-0.265861 -0.052135 -0.451778
-0.304293 0.027206 -0.469942
-0.342725 0.106548 -0.488106
-0.381157 0.185890 -0.493731
-0.419590 0.265231 -0.475567
-0.458466 0.345490 -0.457194
-0.497343 0.425749 -0.438820
-0.463781 0.506008 -0.420447
-0.424904 0.586267 -0.402073
-0.386028 0.666526 -0.383700
-0.347151 0.746785 -0.365327
-0.308275 0.827043 -0.346953
-0.269398 0.907302 -0.328580
-0.230522 0.987561 -0.310206
-0.191645 1.067820 -0.291833
-0.152329 1.148986 -0.273252
-0.113013 1.160296 -0.254671
-0.073698 1.079130 -0.236089
-0.034382 0.997964 -0.217508
0.004934 0.916798 -0.198927
0.044250 0.835631 -0.180346
0.083566 0.754465 -0.161765
0.122881 0.673299 -0.143184
0.162197 0.592133 -0.124603
0.201513 0.510967 -0.106021
0.241263 0.428905 -0.087235
0.281014 0.346842 -0.068448
0.320764 0.264779 -0.049662
0.360514 0.182716 -0.030875
0.400265 0.100654 -0.012089
0.440015 0.018591 0.006698
0.479765 -0.063472 0.025484
0.480484 -0.145535 0.044271
0.440734 -0.227597 0.063057
0.400984 -0.309660 0.081844
0.360804 -0.392610 0.100833
0.320624 -0.475560 0.119823
0.280443 -0.441490 0.138812
0.240263 -0.358540 0.157802
0.200084 -0.275590 0.176792
0.159904 -0.192640 0.195781
0.119724 -0.109690 0.214771
0.079544 -0.026740 0.233760
0.039364 0.056210 0.252750
-0.000816 0.139160 0.271740
-0.041422 0.222987 0.290930
-0.082027 0.306815 0.310121
-0.122632 0.390643 0.329311
-0.163237 0.474470 0.348502
-0.203842 0.558298 0.367693
-0.244448 0.642126 0.386883
-0.285053 0.725954 0.406074
-0.325658 0.809782 0.425265
-0.366263 0.893610 0.444455
-0.406868 0.977438 0.463646
-0.447894 1.062135 0.483035
-0.488920 1.146832 0.497575
-0.470054 1.231529 0.478186
-0.429029 1.316226 0.458797
-0.388003 1.393663 0.439407
-0.346977 1.308966 0.420018
-0.305951 1.224269 0.400629
-0.264925 1.139572 0.381239
-0.223899 1.054875 0.361850
-0.182873 0.970178 0.342460
-0.141431 0.884622 0.322874
-0.099988 0.799065 0.303288
-0.058546 0.713509 0.283701
-0.017103 0.627952 0.264115
0.024339 0.542396 0.244528
0.065782 0.456839 0.224942
0.107225 0.371283 0.205356
0.148667 0.285727 0.185770
0.190110 0.200171 0.166184
0.231552 0.114614 0.146597
0.273407 0.028207 0.126816
0.315262 -0.058201 0.107035
0.357117 -0.144609 0.087254
0.398972 -0.231016 0.067473
0.440827 -0.317424 0.047692
0.482682 -0.403832 0.027910
0.475463 -0.490239 0.008129
0.433608 -0.423353 -0.011652
0.391753 -0.336945 -0.031433
0.349898 -0.250538 -0.051214
0.307635 -0.163287 -0.071189
0.265372 -0.076036 -0.091163
0.223108 0.011214 -0.111137
0.180845 0.098465 -0.131111
0.138582 0.185715 -0.151085
0.096319 0.272966 -0.171059
0.054056 0.360217 -0.191033
0.011792 0.447468 -0.211007
-0.030471 0.534718 -0.230982
-0.072734 0.621969 -0.250956
-0.115402 0.710054 -0.271121
-0.158070 0.798140 -0.291287
-0.200737 0.886225 -0.311452
-0.243405 0.974311 -0.331618
-0.286073 1.062397 -0.351783
-0.328740 1.150483 -0.371948
-0.371408 1.238569 -0.392114
-0.414076 1.326655 -0.412279
-0.456743 1.414741 -0.432445
-0.499411 1.502828 -0.452610
-0.457521 1.591740 -0.472965
-0.414453 1.558367 -0.493320
-0.371384 1.469454 -0.486326
-0.328316 1.380542 -0.465971
-0.285248 1.291630 -0.445616
-0.242180 1.202718 -0.425262
-0.199111 1.113805 -0.404907
-0.156043 1.024893 -0.384552
-0.112975 0.935980 -0.364198
-0.069907 0.847068 -0.343843
-0.026441 0.757335 -0.323301
0.017024 0.667603 -0.302759
0.060489 0.577870 -0.282217
0.103954 0.488138 -0.261674
0.147420 0.398406 -0.241132
0.190885 0.308674 -0.220590
0.234350 0.218942 -0.200048
0.277815 0.129209 -0.179505
0.321281 0.039477 -0.158963
0.364746 -0.050255 -0.138421
0.408604 -0.140799 -0.117693
0.452463 -0.231344 -0.096964
0.496321 -0.321888 -0.076236
0.459820 -0.412432 -0.055508
0.415961 -0.497024 -0.034780
0.372103 -0.406480 -0.014052
0.328244 -0.315935 0.006676
0.284386 -0.225391 0.027405
0.240527 -0.134847 0.048133
0.196668 -0.044303 0.068861
0.152420 0.047047 0.089773
0.108172 0.138396 0.110686
0.063923 0.229745 0.131598
0.019675 0.321094 0.152511
0.071957 0.343200 0.135435
0.134965 0.357613 0.114139
0.197973 0.372025 0.092843
0.260981 0.386437 0.071546
0.323989 0.400850 0.050250
0.386997 0.415262 0.028954
0.450555 0.429800 0.007471
0.485887 0.444338 -0.014011
0.422328 0.458877 -0.035493
0.358770 0.473415 -0.056975
0.295212 0.487953 -0.078458
0.231654 0.502491 -0.099940
0.168095 0.517029 -0.121422
0.104537 0.531568 -0.142905
0.040979 0.546106 -0.164387
-0.022579 0.560644 -0.185869
-0.086683 0.575307 -0.207536
-0.150787 0.589969 -0.229203
-0.214891 0.604632 -0.250869
-0.278995 0.619295 -0.272536
-0.343099 0.633958 -0.294203
-0.407203 0.648620 -0.315869
-0.471307 0.663283 -0.337536
-0.464590 0.677946 -0.359202
-0.400486 0.692609 -0.380869
-0.336382 0.707271 -0.402535
-0.138065 0.785656 -0.203840
0.060252 0.864040 -0.005145
0.258568 0.942424 0.193551
0.456885 1.020809 0.392246
0.344798 1.099193 0.409058
0.146482 1.177578 0.210363
-0.051835 1.255963 0.011667
-0.250152 1.334348 -0.187028
-0.448468 1.412733 -0.385723
-0.353215 1.491118 -0.415581
-0.153253 1.570152 -0.215237
0.046710 1.649187 -0.014892
0.246672 1.728222 0.185452
0.446635 1.793438 0.385796
0.353402 1.714404 0.413859
0.153440 1.635369 0.213515
-0.046523 1.556334 0.013170
-0.246485 1.477300 -0.187174
-0.446448 1.398265 -0.387518
-0.353590 1.319231 -0.412137
-0.151995 1.239550 -0.210157
0.049600 1.159869 -0.008178
0.251195 1.080189 0.193802
0.452790 1.000508 0.395782
0.345615 0.920828 0.402238
0.144021 0.841148 0.200258
-0.057574 0.761468 -0.001722
-0.259169 0.681788 -0.203702
-0.460764 0.602108 -0.405682
-0.337641 0.522427 -0.392338
-0.134427 0.442107 -0.188736
0.068787 0.361787 0.014866
0.272001 0.281467 0.218468
0.475215 0.201146 0.422071
0.321571 0.120826 0.374327
0.118357 0.040506 0.170725
-0.084857 -0.039814 -0.032878
-0.288071 -0.120134 -0.236480
-0.491285 -0.200454 -0.440082
-0.305501 -0.280775 -0.356316
-0.100680 -0.361730 -0.151104
0.104141 -0.442685 0.054108
0.308961 -0.476360 0.259320
0.493975 -0.412360 0.345709
0.302083 -0.359663 0.352883
0.110190 -0.306966 0.360058
-0.081702 -0.254269 0.367232
-0.273594 -0.201572 0.374406
-0.465487 -0.148875 0.381581
-0.342621 -0.096178 0.388755
-0.149235 -0.043070 0.395985
0.044151 0.010037 0.403215
0.237536 0.063144 0.410445
0.430922 0.116251 0.417675
0.375692 0.169358 0.424905
0.182306 0.222465 0.432135
-0.011079 0.275573 0.439365
-0.204465 0.328680 0.446595
-0.397851 0.381787 0.453825
-0.408763 0.434894 0.461055
-0.213896 0.488408 0.468341
-0.019028 0.541922 0.475626
0.175840 0.595437 0.482912
0.370707 0.648951 0.490197
0.434425 0.702465 0.497483
0.239558 0.755979 0.495232
0.044690 0.809494 0.487946
-0.150177 0.863008 0.480661
-0.345045 0.916522 0.473375
-0.460087 0.970036 0.466090
-0.263749 1.023954 0.458749
-0.067411 1.077873 0.451409
0.128928 1.131791 0.444068
0.325266 1.185709 0.436728
0.478396 1.239628 0.429387
0.282058 1.293546 0.422046
0.085719 1.347465 0.414706
-0.110619 1.401383 0.407365
-0.306957 1.455301 0.400024
-0.496704 1.509220 0.392684
-0.298906 1.563539 0.385289
-0.101108 1.617857 0.377894
0.096690 1.672176 0.370498
0.294488 1.726495 0.363103
0.492286 1.780814 0.355708
0.309916 1.835133 0.348313
0.112118 1.889452 0.340918
-0.085680 1.943771 0.333523
-0.241008 1.997291 0.315371
-0.014096 2.043620 0.200414
0.214479 2.090288 0.084615
0.443053 2.136956 -0.031185
0.351793 2.124394 -0.014354
0.123461 2.086447 0.059318
-0.104871 2.048501 0.132990
-0.333203 2.010554 0.206663
-0.438465 1.972606 0.280335
-0.210133 1.934659 0.354007
0.018199 1.896711 0.427679
0.246531 1.858763 0.498648
0.476512 1.820542 0.424444
0.293507 1.782321 0.350240
0.063527 1.744100 0.276036
-0.166454 1.705879 0.201832
-0.396435 1.667658 0.127627
-0.373585 1.629437 0.053423
-0.143604 1.591217 -0.020781
0.086377 1.552996 -0.094985
0.316357 1.514775 -0.169190
0.453662 1.476554 -0.243394
0.222044 1.438060 -0.318126
-0.009573 1.399566 -0.392858
-0.241191 1.361072 -0.467591
-0.160255 1.352357 -0.423454
-0.001182 1.351086 -0.349599
0.157891 1.349815 -0.275745
0.316965 1.348545 -0.201891
0.476038 1.347274 -0.128036
0.364888 1.346003 -0.054182
0.205815 1.344732 0.019672
0.045625 1.343452 0.094045
-0.114565 1.342172 0.168418
-0.274754 1.340891 0.242790
-0.434944 1.339611 0.317163
-0.404867 1.338331 0.391535
-0.244677 1.337050 0.465908
-0.084487 1.335770 0.459719
0.075702 1.334490 0.385347
0.235892 1.333210 0.310974
0.396082 1.331929 0.236602
0.442620 1.330641 0.161714
0.281322 1.329352 0.086827
0.120024 1.328063 0.011939
-0.041275 1.326775 -0.062948
-0.202573 1.325486 -0.137835
-0.363871 1.324197 -0.212723
-0.474831 1.322909 -0.287610
-0.313532 1.321620 -0.362497
-0.152234 1.320331 -0.437385
0.009064 1.319043 -0.487728
0.171463 1.317744 -0.412329
0.333863 1.316446 -0.336931
0.496262 1.315148 -0.261532
0.341339 1.313850 -0.186134
0.178939 1.312552 -0.110735
0.016540 1.311254 -0.035336
-0.145859 1.309955 0.040062
-0.308259 1.308657 0.115461
-0.470658 1.307359 0.190859
-0.366943 1.306061 0.266258
-0.203450 1.304754 0.342164
-0.039957 1.303448 0.418070
0.123536 1.302141 0.493976
0.287029 1.300835 0.430117
0.450522 1.299528 0.354211
0.385985 1.298222 0.278305
0.222492 1.296915 0.202399
0.059000 1.295609 0.126493
-0.104493 1.294302 0.050586
-0.267986 1.292995 -0.025320
-0.432565 1.291681 -0.101731
-0.402855 1.290366 -0.178141
-0.238276 1.289051 -0.254552
-0.073697 1.287736 -0.330963
0.090882 1.286421 -0.407373
0.255462 1.285106 -0.483784
0.420041 1.283791 -0.439805
0.415380 1.282476 -0.363394
0.250801 1.281162 -0.286983
0.086222 1.279847 -0.210573
-0.079437 1.278523 -0.133661
-0.245095 1.277200 -0.056749
-0.410754 1.275877 0.020162
-0.423588 1.274554 0.097074
-0.257929 1.273231 0.173986
-0.092270 1.271907 0.250897
0.073388 1.270584 0.327809
0.239046 1.269261 0.404721
0.404705 1.267938 0.481633
0.429636 1.266614 0.441456
0.262905 1.265282 0.364046
0.096175 1.263949 0.286637
-0.070556 1.262616 0.209227
-0.237287 1.261283 0.131817
-0.404018 1.259951 0.054408
-0.429252 1.258618 -0.023002
-0.262521 1.257285 -0.100411
-0.095790 1.255952 -0.177821
0.070941 1.254620 -0.255230
0.237672 1.253287 -0.332640
0.405468 1.251946 -0.410544
0.426736 1.250605 -0.488448
0.258940 1.249264 -0.433648
0.091144 1.247922 -0.355744
-0.076652 1.246581 -0.277839
-0.244448 1.245240 -0.199935
-0.412244 1.243899 -0.122031
-0.419960 1.242558 -0.044127
-0.252164 1.241217 0.033777
-0.084368 1.239876 0.111681
0.084487 1.238526 0.190077
0.253342 1.237177 0.268473
0.422197 1.235827 0.346868
0.408949 1.234478 0.425264
0.240094 1.233129 0.496341
0.071239 1.231779 0.417945
-0.097616 1.230430 0.339549
-0.266471 1.229080 0.261154
-0.435326 1.227731 0.182758
-0.395820 1.226381 0.104363
-0.225913 1.225024 0.025478
-0.056006 1.223666 -0.053406
0.113901 1.222308 -0.132290
0.283808 1.220950 -0.211174
0.453715 1.219592 -0.290058
0.376378 1.218235 -0.368942
0.206471 1.216877 -0.447826
0.036564 1.215519 -0.473290
-0.133342 1.214161 -0.394406
-0.303249 1.212803 -0.315522
-0.474202 1.211437 -0.236152
-0.354846 1.210071 -0.156783
-0.183894 1.208705 -0.077413
-0.012941 1.207339 0.001957
0.158011 1.205973 0.081326
0.328964 1.204607 0.160696
0.499916 1.203240 0.240065
0.329132 1.201874 0.319435
0.158179 1.200508 0.398804
-0.012773 1.199142 0.478174
-0.184765 1.197767 0.441974
-0.356757 1.196393 0.362122
-0.471252 1.195019 0.282270
-0.299260 1.193644 0.202418
-0.127268 1.192270 0.122566
0.044723 1.190895 0.042714
0.216715 1.189521 -0.037138
0.388707 1.188146 -0.116990
0.439302 1.186772 -0.196842
0.267310 1.185397 -0.276694
0.094286 1.184014 -0.357026
-0.078739 1.182631 -0.437357
-0.251764 1.181249 -0.482311
-0.424788 1.179866 -0.401979
-0.402187 1.178483 -0.321648
-0.229163 1.177100 -0.241316
-0.056138 1.175717 -0.160985
0.116887 1.174335 -0.080653
0.289911 1.172952 -0.000321
0.462936 1.171569 0.080011
0.363012 1.170178 0.160819
0.188961 1.168787 0.241627
0.014909 1.167395 0.322436
-0.159142 1.166004 0.403244
-0.333194 1.164613 0.484053
-0.492755 1.163222 0.435139
-0.318703 1.161831 0.354331
-0.144652 1.160439 0.273522
0.029400 1.159048 0.192714
0.203451 1.157657 0.111905
0.378524 1.156259 0.030623
0.446404 1.154860 -0.050659
0.271331 1.153462 -0.131942
0.096259 1.152064 -0.213224
-0.078814 1.150666 -0.294506
-0.253886 1.149267 -0.375789
-0.428959 1.147869 -0.457071
-0.395969 1.146471 -0.461647
-0.220896 1.145072 -0.380364
-0.045824 1.143674 -0.299082
0.130263 1.142267 -0.217329
0.306351 1.140861 -0.135575
0.482438 1.139454 -0.053821
0.341475 1.138047 0.027932
0.165387 1.136641 0.109686
-0.010700 1.135234 0.191439
-0.186787 1.133827 0.273193
-0.362875 1.132421 0.354947
-0.461038 1.131014 0.436700
-0.284951 1.129607 0.481546
-0.107854 1.128192 0.399324
0.069242 1.126777 0.317101
0.246339 1.125362 0.234879
0.423435 1.123947 0.152657
0.399469 1.122532 0.070435
0.222372 1.121117 -0.011787
0.045276 1.119702 -0.094009
-0.131821 1.118287 -0.176231
-0.308917 1.116872 -0.258453
-0.486014 1.115457 -0.340676
-0.335887 1.114034 -0.423364
-0.157787 1.112610 -0.493948
0.020313 1.111187 -0.411260
0.198413 1.109764 -0.328572
0.376513 1.108340 -0.245884
0.445387 1.106917 -0.163196
0.267287 1.105494 -0.080508
0.089188 1.104070 0.002180
-0.088912 1.102647 0.084867
-0.267012 1.101223 0.167555
-0.446110 1.099793 0.250707
-0.374793 1.098362 0.333858
-0.195695 1.096932 0.417009
-0.016597 1.095501 0.499840
0.162500 1.094071 0.416689
0.341598 1.092640 0.333538
0.479304 1.091210 0.250386
0.300207 1.089779 0.167235
0.121109 1.088349 0.084084
-0.057988 1.086918 0.000933
-0.238078 1.085479 -0.082679
-0.418168 1.084041 -0.166291
-0.401742 1.082602 -0.249903
-0.221652 1.081163 -0.333515
-0.041563 1.079724 -0.417127
0.138527 1.078285 -0.499262
0.318617 1.076846 -0.415650
0.498707 1.075408 -0.332038
0.321204 1.073969 -0.248426
0.141114 1.072530 -0.164814
-0.039963 1.071083 -0.080744
-0.221040 1.069635 0.003326
-0.402116 1.068188 0.087396
-0.416807 1.066741 0.171466
-0.235731 1.065294 0.255536
-0.054654 1.063847 0.339606
0.126423 1.062399 0.423676
0.307499 1.060952 0.492254
0.488576 1.059505 0.408184
0.330348 1.058058 0.324114
0.148290 1.056603 0.239588
-0.033768 1.055149 0.155063
-0.215827 1.053695 0.070537
-0.397885 1.052240 -0.013989
-0.420057 1.050786 -0.098514
-0.237999 1.049332 -0.183040
-0.055941 1.047877 -0.267566
0.126117 1.046423 -0.352091
0.308175 1.044969 -0.436617
0.490234 1.043514 -0.478858
0.326732 1.042052 -0.393879
0.143698 1.040589 -0.308900
-0.039336 1.039126 -0.223921
-0.222371 1.037663 -0.138942
-0.405405 1.036201 -0.053963
-0.411561 1.034738 0.031016
-0.228527 1.033275 0.115995
-0.045492 1.031813 0.200974
0.137542 1.030350 0.285953
0.320576 1.028887 0.370932
0.495419 1.027417 0.456362
0.311413 1.025948 0.458209
0.127408 1.024478 0.372779
-0.056597 1.023008 0.287349
-0.240602 1.021538 0.201919
-0.424607 1.020068 0.116489
-0.391387 1.018598 0.031060
-0.207382 1.017128 -0.054370
-0.023377 1.015659 -0.139800
0.160628 1.014189 -0.225230
0.345600 1.012711 -0.311108
0.469429 1.011232 -0.396986
0.284458 1.009754 -0.482864
0.099487 1.008276 -0.431258
-0.085484 1.006798 -0.345380
-0.270455 1.005320 -0.259502
-0.455426 1.003841 -0.173624
-0.368120 0.974097 -0.148644
-0.164122 0.932238 -0.149765
0.039875 0.890380 -0.150885
0.244933 0.848304 -0.152011
0.449990 0.806228 -0.153137
0.344953 0.764152 -0.154262
0.139896 0.722075 -0.155388
-0.065161 0.679999 -0.156514
-0.270219 0.637923 -0.157640
-0.475276 0.595847 -0.158766
-0.319667 0.553771 -0.159892
-0.114610 0.511695 -0.161018
0.090447 0.469618 -0.162144
0.296559 0.427326 -0.163276
0.497330 0.385034 -0.164407
0.291218 0.342741 -0.165539
0.085107 0.300449 -0.166671
-0.121004 0.258156 -0.167803
-0.327116 0.215864 -0.168934
-0.466773 0.173571 -0.170066
-0.260661 0.131278 -0.171198
-0.054550 0.088986 -0.172330
0.151561 0.046693 -0.173461
0.358722 0.004185 -0.174599
0.434118 -0.038323 -0.175737
0.226957 -0.080831 -0.176874
0.019797 -0.123338 -0.178012
-0.187363 -0.165846 -0.179149
-0.394524 -0.208354 -0.180287
-0.398316 -0.250862 -0.181424
-0.191155 -0.293370 -0.182562
0.016005 -0.335878 -0.183699
0.223165 -0.378386 -0.184837
0.431369 -0.421108 -0.185980
0.360427 -0.463829 -0.187123
0.152223 -0.493449 -0.188267
-0.055981 -0.450727 -0.189410
-0.264185 -0.408005 -0.190553
-0.472389 -0.365283 -0.191696
-0.319406 -0.322561 -0.192839
-0.111202 -0.279839 -0.193983
0.097002 -0.237117 -0.195126
0.305205 -0.194395 -0.196269
0.485552 -0.151460 -0.197418
0.276310 -0.108525 -0.198567
0.067067 -0.065590 -0.199716
-0.142175 -0.022655 -0.200865
-0.351418 0.020280 -0.202014
-0.439340 0.063215 -0.203162
-0.230098 0.106150 -0.204311
-0.020855 0.149085 -0.205460
0.188387 0.192020 -0.206609
