0.366394 -0.076813 -0.428836
0.386110 -0.074169 -0.412375
0.405826 -0.071526 -0.395913
0.425541 -0.068882 -0.379452
0.445257 -0.066238 -0.362991
0.464973 -0.136290 -0.346529
0.451986 -0.223809 -0.348713
0.438999 -0.277599 -0.350896
0.426013 -0.304344 -0.353079
0.413026 -0.335075 -0.355263
0.400039 -0.364531 -0.357446
0.384134 -0.372817 -0.360120
0.368229 -0.396463 -0.362794
0.352324 -0.432139 -0.365469
0.336419 -0.448952 -0.368143
0.320513 -0.452762 -0.370817
0.304608 -0.456000 -0.373491
0.288703 -0.459238 -0.376165
0.272798 -0.462476 -0.378839
0.256893 -0.465714 -0.381514
0.240987 -0.468952 -0.384188
0.222622 -0.472691 -0.387275
0.204256 -0.476430 -0.390363
0.185890 -0.480169 -0.393451
0.167524 -0.483908 -0.396539
0.149158 -0.487647 -0.399627
0.130792 -0.491386 -0.402715
0.112427 -0.495125 -0.405802
0.094061 -0.498864 -0.408890
0.075695 -0.497397 -0.411978
0.057329 -0.493658 -0.415066
0.036795 -0.489478 -0.418518
0.016262 -0.485298 -0.421970
-0.004272 -0.481118 -0.425423
-0.024806 -0.476938 -0.428875
-0.045339 -0.472758 -0.432327
-0.065873 -0.468578 -0.435780
-0.086407 -0.464398 -0.439232
-0.106940 -0.460218 -0.442684
-0.127474 -0.456038 -0.446137
-0.148007 -0.451858 -0.449589
-0.170501 -0.447278 -0.453371
-0.192994 -0.442699 -0.457153
-0.215488 -0.438120 -0.460935
-0.237981 -0.433541 -0.464717
-0.260475 -0.428962 -0.468498
-0.282968 -0.424383 -0.472280
-0.305462 -0.419804 -0.476062
-0.327956 -0.415224 -0.479844
-0.354127 -0.410560 -0.481842
-0.385817 -0.405766 -0.481164
-0.420045 -0.400588 -0.480431
-0.454273 -0.395410 -0.479699
-0.488501 -0.390232 -0.478966
-0.477270 -0.385054 -0.478234
-0.443042 -0.379877 -0.477501
-0.408814 -0.374699 -0.476768
-0.374586 -0.369521 -0.476036
-0.340357 -0.364343 -0.475303
-0.306129 -0.359165 -0.474571
-0.271901 -0.353987 -0.473838
-0.235309 -0.348452 -0.473055
-0.198718 -0.342917 -0.472272
-0.162127 -0.337382 -0.471489
-0.125535 -0.331847 -0.470705
-0.088944 -0.326311 -0.469922
-0.052352 -0.320776 -0.469139
-0.015761 -0.315241 -0.468356
0.020831 -0.309706 -0.467573
0.057422 -0.304171 -0.466789
0.094013 -0.298635 -0.466006
0.132824 -0.292764 -0.465175
0.171636 -0.286893 -0.464344
0.210447 -0.281022 -0.463514
0.249258 -0.275151 -0.462683
0.288069 -0.269280 -0.461852
0.326880 -0.263409 -0.461021
0.365691 -0.257538 -0.460190
0.404502 -0.251667 -0.459359
0.443313 -0.245796 -0.458528
0.482124 -0.239925 -0.457697
0.476966 -0.233737 -0.456822
0.436055 -0.227548 -0.455946
0.395145 -0.221359 -0.455071
0.354234 -0.215171 -0.454195
0.313324 -0.208982 -0.453319
0.272413 -0.202794 -0.452444
0.231503 -0.196605 -0.451568
0.190592 -0.190416 -0.450693
0.149682 -0.184228 -0.449817
0.108771 -0.178039 -0.448941
0.065864 -0.171548 -0.448023
0.022957 -0.165058 -0.447104
-0.019950 -0.158567 -0.446186
-0.062857 -0.152077 -0.445267
-0.105765 -0.145586 -0.444349
-0.148672 -0.139095 -0.443430
-0.191579 -0.132605 -0.442512
-0.234486 -0.126114 -0.441593
-0.277394 -0.119623 -0.440675
-0.320301 -0.113133 -0.439756
-0.365116 -0.106354 -0.438797
-0.409932 -0.099574 -0.437838
-0.454747 -0.092795 -0.436878
-0.499562 -0.086016 -0.435919
-0.455623 -0.079237 -0.434960
-0.410807 -0.072458 -0.434000
-0.365992 -0.065678 -0.433041
-0.321177 -0.058899 -0.432082
-0.276362 -0.052120 -0.431122
-0.231547 -0.045341 -0.430163
-0.184901 -0.038285 -0.429165
-0.138256 -0.031229 -0.428166
-0.091611 -0.024173 -0.427168
-0.044966 -0.017117 -0.426169
0.001679 -0.010061 -0.425171
0.048324 -0.003005 -0.424173
0.094969 0.004051 -0.423174
0.141614 0.011108 -0.422176
0.188259 0.018164 -0.421178
0.234904 0.025220 -0.420179
0.283310 0.032542 -0.419143
0.331716 0.039864 -0.418107
0.380122 0.047187 -0.417071
0.428528 0.047604 -0.416034
0.476934 0.040282 -0.414998
0.474661 0.027866 -0.413962
0.426255 0.015977 -0.412926
0.377849 0.008654 -0.411889
0.329443 0.001332 -0.410853
0.281037 -0.005990 -0.409817
0.230933 -0.013570 -0.408744
0.245660 -0.015535 -0.410248
0.288172 -0.015093 -0.412855
0.330685 -0.014652 -0.415463
0.373197 -0.014210 -0.418070
0.415709 -0.013769 -0.420677
0.458222 -0.013327 -0.423285
0.499266 -0.012886 -0.425892
0.456753 -0.012444 -0.428500
0.414241 -0.012003 -0.431107
0.370334 -0.011547 -0.433800
0.326428 -0.011091 -0.436493
0.282521 -0.010635 -0.439186
0.238615 -0.010179 -0.441879
0.194708 -0.009723 -0.444572
0.150802 -0.009267 -0.447265
0.106895 -0.008811 -0.449958
0.121011 -0.017478 -0.455928
0.173810 -0.032228 -0.464082
0.226609 -0.046978 -0.472237
0.281032 -0.062181 -0.480643
0.327858 -0.080621 -0.488885
0.306306 -0.128191 -0.495644
0.284753 -0.175760 -0.497596
0.263201 -0.223329 -0.490836
0.241648 -0.270898 -0.484076
0.220096 -0.318467 -0.477316
0.198543 -0.366037 -0.470557
0.176990 -0.413606 -0.463797
0.155438 -0.461175 -0.457037
0.133260 -0.489877 -0.450082
0.111083 -0.440928 -0.443126
0.088906 -0.391980 -0.436171
0.066728 -0.343032 -0.429215
0.044551 -0.294084 -0.422259
0.022373 -0.245136 -0.415304
0.000196 -0.196187 -0.408348
-0.021981 -0.147239 -0.401393
-0.044159 -0.098291 -0.394437
-0.066336 -0.049343 -0.387482
-0.089121 0.000947 -0.380335
-0.111906 0.051237 -0.373189
-0.134691 0.101526 -0.366043
-0.157476 0.151816 -0.358896
-0.180262 0.147513 -0.351750
-0.203047 0.097223 -0.344604
-0.225832 0.046934 -0.337457
-0.248617 -0.003356 -0.330311
-0.271402 -0.053645 -0.323165
-0.294187 -0.103935 -0.316019
-0.317564 -0.155531 -0.308687
-0.340941 -0.207127 -0.301355
-0.364318 -0.258723 -0.294023
-0.387695 -0.310319 -0.286691
-0.411072 -0.361915 -0.279359
-0.434449 -0.413511 -0.272027
-0.457825 -0.465108 -0.264695
-0.481202 -0.483296 -0.257363
-0.495421 -0.431700 -0.250031
-0.472044 -0.380104 -0.242699
-0.448089 -0.327234 -0.235186
-0.424135 -0.274364 -0.227673
-0.400181 -0.221493 -0.220160
-0.376227 -0.168623 -0.212647
-0.352273 -0.115753 -0.205134
-0.328318 -0.062883 -0.197621
-0.304364 -0.010012 -0.190108
-0.280410 0.042858 -0.182595
-0.256456 0.095728 -0.175082
-0.232501 0.148598 -0.167569
-0.207983 0.202712 -0.159879
-0.183465 0.256827 -0.152189
-0.158947 0.310941 -0.144500
-0.134429 0.365056 -0.136810
-0.109911 0.349983 -0.129120
-0.085393 0.295869 -0.121430
-0.060875 0.241754 -0.113740
-0.036357 0.187640 -0.106051
-0.011839 0.133526 -0.098361
0.012679 0.079411 -0.090671
0.037748 0.024081 -0.082808
0.062817 -0.031250 -0.074946
0.087886 -0.086580 -0.067083
0.112955 -0.141911 -0.059221
0.138024 -0.197241 -0.051358
0.163093 -0.252572 -0.043495
0.188162 -0.307903 -0.035633
0.213232 -0.363233 -0.027770
0.238301 -0.418564 -0.019907
0.263370 -0.473895 -0.012045
0.288978 -0.469585 -0.004013
0.314586 -0.413064 0.004019
0.340195 -0.356543 0.012050
0.365803 -0.300023 0.020082
0.391411 -0.243502 0.028114
0.417019 -0.186981 0.036146
0.442627 -0.130461 0.044177
0.468236 -0.073940 0.052209
0.493844 -0.017420 0.060241
0.480548 0.039101 0.068273
0.454411 0.096787 0.076470
0.428275 0.154473 0.084667
0.402139 0.212159 0.092865
0.376002 0.269846 0.101062
0.349866 0.327531 0.109259
0.323730 0.385217 0.117457
0.297593 0.442903 0.125654
0.271457 0.500589 0.133851
0.245321 0.495509 0.142049
0.219184 0.437823 0.150246
0.192531 0.378995 0.158606
0.165877 0.320166 0.166966
0.139223 0.261338 0.175325
0.112569 0.202509 0.183685
0.085915 0.143680 0.192045
0.059261 0.084852 0.200405
0.032607 0.026023 0.208764
0.005953 -0.032805 0.217124
-0.020701 -0.091634 0.225484
-0.047355 -0.150462 0.233843
-0.074516 -0.210411 0.242362
-0.101678 -0.270361 0.250881
-0.128839 -0.330310 0.259400
-0.156001 -0.390259 0.267919
-0.183163 -0.450208 0.276438
-0.210324 -0.489843 0.284957
-0.190213 -0.462196 0.273696
-0.164849 -0.402245 0.260238
-0.139485 -0.342294 0.246779
-0.114120 -0.282342 0.233320
-0.088291 -0.221291 0.219615
-0.062461 -0.160240 0.205909
-0.036632 -0.099189 0.192203
-0.046323 -0.072992 0.166273
-0.091535 -0.081650 0.128119
-0.136746 -0.090308 0.089964
-0.181958 -0.098967 0.051810
-0.227170 -0.107625 0.013656
-0.272382 -0.116283 -0.024499
-0.317594 -0.124941 -0.062653
-0.363606 -0.133752 -0.101483
-0.409618 -0.142564 -0.140312
-0.455630 -0.151375 -0.179142
-0.498358 -0.160186 -0.217972
-0.452345 -0.168998 -0.256802
-0.406333 -0.177809 -0.295631
-0.360321 -0.186621 -0.334461
-0.314309 -0.195432 -0.373291
-0.268297 -0.204243 -0.412121
-0.222285 -0.213055 -0.450950
-0.175486 -0.222017 -0.490444
-0.128687 -0.230979 -0.470063
-0.081889 -0.239941 -0.430569
-0.035090 -0.248903 -0.391076
0.011709 -0.257865 -0.351582
0.058507 -0.266827 -0.312089
0.105306 -0.275789 -0.272596
0.152105 -0.284751 -0.233102
0.198904 -0.293713 -0.193609
0.245702 -0.302676 -0.154115
0.293275 -0.311786 -0.113969
0.340847 -0.320896 -0.073823
0.388419 -0.330006 -0.033676
0.435991 -0.339117 0.006470
0.483564 -0.348227 0.046616
0.468864 -0.357337 0.086763
0.421292 -0.366447 0.126909
0.373720 -0.375558 0.167055
0.326147 -0.384668 0.207202
0.278575 -0.393778 0.247348
0.230242 -0.403034 0.288136
0.181908 -0.412290 0.328925
0.133574 -0.421546 0.369714
0.085241 -0.430802 0.410502
0.036908 -0.440058 0.451291
-0.011426 -0.449314 0.492080
-0.059759 -0.458570 0.467132
-0.108093 -0.467826 0.426343
-0.156427 -0.477082 0.385554
-0.204760 -0.486338 0.344766
-0.253843 -0.495738 0.303345
-0.302926 -0.494863 0.261924
-0.352009 -0.485464 0.220502
-0.401092 -0.476064 0.179081
-0.450175 -0.466665 0.137660
-0.499258 -0.457266 0.096239
-0.451659 -0.447866 0.054818
-0.402576 -0.438467 0.013397
-0.353494 -0.429068 -0.028025
-0.304411 -0.419668 -0.069446
-0.254589 -0.410127 -0.111490
-0.204768 -0.400586 -0.153534
-0.154947 -0.391045 -0.195578
-0.105127 -0.381505 -0.237622
-0.055306 -0.371964 -0.279666
-0.005484 -0.362423 -0.321710
0.044337 -0.352882 -0.363754
0.094158 -0.343341 -0.405798
0.143979 -0.333800 -0.447842
0.193800 -0.324259 -0.489886
0.244348 -0.314579 -0.467457
0.294896 -0.304899 -0.424799
0.345445 -0.295219 -0.382141
0.395993 -0.285539 -0.339483
0.446541 -0.275859 -0.296825
0.497089 -0.266178 -0.254167
0.452362 -0.256498 -0.211509
0.401814 -0.246818 -0.168852
0.351266 -0.237138 -0.126194
0.300717 -0.227458 -0.083536
0.249452 -0.217641 -0.040273
0.198187 -0.207823 0.002990
0.146921 -0.198006 0.046253
0.095656 -0.188188 0.089516
0.044390 -0.178371 0.132779
-0.006875 -0.168553 0.176042
-0.058140 -0.158736 0.219305
-0.109406 -0.148918 0.262568
-0.160671 -0.139101 0.305831
-0.211937 -0.129283 0.349094
-0.263909 -0.119330 0.392953
-0.315882 -0.109378 0.436813
-0.367854 -0.099425 0.480673
-0.419827 -0.089472 0.475467
-0.471799 -0.079519 0.431607
-0.476228 -0.069566 0.387748
-0.424255 -0.059613 0.343888
-0.372283 -0.049660 0.300028
-0.320310 -0.039708 0.256168
-0.268338 -0.029755 0.212309
-0.215667 -0.019668 0.167860
-0.162997 -0.009582 0.123412
-0.110327 0.000505 0.078963
-0.057657 0.010591 0.034515
-0.004987 0.020678 -0.009934
0.047684 0.030764 -0.054382
0.100354 0.040850 -0.098831
0.153024 0.050937 -0.143279
0.205694 0.061023 -0.187728
0.258365 0.071110 -0.232176
0.311723 0.081328 -0.277206
0.365082 0.091546 -0.322235
0.418441 0.101765 -0.367265
0.471799 0.111983 -0.412294
0.474842 0.122201 -0.457324
0.421483 0.132420 -0.497647
0.368125 0.142638 -0.452617
0.314766 0.152856 -0.407588
0.261407 0.163075 -0.362558
0.208049 0.173293 -0.317528
0.154010 0.183642 -0.271925
0.099972 0.193990 -0.226322
0.045933 0.204339 -0.180719
-0.008105 0.214687 -0.135116
-0.062144 0.225036 -0.089512
-0.116182 0.235384 -0.043909
-0.170221 0.245733 0.001694
-0.224259 0.256082 0.047297
-0.278298 0.266430 0.092900
-0.332336 0.276779 0.138503
-0.387046 0.287256 0.184673
-0.441756 0.297733 0.230843
-0.496466 0.308210 0.277013
-0.448824 0.318687 0.323182
-0.394114 0.329164 0.369352
-0.339404 0.339641 0.415522
-0.284695 0.350118 0.461692
-0.229985 0.360595 0.492139
-0.175275 0.371072 0.445969
-0.120565 0.381549 0.399799
-0.065192 0.392153 0.353070
-0.009819 0.402757 0.306340
0.045554 0.413361 0.259611
0.100927 0.423965 0.212881
0.156300 0.434569 0.166152
0.211673 0.445172 0.119423
0.267046 0.455776 0.072693
0.322419 0.466380 0.025964
0.377792 0.476984 -0.020765
0.433165 0.487588 -0.067495
0.489193 0.498318 -0.114777
0.454778 0.509047 -0.162059
0.398750 0.519777 -0.209342
0.342722 0.530506 -0.256624
0.286693 0.541236 -0.303906
0.230665 0.551965 -0.351189
0.174637 0.562694 -0.398471
0.118608 0.573424 -0.445753
0.062580 0.584153 -0.493036
0.006552 0.594883 -0.459682
-0.050124 0.605736 -0.411853
-0.106800 0.616589 -0.364024
-0.163477 0.627443 -0.316195
-0.220153 0.638296 -0.268366
-0.276829 0.649150 -0.220537
-0.333505 0.660003 -0.172708
-0.390181 0.670857 -0.124879
-0.446857 0.681710 -0.077050
-0.496467 0.692563 -0.029221
-0.439791 0.703417 0.018609
-0.382475 0.714393 0.066978
-0.325159 0.725369 0.115347
-0.267842 0.736345 0.163717
-0.210526 0.747322 0.212086
-0.153209 0.758298 0.260456
-0.095893 0.769274 0.308825
-0.038576 0.780250 0.357195
0.018740 0.791226 0.405564
0.076057 0.802203 0.453934
0.133373 0.813179 0.497697
0.191323 0.824277 0.448793
0.249273 0.835374 0.399889
0.307223 0.846472 0.350985
0.365172 0.857570 0.302082
0.423122 0.868668 0.253178
0.481072 0.879765 0.204274
0.460979 0.890863 0.155370
0.403029 0.901961 0.106466
0.345079 0.913059 0.057562
0.287129 0.924157 0.008658
0.228553 0.935374 -0.040775
0.169977 0.946592 -0.090207
0.111400 0.957809 -0.139640
0.052824 0.969027 -0.189073
-0.005752 0.980245 -0.238505
-0.064329 0.991462 -0.287938
-0.122905 1.002680 -0.337371
-0.181481 1.013897 -0.386803
-0.240058 1.025115 -0.436236
-0.298634 1.036332 -0.485668
-0.357830 1.047668 -0.464376
-0.417026 1.059004 -0.414420
-0.476222 1.070339 -0.364464
-0.464582 1.081675 -0.314509
-0.405386 1.093011 -0.264553
-0.346190 1.104346 -0.214597
-0.286994 1.115682 -0.164641
-0.227797 1.127017 -0.114685
-0.168601 1.138353 -0.064729
-0.109405 1.149689 -0.014774
-0.049595 1.161142 0.035700
0.010214 1.172596 0.086173
0.070024 1.184049 0.136647
0.129834 1.195503 0.187120
0.189643 1.206957 0.237594
0.249453 1.218410 0.288067
0.309263 1.229864 0.338541
0.369072 1.241318 0.389014
0.428882 1.252771 0.439488
0.488692 1.264225 0.489961
0.450892 1.275795 0.459053
0.390475 1.287366 0.408067
0.330058 1.298936 0.357081
0.269641 1.310507 0.306095
0.209224 1.322077 0.255110
0.148808 1.333648 0.204124
0.088391 1.345218 0.153138
0.027974 1.356789 0.102152
-0.032443 1.368359 0.051166
-0.092860 1.379929 0.000180
-0.095696 1.448784 0.008154
-0.092067 1.523991 0.022736
-0.088437 1.450894 0.037317
-0.084808 1.375687 0.051899
-0.081179 1.300480 0.066481
-0.077550 1.225273 0.081063
-0.073921 1.150066 0.095644
-0.070292 1.074860 0.110226
-0.066663 0.999653 0.124808
-0.063034 0.924446 0.139389
-0.059369 0.848506 0.154113
-0.055705 0.772565 0.168837
-0.052040 0.696625 0.183561
-0.048376 0.620684 0.198285
-0.044711 0.544744 0.213009
-0.041047 0.468803 0.227733
-0.037382 0.392862 0.242457
-0.033717 0.316922 0.257181
-0.030053 0.240981 0.271905
-0.026388 0.165040 0.286629
-0.022689 0.088373 0.301494
-0.018989 0.011705 0.316358
-0.015290 -0.064962 0.331223
-0.011590 -0.141630 0.346088
-0.007890 -0.218297 0.360953
-0.004191 -0.294965 0.375818
-0.000491 -0.371632 0.390682
0.003208 -0.448300 0.405547
0.006908 -0.475033 0.420412
0.010608 -0.398366 0.435277
0.014342 -0.320978 0.450281
0.018076 -0.243591 0.465285
0.021811 -0.166204 0.480290
0.025545 -0.088816 0.495294
0.029279 -0.011429 0.489702
0.033014 0.065959 0.474698
0.036748 0.143346 0.459693
0.040482 0.220733 0.444689
0.044217 0.298121 0.429685
0.047951 0.375508 0.414680
0.051720 0.453609 0.399538
0.055489 0.531709 0.384395
0.059257 0.609810 0.369253
0.063026 0.687910 0.354110
0.066795 0.766011 0.338968
0.070563 0.844112 0.323825
0.074332 0.922212 0.308683
0.078101 1.000313 0.293540
0.081870 1.078414 0.278397
0.085638 1.156515 0.263255
0.089441 1.235322 0.247975
0.093244 1.314129 0.232695
0.097047 1.392936 0.217416
0.118398 1.318920 0.227078
0.141699 1.227924 0.239512
0.165000 1.136928 0.251946
0.188301 1.045932 0.264379
0.211602 0.954936 0.276813
0.234903 0.863940 0.289247
0.258204 0.772944 0.301681
0.281712 0.681139 0.314225
0.305220 0.589334 0.326770
0.328728 0.497529 0.339314
0.352236 0.405724 0.351859
0.375744 0.313919 0.364403
0.399252 0.222115 0.376947
0.422760 0.130310 0.389492
0.446268 0.038505 0.402036
0.469776 -0.053300 0.414580
0.493284 -0.145105 0.427125
0.483002 -0.237712 0.439779
0.459289 -0.330319 0.452432
0.435575 -0.422925 0.465086
0.411862 -0.484468 0.477740
0.388149 -0.391861 0.490394
0.364435 -0.299254 0.496952
0.340722 -0.206647 0.484299
0.317008 -0.114041 0.471645
0.293295 -0.021434 0.458991
0.269581 0.071173 0.446337
0.245665 0.164575 0.433575
0.221748 0.257976 0.420812
0.197831 0.351378 0.408050
0.173914 0.444780 0.395287
0.149997 0.538181 0.382525
0.126080 0.631583 0.369762
0.102163 0.724985 0.357000
0.078246 0.818386 0.344237
0.054329 0.911788 0.331474
0.030412 1.005190 0.318712
0.006293 1.099379 0.305842
-0.017825 1.193569 0.292972
-0.041944 1.287759 0.280102
-0.066063 1.381948 0.267231
-0.090182 1.476138 0.254361
-0.114300 1.570328 0.241491
-0.138419 1.664517 0.228621
-0.162538 1.758707 0.215751
-0.186656 1.732387 0.202881
-0.210775 1.638197 0.190011
-0.235094 1.543226 0.177034
-0.259413 1.448254 0.164057
-0.283732 1.353282 0.151080
-0.308051 1.258311 0.138103
-0.332370 1.163339 0.125126
-0.356689 1.068367 0.112149
-0.381008 0.973396 0.099172
-0.405327 0.878424 0.086195
-0.429646 0.783452 0.073218
-0.453965 0.688481 0.060241
-0.478482 0.592734 0.047158
-0.497000 0.496986 0.034075
-0.472483 0.401240 0.020992
-0.447965 0.305493 0.007909
-0.423448 0.209746 -0.005174
-0.398930 0.113999 -0.018257
-0.374413 0.018252 -0.031340
-0.349895 -0.077494 -0.044423
-0.325378 -0.173241 -0.057505
-0.300860 -0.268988 -0.070588
-0.276146 -0.365504 -0.083776
-0.251431 -0.462020 -0.096964
-0.226717 -0.441464 -0.110153
-0.202003 -0.344948 -0.123341
-0.177288 -0.248432 -0.136529
-0.152574 -0.151916 -0.149717
-0.127860 -0.055400 -0.162905
-0.103146 0.041116 -0.176092
-0.078431 0.137632 -0.189280
-0.053717 0.234148 -0.202468
-0.028807 0.331427 -0.215761
-0.003897 0.428705 -0.229053
0.021012 0.525984 -0.242345
0.045922 0.623263 -0.255637
0.070832 0.720542 -0.268930
0.095742 0.817821 -0.282222
0.120651 0.915100 -0.295514
0.145561 1.012379 -0.308806
0.170471 1.109657 -0.322098
0.195380 1.206936 -0.335390
0.220484 1.304971 -0.348786
0.245587 1.403006 -0.362182
0.270691 1.501042 -0.375578
0.295795 1.599077 -0.388974
0.320898 1.697112 -0.402370
0.346002 1.795148 -0.415765
0.371106 1.893183 -0.429161
0.396209 1.819778 -0.442557
0.421313 1.721743 -0.455953
0.446417 1.623708 -0.469349
0.471713 1.524920 -0.482847
0.497009 1.426133 -0.496345
0.477695 1.327345 -0.490156
0.452399 1.228557 -0.476658
0.427104 1.129770 -0.463159
0.401808 1.030982 -0.449661
0.376512 0.932195 -0.436163
0.351216 0.833408 -0.422664
0.325920 0.734621 -0.409166
0.300624 0.635834 -0.395668
0.275137 0.536302 -0.382067
0.249650 0.436769 -0.368467
0.224163 0.337237 -0.354867
0.198677 0.237704 -0.341266
0.173190 0.138171 -0.327666
0.147703 0.038638 -0.314066
0.122216 -0.060894 -0.300466
0.096729 -0.160427 -0.286865
0.071242 -0.259960 -0.273265
0.045756 -0.359492 -0.259665
0.020079 -0.459765 -0.245963
-0.005597 -0.439962 -0.232262
-0.031274 -0.339689 -0.218561
-0.056950 -0.239416 -0.204859
-0.082626 -0.139143 -0.191158
-0.108303 -0.038871 -0.177457
-0.133979 0.061402 -0.163755
-0.159655 0.161675 -0.150054
-0.185332 0.261948 -0.136353
-0.211008 0.362221 -0.122651
-0.236873 0.463228 -0.108850
-0.262737 0.564235 -0.095048
-0.288602 0.665243 -0.081246
-0.314466 0.766250 -0.067444
-0.340331 0.867257 -0.053643
-0.366195 0.968264 -0.039841
-0.392060 1.069272 -0.026039
-0.417924 1.170279 -0.012237
-0.443789 1.271286 0.001564
-0.469653 1.372293 0.015366
-0.495705 1.474030 0.029267
-0.478244 1.575767 0.043169
-0.452193 1.677504 0.057070
-0.426142 1.779240 0.070972
-0.400091 1.880977 0.084873
-0.374040 1.982714 0.098774
-0.347989 2.084450 0.112676
-0.321938 2.186185 0.126577
-0.295887 2.287921 0.140479
-0.269836 2.389657 0.154380
-0.243599 2.492117 0.168380
-0.217362 2.406264 0.182381
-0.191126 2.303804 0.196381
-0.164889 2.201344 0.210381
-0.138652 2.098883 0.224382
-0.112416 1.996423 0.238382
-0.086179 1.893962 0.252383
-0.059942 1.791502 0.266383
-0.033706 1.689042 0.280383
-0.007469 1.586581 0.294383
0.018952 1.483401 0.308482
0.045372 1.380220 0.322581
0.071793 1.277040 0.336679
0.098214 1.173860 0.350778
0.124635 1.070679 0.364876
0.151055 0.967499 0.378975
0.177476 0.864319 0.393073
0.203897 0.761139 0.407172
0.230318 0.657960 0.421271
0.256739 0.554780 0.435369
0.283342 0.450886 0.449565
0.309946 0.346992 0.463761
0.336549 0.243098 0.477957
0.363153 0.139204 0.492153
0.389757 0.035310 0.493651
0.416360 -0.068583 0.479455
0.442964 -0.172477 0.465259
0.469568 -0.276371 0.451063
0.496171 -0.380265 0.436866
0.477225 -0.484159 0.422670
0.450440 -0.411238 0.408377
0.423655 -0.306635 0.394084
0.396870 -0.202032 0.379791
0.370085 -0.097429 0.365498
0.343299 0.007175 0.351204
0.316514 0.111778 0.336911
0.289729 0.216381 0.322618
0.262944 0.320984 0.308325
0.236159 0.425587 0.294032
0.209374 0.530190 0.279738
0.182408 0.635498 0.265349
0.155443 0.740806 0.250960
0.128477 0.846113 0.236571
0.101511 0.951421 0.222182
0.074546 1.056728 0.207792
0.047580 1.162035 0.193403
0.020615 1.267342 0.179014
-0.006351 1.372650 0.164624
-0.033316 1.477957 0.150235
-0.060282 1.583264 0.135846
-0.087427 1.689271 0.121361
-0.114572 1.795277 0.106876
-0.141716 1.901284 0.092391
-0.168861 2.007291 0.077906
-0.196006 2.113299 0.063421
-0.223150 2.219307 0.048936
-0.250295 2.325315 0.034451
-0.277440 2.431324 0.019966
-0.304585 2.537332 0.005481
-0.331730 2.642253 -0.009003
-0.359052 2.535551 -0.023583
-0.386375 2.428849 -0.038163
-0.413698 2.322147 -0.052743
-0.441021 2.215446 -0.067323
-0.468344 2.108744 -0.081903
-0.495666 2.002042 -0.096483
-0.477011 1.895340 -0.111063
-0.449688 1.788638 -0.125643
-0.422365 1.681936 -0.140222
-0.395043 1.575234 -0.154802
-0.367543 1.467841 -0.169477
-0.340044 1.360448 -0.184151
-0.312544 1.253055 -0.198825
-0.285045 1.145661 -0.213499
-0.257545 1.038268 -0.228173
-0.230045 0.930875 -0.242848
-0.202546 0.823482 -0.257522
-0.175046 0.716088 -0.272196
-0.001486 0.832111 -0.379842
0.188302 0.972957 -0.497819
0.379304 1.114704 -0.383451
0.429695 1.256451 -0.264720
0.238694 1.398198 -0.145990
0.047692 1.539945 -0.027260
-0.143309 1.681692 0.091470
-0.334310 1.823439 0.210201
-0.474688 1.965186 0.328931
-0.283687 2.106933 0.447661
-0.092686 2.248680 0.433608
0.098316 2.390427 0.314878
0.290522 2.533068 0.195399
0.482729 2.675709 0.075919
0.325065 2.818350 -0.043560
0.132858 2.960991 -0.163039
-0.059348 2.858434 -0.282519
-0.251555 2.715793 -0.401998
-0.443761 2.573152 -0.478523
-0.364032 2.430511 -0.359044
-0.171826 2.287870 -0.239564
0.020381 2.145229 -0.120085
0.213785 2.001699 0.000139
0.407189 1.858170 0.120363
0.399407 1.714640 0.240586
0.206003 1.571111 0.360810
0.012599 1.427582 0.481034
-0.180805 1.284053 0.398742
-0.374209 1.140524 0.278519
-0.432387 0.996994 0.158295
-0.238983 0.853465 0.038071
-0.045579 0.709935 -0.082153
0.149015 0.565522 -0.203116
0.343610 0.421110 -0.324080
0.461796 0.276697 -0.445044
0.267202 0.132284 -0.433992
0.072608 -0.012129 -0.313029
-0.121987 -0.156542 -0.192065
-0.316581 -0.300954 -0.071101
-0.488825 -0.445367 0.049862
-0.294231 -0.410220 0.170826
-0.099636 -0.265807 0.291790
0.096141 -0.120516 0.413489
0.291918 0.024774 0.464813
0.487695 0.170065 0.343114
0.316528 0.315356 0.221415
0.120751 0.460646 0.099716
-0.075026 0.605937 -0.021983
-0.270804 0.751228 -0.143682
-0.466581 0.896518 -0.265381
-0.337642 1.041809 -0.387080
-0.141865 1.187100 -0.491221
0.055088 1.333264 -0.368791
0.252041 1.479427 -0.246361
0.448994 1.625591 -0.123931
0.354053 1.771755 -0.001501
0.157100 1.917918 0.120929
-0.039854 2.064081 0.243359
-0.236807 2.210244 0.365789
-0.433760 2.356406 0.488219
-0.369287 2.502569 0.389351
-0.172334 2.648731 0.266921
0.025788 2.795762 0.143765
0.223910 2.942792 0.020608
0.422032 3.089823 -0.102549
0.419017 3.154612 -0.006002
0.214865 3.137159 0.310249
0.010713 3.119707 0.373501
-0.193439 3.102255 0.057251
-0.397591 3.084803 -0.258999
-0.398257 3.067350 -0.424750
-0.194105 3.049898 -0.108500
0.011244 3.032343 0.209605
0.216593 3.014789 0.472290
0.421943 2.997234 0.154185
0.372708 2.979679 -0.163920
0.167359 2.962124 -0.482026
-0.037991 2.944570 -0.199869
-0.243340 2.927015 0.118236
-0.448689 2.909460 0.436341
-0.345961 2.891905 0.245554
-0.140612 2.874351 -0.072551
0.065928 2.856696 -0.392500
0.272468 2.839041 -0.287551
0.479008 2.821386 0.032399
0.314452 2.803731 0.352348
0.107913 2.786076 0.327703
-0.098627 2.768421 0.007754
-0.305167 2.750766 -0.312195
-0.488293 2.733111 -0.367856
-0.281753 2.715456 -0.047907
-0.075213 2.697802 0.272042
0.132510 2.680044 0.406175
0.340233 2.662287 0.084392
0.452043 2.644529 -0.237391
0.244320 2.626772 -0.440826
0.036596 2.609015 -0.119044
-0.171127 2.591257 0.202739
-0.378850 2.573500 0.475478
-0.413426 2.555742 0.153695
-0.205703 2.537985 -0.168087
0.002021 2.520227 -0.489870
0.210921 2.502370 -0.186524
0.419821 2.484512 0.137082
0.371278 2.466655 0.460688
0.162378 2.448797 0.215707
-0.046522 2.430940 -0.107899
-0.255422 2.413082 -0.431505
-0.464323 2.395225 -0.244889
-0.326777 2.377367 0.078717
-0.117877 2.359509 0.402323
0.091024 2.341652 0.274072
0.301094 2.323694 -0.051347
0.488835 2.305737 -0.376766
0.278764 2.287779 -0.297815
0.068694 2.269821 0.027603
-0.141377 2.251863 0.353022
-0.351447 2.233906 0.321559
-0.438482 2.215948 -0.003860
-0.228411 2.197990 -0.329278
-0.018341 2.180033 -0.345303
0.191730 2.162075 -0.019884
0.402964 2.144017 0.307337
0.385801 2.125959 0.365441
0.174567 2.107902 0.038219
-0.036667 2.089844 -0.289002
-0.247902 2.071786 -0.383776
-0.459136 2.053728 -0.056554
-0.329629 2.035670 0.270667
-0.118395 2.017612 0.402111
0.092840 1.999555 0.074889
0.304074 1.981498 -0.252332
0.483534 1.963343 -0.418653
0.271142 1.945187 -0.089638
0.058750 1.927031 0.239377
-0.153642 1.908876 0.431609
-0.366034 1.890720 0.102594
-0.421575 1.872565 -0.226421
-0.209183 1.854409 -0.444565
0.003209 1.836254 -0.115550
0.215601 1.818098 0.213465
0.427993 1.799942 0.457521
0.358464 1.781688 0.126723
0.144920 1.763433 -0.204075
-0.068623 1.745179 -0.465127
-0.282166 1.726924 -0.134329
-0.495709 1.708670 0.196469
-0.290748 1.690415 0.472733
-0.077205 1.672161 0.141935
0.136338 1.653906 -0.188863
0.349882 1.635652 -0.480339
0.436575 1.617397 -0.149541
0.221887 1.599045 0.183031
0.007199 1.580693 0.484397
-0.207489 1.562340 0.151825
-0.422177 1.543988 -0.180746
-0.363135 1.525636 -0.486682
-0.148446 1.507284 -0.154110
0.066242 1.488931 0.178462
0.280930 1.470579 0.488966
0.495618 1.452227 0.156395
0.289694 1.433874 -0.176177
0.073867 1.415424 -0.489487
-0.141960 1.396974 -0.155151
-0.357787 1.378524 0.179185
-0.426386 1.360074 0.486478
-0.210559 1.341624 0.152142
0.005268 1.323174 -0.182194
0.221095 1.304724 -0.483470
0.436922 1.286274 -0.149134
0.347251 1.267824 0.185202
0.131424 1.249374 0.480462
-0.085536 1.230828 0.144371
-0.302496 1.212281 -0.191720
-0.480543 1.193735 -0.472189
-0.263583 1.175188 -0.136098
-0.046623 1.156641 0.199993
0.170337 1.138095 0.463916
0.387297 1.119548 0.127825
0.395743 1.101002 -0.208266
0.178783 1.082455 -0.455643
-0.038177 1.063908 -0.119552
-0.256264 1.045265 0.218285
-0.474351 1.026622 0.443878
-0.307562 1.007979 0.106041
-0.089475 0.989336 -0.231796
0.128612 0.970694 -0.430367
0.346699 0.952051 -0.092530
0.435214 0.933409 0.245307
0.217126 0.914766 0.416856
-0.000961 0.896124 0.079019
-0.219048 0.877481 -0.258818
-0.438256 0.858742 -0.401608
-0.342536 0.840004 -0.062034
-0.123327 0.821265 0.277540
0.095881 0.802527 0.382886
0.315089 0.783788 0.043312
0.465702 0.765050 -0.296262
0.246494 0.746311 -0.364164
0.027286 0.727573 -0.024591
-0.191923 0.708834 0.314983
-0.411131 0.690096 0.345443
-0.368545 0.671262 0.004141
-0.148221 0.652428 -0.337161
0.072102 0.633594 -0.321536
0.292426 0.614760 0.019766
0.487250 0.595927 0.361068
0.266926 0.577093 0.297630
0.046602 0.558259 -0.043672
-0.173722 0.539425 -0.384974
-0.394046 0.520591 -0.273724
-0.385630 0.501757 0.067578
-0.164197 0.482828 0.410599
0.057237 0.463899 0.246379
0.278671 0.444970 -0.096642
0.499895 0.426041 -0.439664
0.278461 0.407112 -0.217315
0.057027 0.388183 0.125707
-0.164407 0.369255 0.468728
-0.385840 0.350326 0.188250
-0.392726 0.331397 -0.154771
-0.171292 0.312468 -0.497793
0.051246 0.293445 -0.157475
0.273785 0.274421 0.187257
0.496323 0.255398 0.468011
0.281139 0.236375 0.123278
0.058601 0.217352 -0.221454
-0.163937 0.198329 -0.433814
-0.386476 0.179305 -0.089081
-0.390986 0.160282 0.255651
-0.168448 0.141259 0.399617
