0.342514 0.173195 -0.374309
0.321502 0.161814 -0.364530
0.300489 0.150433 -0.354752
0.279477 0.139052 -0.344974
0.258465 0.012711 -0.335196
0.237452 -0.136290 -0.325418
0.216439 -0.223809 -0.315640
0.195427 -0.277599 -0.305862
0.174414 -0.304344 -0.296083
0.153402 -0.335075 -0.286305
0.132389 -0.364531 -0.276527
0.106654 -0.379849 -0.264552
0.080919 -0.396463 -0.252576
0.055184 -0.432139 -0.240601
0.029449 -0.450363 -0.228625
0.003714 -0.464302 -0.216649
-0.016839 -0.476051 -0.205050
0.009246 -0.468085 -0.196837
0.035331 -0.460119 -0.188624
0.061416 -0.452152 -0.180411
0.087501 -0.444186 -0.172198
0.117621 -0.434988 -0.162714
0.147741 -0.425789 -0.153230
0.177861 -0.416591 -0.143747
0.207981 -0.407392 -0.134263
0.238102 -0.398194 -0.124779
0.268222 -0.388995 -0.115296
0.298342 -0.379797 -0.105812
0.328462 -0.370598 -0.096328
0.315380 -0.406882 -0.093551
0.302298 -0.443166 -0.090775
0.287672 -0.483732 -0.087670
0.273046 -0.475701 -0.084565
0.258420 -0.435135 -0.081461
0.243794 -0.394569 -0.078356
0.229168 -0.354002 -0.075252
0.214542 -0.313436 -0.072147
0.199916 -0.317037 -0.069042
0.185290 -0.357604 -0.065938
0.170664 -0.398170 -0.062833
0.156037 -0.438736 -0.059729
0.140015 -0.483175 -0.056328
0.123993 -0.472387 -0.052927
0.107971 -0.427949 -0.049526
0.091949 -0.383511 -0.046125
0.075927 -0.339072 -0.042724
0.059904 -0.294634 -0.039324
0.043882 -0.288137 -0.035923
0.027860 -0.332575 -0.032522
0.011838 -0.377014 -0.029121
-0.004184 -0.421452 -0.025720
-0.021490 -0.469451 -0.022047
-0.027451 -0.488567 -0.018315
-0.006940 -0.440289 -0.014445
0.013571 -0.392011 -0.010575
0.034081 -0.343734 -0.006705
0.054592 -0.295456 -0.002835
0.075103 -0.247178 0.001034
0.095614 -0.223047 0.004904
0.116124 -0.271325 0.008774
0.136635 -0.319603 0.012644
0.158562 -0.371214 0.016781
0.180489 -0.422825 0.020918
0.202416 -0.474436 0.025055
0.224343 -0.473953 0.029192
0.246270 -0.422342 0.033329
0.268197 -0.370731 0.037466
0.290124 -0.319120 0.041603
0.312051 -0.267509 0.045740
0.333978 -0.215898 0.049877
0.355905 -0.179796 0.054014
0.379162 -0.234538 0.058402
0.402419 -0.289279 0.062790
0.425676 -0.344021 0.067178
0.448934 -0.398763 0.071566
0.472191 -0.453505 0.075954
0.495448 -0.491753 0.080342
0.481295 -0.437012 0.084730
0.458038 -0.382270 0.089117
0.434781 -0.327528 0.093505
0.411524 -0.272786 0.097893
0.387008 -0.215083 0.102519
0.362493 -0.157381 0.107144
0.337978 -0.165138 0.111769
0.313463 -0.222840 0.116395
0.288948 -0.280543 0.121020
0.264433 -0.338246 0.125645
0.239918 -0.395948 0.130271
0.215403 -0.453651 0.134896
0.190888 -0.488646 0.139521
0.166373 -0.430944 0.144147
0.140661 -0.370424 0.148998
0.114949 -0.309905 0.153849
0.089238 -0.249386 0.158700
0.063526 -0.188867 0.163551
0.037815 -0.128348 0.168402
0.012103 -0.067828 0.173253
-0.013609 -0.065582 0.178104
-0.039320 -0.126101 0.182955
-0.065032 -0.186620 0.187806
-0.090743 -0.247139 0.192657
-0.117598 -0.310349 0.197724
-0.144453 -0.373559 0.202791
-0.171308 -0.436769 0.207857
-0.198163 -0.499979 0.212924
-0.225018 -0.436810 0.217991
-0.251873 -0.373600 0.223057
-0.278727 -0.310390 0.228124
-0.305582 -0.247180 0.233191
-0.332437 -0.183970 0.238258
-0.359292 -0.120759 0.243324
-0.387244 -0.054968 0.248598
-0.415195 0.010823 0.253871
-0.443147 -0.046555 0.259145
-0.471098 -0.112347 0.264418
-0.499050 -0.178138 0.269692
-0.472998 -0.243929 0.274966
-0.445047 -0.309721 0.280239
-0.417095 -0.375512 0.285513
-0.389144 -0.441303 0.290786
-0.361192 -0.492905 0.296060
-0.332185 -0.424631 0.301532
-0.303179 -0.356356 0.307005
-0.274172 -0.288081 0.312477
-0.245166 -0.219806 0.317950
-0.216159 -0.151532 0.323423
-0.187152 -0.083257 0.328895
-0.158146 -0.014982 0.334368
-0.129139 -0.003772 0.339840
-0.100133 -0.072047 0.345313
-0.071126 -0.140322 0.350786
-0.041101 -0.210993 0.356450
-0.011077 -0.281664 0.362115
0.018948 -0.352335 0.367780
0.048973 -0.423006 0.373445
0.078997 -0.493677 0.379110
0.109022 -0.435652 0.384775
0.139047 -0.364980 0.390439
0.169071 -0.294309 0.396104
0.199096 -0.223638 0.401769
0.229121 -0.152967 0.407434
0.260130 -0.079978 0.413284
0.291139 -0.006989 0.419135
0.322149 0.066000 0.424985
0.353158 0.031651 0.430836
0.384167 -0.041338 0.436686
0.415177 -0.114327 0.442537
0.446186 -0.187316 0.448387
0.477195 -0.260305 0.454238
0.491795 -0.333294 0.460088
0.460786 -0.406283 0.465939
0.428823 -0.481518 0.471970
0.396859 -0.443247 0.478000
0.364895 -0.368012 0.484031
0.332932 -0.292777 0.490062
0.300968 -0.217542 0.496093
0.269005 -0.142307 0.497876
0.237041 -0.067072 0.491846
0.205077 0.008164 0.485815
0.173114 0.083399 0.479784
0.141150 0.079360 0.473753
0.108259 0.001944 0.467548
0.075369 -0.075472 0.461342
0.042479 -0.152889 0.455137
0.009588 -0.230305 0.448931
-0.023302 -0.307722 0.442726
-0.056193 -0.385138 0.436521
-0.089083 -0.462554 0.430315
-0.121973 -0.460029 0.424110
-0.154864 -0.382613 0.417904
-0.187754 -0.305197 0.411699
-0.221546 -0.225659 0.405323
-0.255337 -0.146121 0.398948
-0.289129 -0.066583 0.392572
-0.322921 0.012954 0.386196
-0.356712 0.092492 0.379821
-0.390504 0.172030 0.373445
-0.424296 0.136642 0.367070
-0.458087 0.057105 0.360694
-0.491879 -0.022433 0.354318
-0.474329 -0.101971 0.347943
-0.439660 -0.183575 0.341402
-0.404990 -0.265179 0.334861
-0.370320 -0.346783 0.328320
-0.335651 -0.428387 0.321779
-0.300981 -0.490008 0.315238
-0.266311 -0.408404 0.308697
-0.231642 -0.326800 0.302156
-0.196972 -0.245196 0.295615
-0.162303 -0.163592 0.289074
-0.127633 -0.081988 0.282533
-0.092108 0.001631 0.275830
-0.056582 0.085251 0.269127
-0.021056 0.168870 0.262424
0.014469 0.252489 0.255721
0.049995 0.336108 0.249018
0.085521 0.385176 0.242316
0.121046 0.301557 0.235613
0.156572 0.217937 0.228910
0.192098 0.134318 0.222208
0.227624 0.050699 0.215505
0.257119 -0.026139 0.203534
0.224821 -0.024229 0.145574
0.192523 -0.022319 0.087614
0.160225 -0.020409 0.029653
0.127927 -0.018500 -0.028307
0.095629 -0.016590 -0.086268
0.063331 -0.014680 -0.144228
0.031033 -0.012770 -0.202189
-0.001265 -0.010861 -0.260149
-0.033563 -0.008951 -0.318110
-0.066587 -0.006998 -0.377373
-0.099611 -0.005045 -0.436636
-0.132635 -0.003093 -0.495899
-0.165659 -0.001140 -0.444838
-0.198683 0.000813 -0.385575
-0.231707 0.002765 -0.326312
-0.264731 0.004718 -0.267049
-0.297755 0.006671 -0.207785
-0.330779 0.008623 -0.148522
-0.363803 0.010576 -0.089259
-0.397537 0.012571 -0.028722
-0.431271 0.014565 0.031816
-0.465005 0.016560 0.092354
-0.498739 0.018555 0.152892
-0.467526 0.020549 0.213429
-0.433792 0.022544 0.273967
-0.400058 0.024539 0.334505
-0.366324 0.026533 0.395043
-0.332590 0.028528 0.455580
-0.298856 0.030523 0.483882
-0.264426 0.032558 0.422096
-0.229996 0.034594 0.360309
-0.195566 0.036630 0.298523
-0.161136 0.038666 0.236737
-0.126707 0.040702 0.174951
-0.092277 0.042737 0.113165
-0.057847 0.044773 0.051379
-0.023417 0.046809 -0.010407
0.011013 0.048845 -0.072193
0.045443 0.050881 -0.133979
0.080554 0.052957 -0.196989
0.115666 0.055033 -0.259998
0.119480 0.012665 -0.282064
0.091995 -0.074148 -0.263187
0.064511 -0.160960 -0.244309
0.037026 -0.247772 -0.225432
0.009542 -0.334584 -0.206554
-0.017942 -0.421397 -0.187676
-0.045427 -0.491791 -0.168799
-0.072911 -0.404979 -0.149921
-0.100919 -0.316512 -0.130684
-0.128927 -0.228046 -0.111447
-0.156935 -0.139580 -0.092210
-0.184943 -0.051114 -0.072973
-0.212951 0.037352 -0.053736
-0.240959 0.125818 -0.034498
-0.268966 0.214284 -0.015261
-0.296974 0.302750 0.003976
-0.324982 0.391216 0.023213
-0.352990 0.479682 0.042450
-0.381512 0.569771 0.062040
-0.410034 0.584781 0.081631
-0.438556 0.494692 0.101221
-0.467078 0.404602 0.120811
-0.495600 0.314513 0.140401
-0.475878 0.224424 0.159991
-0.447356 0.134334 0.179581
-0.418834 0.044245 0.199171
-0.390312 -0.045844 0.218762
-0.361790 -0.135934 0.238352
-0.332763 -0.227618 0.258289
-0.303736 -0.319302 0.278225
-0.274709 -0.410986 0.298162
-0.245682 -0.497331 0.318099
-0.216655 -0.405647 0.338036
-0.187629 -0.313963 0.357973
-0.158602 -0.222279 0.377910
-0.129575 -0.130595 0.397847
-0.100549 -0.038911 0.417783
-0.071522 0.052773 0.437720
-0.041999 0.146024 0.457998
-0.012476 0.239276 0.478276
0.017047 0.332527 0.498554
0.046570 0.425779 0.481169
0.076093 0.519030 0.460891
0.105616 0.612282 0.440613
0.135139 0.705533 0.420335
0.164662 0.773903 0.400057
0.194184 0.680652 0.379780
0.223707 0.587400 0.359502
0.253718 0.492607 0.338889
0.283729 0.397815 0.318276
0.313740 0.303022 0.297663
0.343751 0.208229 0.277049
0.373762 0.113436 0.256436
0.403773 0.018643 0.235823
0.433784 -0.076149 0.215210
0.463795 -0.170942 0.194598
0.493806 -0.265735 0.173985
0.476183 -0.360528 0.153372
0.445692 -0.456837 0.132429
0.415201 -0.446853 0.111486
0.384710 -0.350544 0.090543
0.354219 -0.254234 0.069601
0.323728 -0.157925 0.048658
0.293237 -0.061615 0.027715
0.262746 0.034694 0.006772
0.232255 0.131004 -0.014171
0.201763 0.227314 -0.035113
0.171272 0.323623 -0.056056
0.140308 0.421426 -0.077324
0.109344 0.519229 -0.098591
0.078381 0.617032 -0.119858
0.047417 0.714835 -0.141126
0.016453 0.812637 -0.162394
-0.014511 0.753377 -0.183661
-0.045475 0.655574 -0.204929
-0.076439 0.557771 -0.226196
-0.107403 0.459968 -0.247464
-0.138367 0.362165 -0.268731
-0.169796 0.262892 -0.290318
-0.201226 0.163618 -0.311906
-0.232656 0.064344 -0.333493
-0.264085 -0.034929 -0.355080
-0.295515 -0.134203 -0.376668
-0.326944 -0.233476 -0.398255
-0.358374 -0.332750 -0.419842
-0.389803 -0.432024 -0.441430
-0.421233 -0.468703 -0.463017
-0.452662 -0.369429 -0.484604
-0.484551 -0.268706 -0.493493
-0.483561 -0.167983 -0.471590
-0.451672 -0.067260 -0.449688
-0.419784 0.033463 -0.427785
-0.387895 0.134186 -0.405883
-0.356007 0.234908 -0.383980
-0.324118 0.335631 -0.362077
-0.292230 0.436354 -0.340175
-0.260341 0.537077 -0.318272
-0.228453 0.637800 -0.296369
-0.196112 0.739952 -0.274156
-0.163771 0.842103 -0.251943
-0.131431 0.858349 -0.229730
-0.099090 0.756198 -0.207517
-0.066749 0.654046 -0.185304
-0.034408 0.551895 -0.163091
-0.002068 0.449743 -0.140877
0.030273 0.347591 -0.118664
0.062614 0.245440 -0.096451
0.094955 0.143288 -0.074238
0.127741 0.039727 -0.051718
0.160528 -0.063833 -0.029199
0.193315 -0.167394 -0.006679
0.226102 -0.270955 0.015840
0.258889 -0.374516 0.038360
0.291676 -0.478076 0.060880
0.324462 -0.418363 0.083399
0.357249 -0.314802 0.105919
0.390036 -0.211242 0.128438
0.422823 -0.107681 0.150958
0.456049 -0.002730 0.173780
0.489276 0.102221 0.196602
0.477497 0.207172 0.219423
0.444270 0.312123 0.242245
0.411043 0.417074 0.265067
0.377816 0.522025 0.287889
0.344589 0.626975 0.310711
0.311362 0.731926 0.333532
0.278135 0.836877 0.356354
0.244908 0.941827 0.379176
0.211247 1.046878 0.402296
0.177586 0.940555 0.425416
0.143925 0.834233 0.448537
0.110263 0.727910 0.471657
0.076602 0.621587 0.494777
0.042941 0.515264 0.482102
0.009279 0.408942 0.458982
-0.024382 0.302619 0.435861
-0.058043 0.196296 0.412741
-0.091705 0.089973 0.389621
-0.125795 -0.017704 0.366206
-0.159885 -0.125382 0.342791
-0.193975 -0.233059 0.319376
-0.228065 -0.340736 0.295962
-0.262156 -0.448414 0.272547
-0.296246 -0.443909 0.249132
-0.330336 -0.336232 0.225717
-0.364426 -0.228554 0.202302
-0.398517 -0.120877 0.178888
-0.432607 -0.013200 0.155473
-0.467121 0.095815 0.131767
-0.498366 0.204830 0.108062
-0.463852 0.313845 0.084356
-0.429338 0.422861 0.060650
-0.394824 0.531876 0.036945
-0.360310 0.640891 0.013239
-0.325797 0.749906 -0.010466
-0.291283 0.858921 -0.034172
-0.256769 0.967936 -0.057878
-0.222255 0.928298 -0.081583
-0.187323 0.817962 -0.105576
-0.152391 0.707625 -0.129569
-0.117459 0.597289 -0.153562
-0.082527 0.486952 -0.177555
-0.047595 0.376616 -0.201548
-0.012663 0.266279 -0.225541
0.022269 0.155943 -0.249534
0.057201 0.045606 -0.273527
0.092133 -0.064730 -0.297520
0.127065 -0.175067 -0.321513
0.162410 -0.286709 -0.345790
0.197756 -0.398351 -0.370067
0.233101 -0.490006 -0.394344
0.268447 -0.378364 -0.418621
0.303792 -0.266722 -0.442898
0.339138 -0.155080 -0.467175
0.374483 -0.043437 -0.491452
0.409829 0.068205 -0.484271
0.445174 0.179847 -0.459994
0.480520 0.291489 -0.435718
0.483726 0.404422 -0.411160
0.447972 0.517355 -0.386602
0.412218 0.630288 -0.362044
0.376464 0.743221 -0.337487
0.340709 0.856154 -0.312929
0.304955 0.969087 -0.288371
0.269201 1.082020 -0.263814
0.233447 1.194953 -0.239256
0.197693 1.144862 -0.214698
0.161939 1.031929 -0.190141
0.125781 0.917720 -0.165306
0.089623 0.803511 -0.140471
0.053465 0.689302 -0.115636
0.017307 0.575093 -0.090801
-0.018851 0.460884 -0.065966
-0.055009 0.346675 -0.041130
-0.091167 0.232466 -0.016295
-0.127325 0.118257 0.008540
-0.163484 0.004048 0.033375
-0.199642 -0.110161 0.058210
-0.236199 -0.225632 0.083319
-0.272757 -0.341104 0.108429
-0.309315 -0.456575 0.133538
-0.345872 -0.427954 0.158648
-0.382430 -0.312483 0.183757
-0.418987 -0.197012 0.208867
-0.455545 -0.081541 0.233976
-0.492103 0.033931 0.259086
-0.471340 0.149402 0.284196
-0.434782 0.264873 0.309305
-0.397829 0.381592 0.334686
-0.360877 0.498312 0.360067
-0.323924 0.615032 0.385448
-0.286971 0.731751 0.410829
-0.250018 0.848471 0.436209
-0.213065 0.965190 0.461590
-0.176113 1.081910 0.486971
-0.139160 1.198629 0.487648
-0.102207 1.315348 0.462267
-0.065254 1.257816 0.436886
-0.027910 1.139861 0.411237
0.009434 1.021905 0.385587
0.046778 0.903951 0.359937
0.084121 0.785996 0.334288
0.121465 0.668042 0.308638
0.158809 0.550087 0.282988
0.196153 0.432132 0.257339
0.233497 0.314178 0.231689
0.270841 0.196223 0.206040
0.308185 0.078268 0.180390
0.345916 -0.040909 0.154475
0.383647 -0.160086 0.128559
0.421378 -0.279263 0.102644
0.459109 -0.398440 0.076729
0.496840 -0.482383 0.050813
0.465430 -0.363206 0.024898
0.427699 -0.244029 -0.001017
0.389968 -0.124852 -0.026933
0.352237 -0.005675 -0.052848
0.314506 0.113502 -0.078764
0.276392 0.233889 -0.104942
0.238278 0.354276 -0.131120
0.200164 0.474663 -0.157299
0.162050 0.595050 -0.183477
0.123936 0.715437 -0.209656
0.085822 0.835824 -0.235834
0.047708 0.956211 -0.262013
0.009594 1.076598 -0.288191
-0.028519 1.196985 -0.314370
-0.066633 1.317373 -0.340548
-0.105127 1.438958 -0.366987
-0.143620 1.493735 -0.393426
-0.182113 1.372150 -0.419865
-0.220606 1.250565 -0.446303
-0.259100 1.128979 -0.472742
-0.297593 1.007394 -0.499181
-0.336086 0.885809 -0.474380
-0.374580 0.764224 -0.447941
-0.413073 0.642639 -0.421502
-0.451566 0.521054 -0.395064
-0.490435 0.398283 -0.368367
-0.470696 0.275512 -0.341670
-0.431828 0.152741 -0.314973
-0.392959 0.029970 -0.288276
-0.354090 -0.092801 -0.261579
-0.315221 -0.215573 -0.234882
-0.276352 -0.338344 -0.208185
-0.237484 -0.461115 -0.181488
-0.198615 -0.416115 -0.154791
-0.159746 -0.293344 -0.128094
-0.120505 -0.169398 -0.101142
-0.081265 -0.045452 -0.074190
-0.042024 0.078494 -0.047237
-0.002783 0.202440 -0.020285
0.036458 0.326386 0.006668
0.075698 0.450332 0.033620
0.114939 0.574278 0.060572
0.154180 0.698224 0.087525
0.193420 0.822170 0.114477
0.232661 0.946117 0.141429
0.272270 1.071226 0.168635
0.311879 1.196337 0.195840
0.351488 1.321447 0.223046
0.391097 1.446557 0.250251
0.430707 1.571667 0.277457
0.470316 1.595981 0.304662
0.490075 1.470870 0.331867
0.450466 1.345760 0.359073
0.410857 1.220650 0.386278
0.371248 1.095540 0.413484
0.331274 0.969277 0.440940
0.291300 0.843014 0.468396
0.251326 0.716751 0.495852
0.211351 0.590488 0.476691
0.171377 0.464225 0.449235
0.131403 0.337963 0.421779
0.091428 0.211700 0.394323
0.051454 0.085437 0.366866
0.011480 -0.040826 0.339410
0.020250 -0.016642 0.344803
0.061891 0.108967 0.372342
0.103531 0.234576 0.399882
0.145172 0.360185 0.427421
0.186812 0.485793 0.454961
0.228453 0.611402 0.482500
0.270093 0.737011 0.489961
0.311733 0.862620 0.462421
0.340922 0.979393 0.444111
0.258038 1.016638 0.491140
0.175155 1.053882 0.426391
0.091535 1.091458 0.361066
0.007915 1.129034 0.295741
-0.075705 1.166610 0.230416
-0.159325 1.204186 0.165091
-0.242945 1.241762 0.099766
-0.326565 1.279338 0.034441
-0.246420 1.247901 0.079976
-0.166274 1.216465 0.125510
-0.086129 1.185028 0.171045
-0.005984 1.153591 0.216579
0.074861 1.121879 0.262511
0.155706 1.090167 0.308444
0.236551 1.058455 0.354376
0.317396 1.026743 0.400308
0.398241 0.995031 0.446240
0.479086 0.963320 0.492173
0.440069 0.931608 0.461895
0.359224 0.899897 0.415963
0.278379 0.868185 0.370031
0.197533 0.836474 0.324099
0.115994 0.804490 0.277772
0.034455 0.772506 0.231445
-0.047084 0.740522 0.185119
-0.128623 0.708538 0.138792
-0.210162 0.676554 0.092466
-0.291701 0.644571 0.046139
-0.373240 0.612587 -0.000187
-0.454779 0.580603 -0.046514
-0.463682 0.548619 -0.092840
-0.382143 0.516635 -0.139167
-0.299915 0.484381 -0.185884
-0.217688 0.452127 -0.232601
-0.135461 0.419874 -0.279319
-0.053234 0.387620 -0.326036
0.028993 0.355366 -0.372754
0.111221 0.323112 -0.419471
0.193448 0.290858 -0.466189
0.275675 0.258604 -0.487094
0.357902 0.226350 -0.440376
0.440130 0.194097 -0.393659
0.476961 0.161575 -0.346553
0.444810 0.158980 -0.314320
0.468903 0.226213 -0.316787
0.382616 0.293447 -0.319254
0.296330 0.360680 -0.321721
0.210043 0.427914 -0.324188
0.123756 0.495147 -0.326655
0.037469 0.562380 -0.329122
-0.048817 0.629614 -0.331589
-0.135104 0.696847 -0.334056
-0.222095 0.764630 -0.336543
-0.309087 0.832412 -0.339031
-0.396078 0.900195 -0.341518
-0.483069 0.967977 -0.344005
-0.429940 1.035759 -0.346493
-0.342949 1.103542 -0.348980
-0.255958 1.171324 -0.351467
-0.168966 1.239107 -0.353954
-0.081975 1.306889 -0.356442
0.005016 1.374671 -0.358929
0.092706 1.442999 -0.361436
0.180396 1.511326 -0.363944
0.268086 1.579653 -0.366451
0.355775 1.647980 -0.368958
0.443465 1.716307 -0.371465
0.468845 1.784634 -0.373973
0.381155 1.852962 -0.376480
0.293466 1.921289 -0.378987
0.205776 1.989616 -0.381494
0.118086 1.920208 -0.384002
0.029703 1.851341 -0.386529
-0.058680 1.782473 -0.389056
-0.147064 1.713606 -0.391583
-0.235447 1.644739 -0.394110
-0.323830 1.575872 -0.396636
-0.412213 1.507005 -0.399163
-0.499404 1.438137 -0.401690
-0.411022 1.369270 -0.404217
-0.322639 1.300403 -0.406744
-0.234256 1.231536 -0.409271
-0.145185 1.162133 -0.411818
-0.056114 1.092731 -0.414364
0.032957 1.023328 -0.416911
0.122028 0.953926 -0.419458
0.211099 0.884524 -0.422004
0.300170 0.815121 -0.424551
0.389241 0.745719 -0.427097
0.478312 0.676316 -0.429644
0.432618 0.606914 -0.432191
0.343547 0.537511 -0.434737
0.253793 0.467577 -0.437304
0.164040 0.397642 -0.439870
0.074286 0.327708 -0.442436
-0.015467 0.257773 -0.445002
-0.105220 0.187839 -0.447569
-0.194974 0.117904 -0.450135
-0.284727 0.047970 -0.452701
-0.374481 -0.021965 -0.455267
-0.464234 -0.091899 -0.457834
-0.446012 -0.161834 -0.460400
-0.355581 -0.232296 -0.462986
-0.265150 -0.302759 -0.465571
-0.174719 -0.373221 -0.468157
-0.084288 -0.443683 -0.470743
0.006143 -0.485855 -0.473328
0.096573 -0.415392 -0.475914
0.187004 -0.344930 -0.478500
0.277435 -0.274468 -0.481085
0.367866 -0.204006 -0.483671
0.458297 -0.133543 -0.486257
0.450600 -0.062557 -0.488861
0.359496 0.008429 -0.491466
0.268393 0.079415 -0.494071
0.177290 0.150402 -0.496675
0.086187 0.221388 -0.499280
-0.004917 0.292374 -0.498115
-0.096020 0.363360 -0.495510
-0.187123 0.434347 -0.492906
-0.278226 0.505333 -0.490301
-0.369329 0.576319 -0.487696
-0.461100 0.647825 -0.485072
-0.447129 0.719332 -0.482449
-0.355359 0.790838 -0.479825
-0.263588 0.862345 -0.477201
-0.171818 0.933851 -0.474577
-0.080047 1.005358 -0.471953
0.011724 1.076864 -0.469330
0.103494 1.148371 -0.466706
0.195265 1.219877 -0.464082
0.287036 1.291384 -0.461458
0.379469 1.363407 -0.458815
0.471902 1.435429 -0.456173
0.435664 1.507452 -0.453530
0.343231 1.579475 -0.450887
0.250798 1.651497 -0.448244
0.158364 1.723520 -0.445601
0.065931 1.795543 -0.442958
-0.026502 1.867565 -0.440315
-0.118935 1.939588 -0.437672
-0.211369 2.011611 -0.435030
-0.304460 2.084145 -0.432368
-0.397551 2.156679 -0.429706
-0.490642 2.229213 -0.427045
-0.416267 2.301747 -0.424383
-0.323176 2.374281 -0.421721
-0.230084 2.446815 -0.419060
-0.136993 2.519349 -0.416398
-0.043902 2.561705 -0.413736
0.049189 2.489171 -0.411075
0.142280 2.416636 -0.408413
0.236024 2.343592 -0.405733
0.329769 2.270548 -0.403052
0.423513 2.197504 -0.400372
0.482742 2.124459 -0.397691
0.388998 2.051415 -0.395011
0.295254 1.978371 -0.392331
0.201509 1.905326 -0.389650
0.107765 1.832282 -0.386970
0.014020 1.759238 -0.384289
-0.079724 1.686193 -0.381609
-0.174117 1.612644 -0.378910
-0.268510 1.539094 -0.376211
-0.362904 1.465544 -0.373512
-0.457297 1.391994 -0.370813
-0.448310 1.318445 -0.368114
-0.353917 1.244895 -0.365416
-0.259524 1.171345 -0.362717
-0.165130 1.097795 -0.360018
-0.070737 1.024246 -0.357319
0.023656 0.950696 -0.354620
0.118694 0.876644 -0.351903
0.213731 0.802593 -0.349185
0.308769 0.728541 -0.346468
0.403806 0.654490 -0.343750
0.498844 0.580438 -0.341033
0.406119 0.506386 -0.338316
0.311081 0.432334 -0.335598
0.216044 0.358282 -0.332881
0.121006 0.284231 -0.330164
0.025969 0.210179 -0.327446
-0.069709 0.135628 -0.324711
-0.165386 0.061078 -0.321975
-0.261064 -0.013473 -0.319239
-0.356741 -0.088023 -0.316504
-0.452418 -0.162574 -0.313768
-0.451904 -0.237124 -0.311033
-0.356227 -0.311675 -0.308297
-0.260549 -0.386225 -0.305562
-0.164872 -0.460776 -0.302826
-0.069194 -0.464674 -0.300091
0.027119 -0.389628 -0.297337
0.123432 -0.314582 -0.294583
0.219745 -0.239536 -0.291829
0.316059 -0.164490 -0.289076
0.412372 -0.089445 -0.286322
0.491315 -0.014399 -0.283568
0.395001 0.060647 -0.280814
0.298688 0.135693 -0.278061
0.202375 0.210739 -0.275307
0.106062 0.285785 -0.272553
0.009117 0.361322 -0.269781
-0.087828 0.436860 -0.267009
-0.184773 0.512398 -0.264238
-0.281718 0.587936 -0.261466
-0.378663 0.663475 -0.258694
-0.475608 0.739013 -0.255922
-0.427448 0.814551 -0.253150
-0.330503 0.890089 -0.250378
-0.233558 0.965627 -0.247606
-0.136613 1.041165 -0.244834
-0.039041 1.117192 -0.242045
0.058532 1.193219 -0.239255
0.156104 1.269246 -0.236465
0.253676 1.345273 -0.233675
0.351248 1.421300 -0.230885
0.448821 1.497327 -0.228096
0.453607 1.573354 -0.225306
0.356035 1.649381 -0.222516
0.258463 1.725407 -0.219726
0.160890 1.801434 -0.216936
0.062695 1.877946 -0.214129
-0.035501 1.954459 -0.211321
-0.133697 2.030971 -0.208514
-0.231893 2.107485 -0.205706
-0.330088 2.183998 -0.202899
-0.428284 2.260511 -0.200091
-0.473520 2.337024 -0.197284
-0.375324 2.413538 -0.194476
-0.277129 2.490051 -0.191669
-0.178933 2.566564 -0.188861
-0.080118 2.643559 -0.186036
0.018698 2.720554 -0.183211
0.117513 2.797549 -0.180385
0.216328 2.874544 -0.177560
0.315143 2.951539 -0.174735
0.413959 2.968202 -0.171910
0.487226 2.891207 -0.169084
0.388411 2.814212 -0.166259
0.289596 2.737217 -0.163434
0.190780 2.660222 -0.160609
0.091349 2.582748 -0.157766
-0.008082 2.505274 -0.154923
-0.107513 2.427800 -0.152080
-0.130786 2.444516 -0.189663
-0.103289 2.524027 -0.254197
-0.075791 2.603537 -0.318731
-0.048293 2.683047 -0.383265
-0.020795 2.762557 -0.447799
0.006702 2.842067 -0.487667
0.034200 2.921578 -0.423133
0.061867 3.001577 -0.358202
0.089534 3.081576 -0.293271
0.117201 3.143805 -0.228340
0.144868 3.063806 -0.163409
0.172535 2.983807 -0.098478
0.200202 2.903808 -0.033547
0.227869 2.823809 0.031384
0.255536 2.743810 0.096315
0.283203 2.663811 0.161246
0.310870 2.583812 0.226177
0.338705 2.503327 0.291503
0.366540 2.422841 0.356829
0.394375 2.342356 0.422155
0.422210 2.261871 0.487480
0.450045 2.181385 0.447194
0.477880 2.100900 0.381868
0.494284 2.020415 0.316542
0.466449 1.939928 0.251216
0.438614 1.859442 0.185891
0.410779 1.778955 0.120565
0.382777 1.697986 0.054847
0.354775 1.617017 -0.010871
0.326772 1.536047 -0.076590
0.298770 1.455078 -0.142308
0.270768 1.374109 -0.208026
0.267067 1.397829 -0.193948
0.273781 1.466416 -0.145672
0.280495 1.535003 -0.097396
0.287210 1.603590 -0.049119
0.293924 1.672177 -0.000843
0.300678 1.741172 0.047720
0.307432 1.810166 0.096282
0.314186 1.879161 0.144845
0.320940 1.948156 0.193408
0.327694 2.017150 0.241971
0.334448 2.086144 0.290533
0.341203 2.155138 0.339096
0.347957 2.224131 0.387658
0.354711 2.293125 0.436221
0.361465 2.362118 0.484783
0.368259 2.431517 0.466369
0.375052 2.500916 0.417522
0.381846 2.570315 0.368674
0.388640 2.639714 0.319827
0.395434 2.709113 0.270979
0.402227 2.778512 0.222132
0.409021 2.847910 0.173284
0.415815 2.917309 0.124437
0.422608 2.986708 0.075589
0.429402 3.056107 0.026741
0.436235 3.125909 -0.022389
0.443068 3.195711 -0.071520
0.449901 3.129970 -0.120651
0.456735 3.060168 -0.169781
0.463568 2.990366 -0.218912
0.470401 2.920565 -0.268043
0.477234 2.850763 -0.317174
0.484067 2.780961 -0.366304
0.490900 2.711159 -0.415435
0.497733 2.641357 -0.464565
0.495395 2.571155 -0.486022
0.488523 2.500953 -0.436610
0.481651 2.430750 -0.387198
0.474779 2.360548 -0.337786
0.467906 2.290346 -0.288373
0.461034 2.220143 -0.238961
0.454162 2.149941 -0.189549
0.447290 2.079739 -0.140137
0.440418 2.009536 -0.090724
0.433546 1.939335 -0.041312
0.426635 1.868736 0.008380
0.419724 1.798136 0.058072
0.412812 1.727537 0.107765
0.405901 1.656938 0.157457
0.398990 1.586338 0.207149
0.392079 1.515739 0.256841
0.385168 1.445140 0.306534
0.378257 1.374540 0.356226
0.371345 1.303941 0.405918
0.364434 1.233342 0.455610
0.357484 1.162347 0.494419
0.350534 1.091352 0.444449
0.343585 1.020357 0.394478
0.336635 0.949362 0.344507
0.329685 0.878367 0.294536
0.322735 0.807373 0.244566
0.315785 0.736378 0.194595
0.308835 0.665384 0.144625
0.301885 0.594389 0.094654
0.294935 0.523395 0.044683
0.287947 0.452007 -0.005564
0.280959 0.380619 -0.055812
0.273970 0.309231 -0.106059
0.266982 0.237843 -0.156307
0.259993 0.166456 -0.206554
0.253005 0.095068 -0.256801
0.246017 0.023680 -0.307049
0.239028 -0.047708 -0.357297
0.232040 -0.119096 -0.407544
0.225052 -0.190484 -0.457792
0.218025 -0.262263 -0.491685
0.210998 -0.334042 -0.441163
0.203972 -0.405821 -0.390640
0.196945 -0.477601 -0.340117
0.189919 -0.450620 -0.289595
0.182892 -0.378841 -0.239072
0.175865 -0.307062 -0.188549
0.168839 -0.235283 -0.138026
0.161812 -0.163504 -0.087503
0.154785 -0.091725 -0.036981
0.147721 -0.019557 0.013816
0.140656 0.052612 0.064613
0.133591 0.124780 0.115409
0.126526 0.196948 0.166206
0.119461 0.269116 0.217003
0.112397 0.341284 0.267799
0.105332 0.413452 0.318596
0.098267 0.485620 0.369393
0.091202 0.557788 0.420189
0.084137 0.629956 0.470986
0.077035 0.702511 0.477945
0.069932 0.775066 0.426876
0.062830 0.847621 0.375807
0.055727 0.920176 0.324738
0.048624 0.992731 0.273669
0.041521 1.065287 0.222601
0.034419 1.137842 0.171532
0.027316 1.210398 0.120463
0.020213 1.282953 0.069394
0.013111 1.355509 0.018325
0.005970 1.428448 -0.033015
-0.001170 1.501388 -0.084355
-0.008310 1.574327 -0.135695
-0.015451 1.647266 -0.187035
-0.022591 1.720206 -0.238375
-0.029731 1.793145 -0.289715
-0.036872 1.866085 -0.341055
-0.044012 1.939024 -0.392395
-0.051152 2.011963 -0.443734
-0.058293 2.084903 -0.495074
-0.065470 2.158226 -0.453316
-0.072648 2.231549 -0.401707
-0.079826 2.304873 -0.350097
-0.087004 2.378196 -0.298487
-0.094182 2.451519 -0.246878
-0.101360 2.524842 -0.195268
-0.108537 2.598166 -0.143659
-0.115715 2.671489 -0.092050
-0.122893 2.744812 -0.040440
-0.130071 2.818135 0.011169
-0.137286 2.891840 0.063047
-0.144501 2.965545 0.114924
-0.151716 3.039249 0.166802
-0.158931 3.112954 0.218679
-0.166147 3.186659 0.270557
-0.173362 3.260364 0.322434
-0.180577 3.334068 0.374312
-0.187792 3.407773 0.426189
-0.195007 3.481478 0.478067
-0.202222 3.555182 0.470056
-0.209475 3.590477 0.417911
-0.216727 3.516394 0.365767
-0.223979 3.442310 0.313623
-0.231231 3.368226 0.261479
-0.238484 3.294142 0.209334
-0.245736 3.220058 0.157190
-0.252988 3.145975 0.105046
-0.260240 3.071891 0.052902
-0.267492 2.997807 0.000757
-0.274744 2.923723 -0.051387
-0.282033 2.849263 -0.103796
-0.289322 2.774802 -0.156206
-0.296611 2.700342 -0.208616
-0.303900 2.625881 -0.261025
-0.311190 2.551421 -0.313435
-0.318479 2.476960 -0.365845
-0.325768 2.402500 -0.418255
-0.333057 2.328039 -0.470664
-0.340346 2.253579 -0.476926
-0.347635 2.179118 -0.424516
-0.354960 2.104283 -0.371843
-0.362286 2.029449 -0.319169
-0.369612 1.954614 -0.266496
-0.376938 1.879779 -0.213822
-0.384263 1.804944 -0.161148
-0.391589 1.730109 -0.108475
-0.398915 1.655274 -0.055801
-0.406240 1.580440 -0.003127
-0.413566 1.505605 0.049546
-0.420892 1.430770 0.102220
-0.428254 1.355562 0.155156
-0.435617 1.280354 0.208093
-0.442979 1.205146 0.261029
-0.450341 1.129938 0.313966
-0.457704 1.054730 0.366902
-0.465066 0.979522 0.419838
-0.472428 0.904314 0.472775
-0.479791 0.829106 0.474289
-0.487153 0.753898 0.421353
