0.068287 -0.165444 0.336586
0.058208 -0.157576 0.359017
0.048128 -0.149708 0.381449
0.038049 -0.141840 0.403880
0.027969 -0.133972 0.426311
0.017890 -0.146475 0.448743
0.007810 -0.223809 0.471174
-0.002269 -0.277599 0.493605
-0.012348 -0.304344 0.483963
-0.022428 -0.335075 0.461532
-0.032507 -0.364531 0.439101
-0.044852 -0.376595 0.411628
-0.057197 -0.396463 0.384155
-0.069542 -0.432139 0.356683
-0.081887 -0.449285 0.329210
-0.094231 -0.458921 0.301737
-0.106576 -0.468557 0.274265
-0.118921 -0.478193 0.246792
-0.131266 -0.487830 0.219319
-0.143610 -0.497466 0.191847
-0.155955 -0.492898 0.164374
-0.170210 -0.481771 0.132651
-0.184464 -0.470644 0.100928
-0.198719 -0.459517 0.069206
-0.212973 -0.448390 0.037483
-0.227227 -0.437263 0.005760
-0.241482 -0.426136 -0.025963
-0.255736 -0.415009 -0.057685
-0.269991 -0.403882 -0.089408
-0.284245 -0.392755 -0.121131
-0.298500 -0.381628 -0.152854
-0.314437 -0.369187 -0.188321
-0.330374 -0.356747 -0.223788
-0.346311 -0.344307 -0.259255
-0.362248 -0.331866 -0.294722
-0.378185 -0.319426 -0.330189
-0.394122 -0.306985 -0.365657
-0.410059 -0.294545 -0.401124
-0.425996 -0.302741 -0.436591
-0.441933 -0.315181 -0.472058
-0.457871 -0.327622 -0.492475
-0.475329 -0.341250 -0.453622
-0.492787 -0.354877 -0.414770
-0.489755 -0.368505 -0.375918
-0.472297 -0.382133 -0.337065
-0.454838 -0.395760 -0.298213
-0.437380 -0.409388 -0.259360
-0.419922 -0.423016 -0.220508
-0.402464 -0.436643 -0.181656
-0.385006 -0.450271 -0.142804
-0.367547 -0.463899 -0.103951
-0.348691 -0.478619 -0.061986
-0.329834 -0.493338 -0.020021
-0.310977 -0.491942 0.021944
-0.292120 -0.477222 0.063910
-0.273263 -0.462503 0.105875
-0.254407 -0.447783 0.147840
-0.235550 -0.433063 0.189805
-0.216693 -0.418344 0.231771
-0.197836 -0.403624 0.273736
-0.178979 -0.388904 0.315701
-0.158820 -0.373169 0.360564
-0.138661 -0.357433 0.405426
-0.118502 -0.341697 0.450289
-0.098343 -0.325961 0.495152
-0.078184 -0.310225 0.459986
-0.058025 -0.294489 0.415123
-0.037866 -0.278753 0.370260
-0.017707 -0.263017 0.325398
0.002452 -0.247281 0.280535
0.022611 -0.231545 0.235673
0.043992 -0.214855 0.188088
0.065374 -0.198165 0.140504
0.086756 -0.181474 0.092920
0.108138 -0.164784 0.045336
0.129519 -0.148094 -0.002248
0.150901 -0.152229 -0.049832
0.172283 -0.168919 -0.097416
0.193665 -0.185609 -0.145001
0.215047 -0.202300 -0.192585
0.236429 -0.218990 -0.240169
0.258967 -0.236583 -0.290327
0.281505 -0.254176 -0.340485
0.304044 -0.271770 -0.390644
0.301621 -0.264222 -0.376810
0.288500 -0.245899 -0.335552
0.275380 -0.227577 -0.294294
0.262259 -0.209254 -0.253036
0.249139 -0.190932 -0.211778
0.236018 -0.172609 -0.170520
0.222898 -0.154286 -0.129263
0.209137 -0.135070 -0.085991
0.195377 -0.115853 -0.042719
0.181616 -0.096636 0.000553
0.167855 -0.077419 0.043824
0.154094 -0.058202 0.087096
0.140334 -0.038985 0.130368
0.126573 -0.051980 0.173639
0.112812 -0.071197 0.216911
0.099051 -0.090413 0.260183
0.085290 -0.109630 0.303455
0.070918 -0.129702 0.348651
0.056545 -0.149773 0.393846
0.042173 -0.169845 0.439042
0.029650 -0.193718 0.472277
0.024527 -0.232801 0.457666
0.019403 -0.271884 0.443056
0.014280 -0.310967 0.428445
0.009157 -0.350050 0.413834
0.004034 -0.389132 0.399224
-0.001089 -0.428215 0.384613
-0.006422 -0.468894 0.369406
-0.011754 -0.490428 0.354199
-0.017087 -0.449749 0.338992
-0.022419 -0.409070 0.323784
-0.027751 -0.368392 0.308577
-0.033084 -0.327713 0.293370
-0.038416 -0.287034 0.278163
-0.043748 -0.246355 0.262955
-0.049081 -0.205677 0.247748
-0.054413 -0.164998 0.232541
-0.059947 -0.122784 0.216759
-0.065481 -0.080570 0.200978
-0.071014 -0.038355 0.185197
-0.076548 0.003859 0.169415
-0.082082 0.046073 0.153634
-0.087615 0.006090 0.137853
-0.093149 -0.036124 0.122071
-0.098683 -0.078338 0.106290
-0.104216 -0.120553 0.090508
-0.109750 -0.162767 0.074727
-0.115478 -0.206463 0.058392
-0.121206 -0.250159 0.042056
-0.126934 -0.293855 0.025721
-0.132662 -0.337551 0.009386
-0.138390 -0.381247 -0.006949
-0.144117 -0.424942 -0.023285
-0.149845 -0.468638 -0.039620
-0.155573 -0.487666 -0.055955
-0.161301 -0.443970 -0.072291
-0.167029 -0.400274 -0.088626
-0.171611 -0.372673 -0.107527
-0.170859 -0.415181 -0.134550
-0.170108 -0.457690 -0.161572
-0.169356 -0.499801 -0.188595
-0.168604 -0.457292 -0.215617
-0.167852 -0.414783 -0.242640
-0.167101 -0.372274 -0.269662
-0.166349 -0.329765 -0.296685
-0.165597 -0.287257 -0.323707
-0.164845 -0.244748 -0.350729
-0.164070 -0.200931 -0.378583
-0.163296 -0.157113 -0.406438
-0.162521 -0.113296 -0.434292
-0.161746 -0.069479 -0.462146
-0.160971 -0.025662 -0.490000
-0.160196 0.018155 -0.482146
-0.159421 0.061972 -0.454292
-0.158646 0.105790 -0.426437
-0.157871 0.094062 -0.398583
-0.157097 0.050244 -0.370729
-0.156299 0.005157 -0.342067
-0.155502 -0.039931 -0.313406
-0.154705 -0.085018 -0.284744
-0.153907 -0.130106 -0.256082
-0.153110 -0.175193 -0.227420
-0.152312 -0.220281 -0.198759
-0.151515 -0.265368 -0.170097
-0.150718 -0.310456 -0.141435
-0.149920 -0.355543 -0.112774
-0.149123 -0.400631 -0.084112
-0.148304 -0.446954 -0.054665
-0.147485 -0.493277 -0.025218
-0.146666 -0.460400 0.004229
-0.145847 -0.414077 0.033676
-0.145027 -0.367754 0.063123
-0.144208 -0.321431 0.092570
-0.143389 -0.275108 0.122017
-0.142570 -0.228785 0.151465
-0.141751 -0.182462 0.180912
-0.140932 -0.136139 0.210359
-0.140091 -0.088613 0.240571
-0.139251 -0.041086 0.270783
-0.138411 0.006440 0.300995
-0.137570 0.053967 0.331207
-0.136730 0.101493 0.361419
-0.135889 0.149019 0.391631
-0.135049 0.196546 0.421843
-0.134208 0.244072 0.452056
-0.110175 0.270709 0.481460
-0.076203 0.288393 0.489481
-0.041391 0.306514 0.459705
-0.006579 0.324635 0.429929
0.028232 0.342756 0.400153
0.063044 0.360877 0.370377
0.097856 0.378998 0.340601
0.132667 0.397119 0.310825
0.167479 0.398718 0.281049
0.202291 0.380597 0.251273
0.237102 0.362476 0.221497
0.271914 0.344355 0.191720
0.307545 0.325808 0.161244
0.343176 0.307261 0.130767
0.378806 0.288714 0.100290
0.414437 0.270167 0.069813
0.450068 0.251620 0.039337
0.485699 0.233072 0.008860
0.478671 0.214525 -0.021617
0.443040 0.195978 -0.052094
0.407409 0.177430 -0.082570
0.371778 0.158883 -0.113047
0.335347 0.139919 -0.144209
0.298915 0.120955 -0.175371
0.262484 0.101990 -0.206532
0.226052 0.083026 -0.237694
0.189620 0.064062 -0.268856
0.153189 0.045098 -0.300017
0.116757 0.026134 -0.331179
0.080325 0.007170 -0.362341
0.043894 -0.011795 -0.393502
0.007462 -0.030759 -0.424664
-0.029753 -0.050131 -0.456496
-0.066969 -0.069503 -0.488328
-0.104184 -0.088875 -0.479841
-0.141399 -0.108247 -0.448009
-0.178614 -0.127619 -0.416177
-0.215829 -0.146991 -0.384345
-0.253045 -0.166363 -0.352513
-0.290260 -0.185735 -0.320681
-0.327475 -0.205107 -0.288849
-0.364691 -0.224479 -0.257017
-0.402673 -0.244251 -0.224529
-0.440656 -0.264022 -0.192041
-0.478639 -0.283794 -0.159552
-0.483378 -0.303565 -0.127064
-0.445395 -0.323337 -0.094576
-0.407413 -0.343108 -0.062087
-0.369430 -0.362880 -0.029599
-0.331447 -0.382651 0.002890
-0.293464 -0.402423 0.035378
-0.255482 -0.422194 0.067866
-0.216747 -0.442357 0.100998
-0.178012 -0.462520 0.134130
-0.139277 -0.482683 0.167261
-0.100542 -0.497154 0.200393
-0.141431 -0.498918 0.199403
-0.191166 -0.492313 0.194621
-0.240902 -0.485709 0.189840
-0.290637 -0.479104 0.185058
-0.340372 -0.472499 0.180276
-0.390108 -0.465894 0.175495
-0.440790 -0.459164 0.170622
-0.491473 -0.452433 0.165749
-0.457844 -0.445703 0.160877
-0.407161 -0.438972 0.156004
-0.356479 -0.432241 0.151131
-0.305796 -0.425511 0.146259
-0.255113 -0.418780 0.141386
-0.204430 -0.412050 0.136513
-0.153748 -0.405319 0.131641
-0.103065 -0.398589 0.126768
-0.051452 -0.391735 0.121806
0.000161 -0.384881 0.116844
0.051774 -0.378027 0.111881
0.103387 -0.371173 0.106919
0.155000 -0.364319 0.101957
0.206612 -0.357465 0.096995
0.258225 -0.350611 0.092033
0.309838 -0.343757 0.087071
0.361451 -0.336903 0.082108
0.413064 -0.330049 0.077146
0.465590 -0.323074 0.072096
0.481884 -0.316099 0.067046
0.429357 -0.309124 0.061996
0.376831 -0.302148 0.056946
0.324305 -0.295173 0.051897
0.271778 -0.288198 0.046847
0.219252 -0.281223 0.041797
0.166726 -0.274247 0.036747
0.114199 -0.267272 0.031697
0.061673 -0.260297 0.026647
0.008248 -0.253203 0.021510
-0.045176 -0.246108 0.016374
-0.098600 -0.239013 0.011238
-0.152025 -0.231919 0.006102
-0.205449 -0.224824 0.000965
-0.258874 -0.217730 -0.004171
-0.312298 -0.210635 -0.009307
-0.365722 -0.203540 -0.014444
-0.419146 -0.196446 -0.019580
-0.472571 -0.189351 -0.024716
-0.496277 -0.126026 0.011576
-0.480016 -0.062701 0.047868
-0.456309 0.000624 0.084161
-0.432602 0.063950 0.120453
-0.408895 0.127275 0.156745
-0.385188 0.190600 0.193037
-0.361481 0.253925 0.229329
-0.337775 0.317250 0.265622
-0.314068 0.380576 0.301914
-0.290361 0.443901 0.338206
-0.266275 0.508239 0.375079
-0.242188 0.572578 0.411952
-0.218102 0.636916 0.448825
-0.194016 0.701254 0.485697
-0.169930 0.765593 0.477430
-0.145843 0.759850 0.440557
-0.121757 0.695511 0.403684
-0.097671 0.631173 0.366811
-0.073585 0.566834 0.329938
-0.049498 0.502496 0.293065
-0.025039 0.437160 0.255620
-0.000579 0.371824 0.218176
0.023881 0.306488 0.180731
0.048340 0.241152 0.143286
0.072800 0.175816 0.105842
0.097260 0.110480 0.068397
0.121720 0.045144 0.030952
0.146179 -0.020192 -0.006492
0.170639 -0.085528 -0.043937
0.195099 -0.150864 -0.081382
0.219926 -0.217183 -0.119389
0.244754 -0.283502 -0.157397
0.269581 -0.349820 -0.195405
0.294409 -0.416139 -0.233413
0.319236 -0.482457 -0.271420
0.344063 -0.451224 -0.309428
0.368891 -0.384906 -0.347436
0.393718 -0.318587 -0.385444
0.418546 -0.252269 -0.423452
0.443373 -0.185950 -0.461459
0.468563 -0.118663 -0.499978
0.493753 -0.051377 -0.461415
0.481057 0.015910 -0.422853
0.455866 0.083197 -0.384290
0.430676 0.150484 -0.345727
0.405486 0.217771 -0.307164
0.380296 0.285057 -0.268602
0.355106 0.352344 -0.230039
0.329916 0.419631 -0.191476
0.304726 0.486918 -0.152914
0.279178 0.555159 -0.113804
0.253631 0.623400 -0.074695
0.228084 0.691642 -0.035585
0.202536 0.759883 0.003525
0.176989 0.828125 0.042634
0.151442 0.896366 0.081744
0.125894 0.964607 0.120854
0.100347 0.906015 0.159963
0.074800 0.837774 0.199073
0.049252 0.769533 0.238182
0.023352 0.700350 0.277831
-0.002547 0.631168 0.317481
-0.028447 0.561985 0.357130
-0.054347 0.492803 0.396779
-0.080246 0.423620 0.436428
-0.106146 0.354437 0.476077
-0.132046 0.285255 0.484274
-0.157946 0.216072 0.444625
-0.183845 0.146890 0.404976
-0.209745 0.077707 0.365327
-0.235992 0.007596 0.325146
-0.262240 -0.062515 0.284965
-0.288487 -0.132627 0.244784
-0.314735 -0.202738 0.204602
-0.340982 -0.272849 0.164421
-0.367230 -0.342960 0.124240
-0.384289 -0.379908 0.092846
-0.364596 -0.284202 0.096605
-0.344904 -0.188497 0.100364
-0.325211 -0.092791 0.104122
-0.305261 0.004166 0.107930
-0.285310 0.101122 0.111738
-0.265360 0.198079 0.115546
-0.245410 0.295036 0.119353
-0.225460 0.391993 0.123161
-0.205509 0.488950 0.126969
-0.185559 0.585906 0.130777
-0.165609 0.682863 0.134585
-0.145658 0.779819 0.138393
-0.125708 0.876776 0.142200
-0.105504 0.974968 0.146057
-0.085299 1.073159 0.149913
-0.065095 1.024624 0.153769
-0.044891 0.926432 0.157625
-0.024686 0.828240 0.161482
-0.004482 0.730048 0.165338
0.015723 0.631856 0.169194
0.035927 0.533664 0.173051
0.056131 0.435472 0.176907
0.076336 0.337279 0.180763
0.096791 0.237868 0.184667
0.117247 0.138456 0.188572
0.137702 0.039044 0.192476
0.158157 -0.060368 0.196380
0.178613 -0.159779 0.200284
0.199068 -0.259191 0.204189
0.219524 -0.358603 0.208093
0.239979 -0.458015 0.211997
0.260435 -0.442573 0.215901
0.280890 -0.343161 0.219806
0.301593 -0.242544 0.223757
0.322297 -0.141928 0.227709
0.343000 -0.041311 0.231660
0.363703 0.059306 0.235612
0.384407 0.159923 0.239563
0.405110 0.260540 0.243515
0.425814 0.361157 0.247466
0.446517 0.461773 0.251418
0.467220 0.562390 0.255369
0.487924 0.663007 0.259321
0.491128 0.764815 0.263319
0.470180 0.866622 0.267317
0.449231 0.968430 0.271315
0.428283 1.028223 0.275314
0.407335 0.926415 0.279312
0.386386 0.824608 0.283310
0.365438 0.722800 0.287309
0.344490 0.620992 0.291307
0.323541 0.519184 0.295305
0.302593 0.417377 0.299303
0.281402 0.314392 0.303348
0.260212 0.211408 0.307392
0.239021 0.108423 0.311437
0.217830 0.005438 0.315481
0.196640 -0.097546 0.319526
0.115311 -0.135834 0.319736
0.008207 -0.146395 0.318302
-0.098896 -0.156956 0.316869
-0.205999 -0.167517 0.315435
-0.313102 -0.178079 0.314002
-0.421416 -0.188759 0.312552
-0.470270 -0.199439 0.311102
-0.361957 -0.210120 0.309653
-0.288090 -0.228457 0.317918
-0.352008 -0.277420 0.365041
-0.415926 -0.326384 0.412165
-0.479844 -0.375348 0.459288
-0.456237 -0.424312 0.493588
-0.392319 -0.473275 0.446465
-0.328401 -0.477761 0.399342
-0.263776 -0.428256 0.351697
-0.199152 -0.378752 0.304053
-0.134527 -0.329247 0.256409
-0.069903 -0.279742 0.208765
-0.005278 -0.230238 0.161121
0.059346 -0.180733 0.113477
0.123971 -0.131228 0.065833
0.188596 -0.081724 0.018189
0.253220 -0.032219 -0.029455
0.317845 0.017286 -0.077099
0.383168 0.067325 -0.125258
0.448491 0.117365 -0.173417
0.486186 0.167405 -0.221576
0.420863 0.217445 -0.269735
0.355540 0.267485 -0.317894
0.290217 0.317525 -0.366053
0.224893 0.367565 -0.414212
0.159570 0.417605 -0.462371
0.094247 0.467645 -0.489470
0.028924 0.517684 -0.441311
-0.037091 0.568254 -0.392642
-0.103105 0.618823 -0.343973
-0.169120 0.669392 -0.295305
-0.235135 0.719961 -0.246636
-0.301149 0.770530 -0.197967
-0.367164 0.821099 -0.149299
-0.433178 0.871669 -0.100630
-0.499193 0.922238 -0.051961
-0.434793 0.972807 -0.003293
-0.368778 1.023376 0.045376
-0.302080 1.074470 0.094549
-0.235381 1.125563 0.143722
-0.168683 1.176656 0.192895
-0.101984 1.227749 0.242068
-0.035285 1.278842 0.291241
0.031413 1.329935 0.340414
0.098112 1.381028 0.389587
0.164811 1.425540 0.438760
0.231509 1.374447 0.487933
0.298208 1.323354 0.462894
0.365584 1.271742 0.413222
0.432959 1.220131 0.363549
0.499665 1.168519 0.313877
0.432289 1.116907 0.264204
0.364913 1.065296 0.214532
0.297537 1.013684 0.164860
0.230161 0.962072 0.115187
0.162785 0.910460 0.065515
0.095410 0.858847 0.015843
0.028034 0.807235 -0.033830
-0.040012 0.755109 -0.083996
-0.108059 0.702983 -0.134163
-0.176105 0.650857 -0.184329
-0.244151 0.598731 -0.234496
-0.312197 0.546605 -0.284662
-0.380243 0.494479 -0.334829
-0.448289 0.442353 -0.384995
-0.483664 0.390227 -0.435162
-0.415618 0.338102 -0.485328
-0.347572 0.285976 -0.464505
-0.278862 0.233342 -0.413849
-0.210152 0.180707 -0.363193
-0.155730 0.139387 -0.322410
-0.229904 0.199891 -0.370476
-0.304078 0.260395 -0.418543
-0.378252 0.320900 -0.466610
-0.452426 0.381404 -0.485324
-0.473399 0.441908 -0.437257
-0.399225 0.502413 -0.389190
-0.325051 0.562917 -0.341124
-0.250168 0.624000 -0.292597
-0.175284 0.685084 -0.244071
-0.100400 0.746167 -0.195544
-0.025516 0.807251 -0.147017
0.049368 0.868334 -0.098491
0.124252 0.929417 -0.049964
0.199136 0.990501 -0.001437
0.274019 1.051584 0.047089
0.348903 1.112667 0.095616
0.423787 1.173750 0.144142
0.499374 1.235407 0.193125
0.425039 1.297064 0.242107
0.349452 1.358722 0.291089
0.273865 1.420379 0.340071
0.198278 1.482037 0.389053
0.122691 1.543694 0.438036
0.047104 1.574077 0.487018
-0.028483 1.512420 0.464000
-0.104070 1.450763 0.415018
-0.179657 1.389105 0.366036
-0.255941 1.326880 0.316602
-0.332224 1.264655 0.267168
-0.408508 1.202431 0.217734
-0.484792 1.140206 0.168301
-0.438924 1.077981 0.118867
-0.362640 1.015756 0.069433
-0.286357 0.953531 0.020000
-0.210073 0.891306 -0.029434
-0.133789 0.829081 -0.078868
-0.057506 0.766857 -0.128302
0.019469 0.704068 -0.178183
0.096443 0.641280 -0.228064
0.173417 0.578492 -0.277945
0.250391 0.515704 -0.327826
0.327365 0.452916 -0.377707
0.404339 0.390128 -0.427588
0.481313 0.327340 -0.477469
0.441713 0.264552 -0.472650
0.364739 0.201763 -0.422769
0.287765 0.138975 -0.372888
0.210107 0.075629 -0.322564
0.132449 0.012282 -0.272239
0.054790 -0.051064 -0.221915
-0.022868 -0.114411 -0.171590
-0.100526 -0.177757 -0.121266
-0.178184 -0.241104 -0.070941
-0.255843 -0.304450 -0.020617
-0.333501 -0.367796 0.029708
-0.411159 -0.431143 0.080032
-0.488818 -0.494489 0.130357
-0.432846 -0.441611 0.181121
-0.354509 -0.377712 0.231885
-0.276173 -0.313812 0.282649
-0.197836 -0.249912 0.333413
-0.119500 -0.186012 0.384177
-0.041163 -0.122113 0.434941
0.037173 -0.058213 0.485705
0.115510 0.005686 0.463530
0.193846 0.069586 0.412766
0.272183 0.133486 0.362002
0.351192 0.197934 0.310802
0.430201 0.262382 0.259603
0.490790 0.326830 0.208403
0.411782 0.391278 0.157203
0.332773 0.455726 0.106003
0.253764 0.520175 0.054803
0.174755 0.584623 0.003604
0.095746 0.649071 -0.047596
0.016737 0.713519 -0.098796
-0.062272 0.777967 -0.149996
-0.141948 0.842959 -0.201627
-0.221623 0.907952 -0.253259
-0.301299 0.972944 -0.304891
-0.380975 1.037936 -0.356523
-0.460650 1.102928 -0.408155
-0.459674 1.167919 -0.459787
-0.379999 1.232911 -0.488581
-0.300323 1.297903 -0.436949
-0.220647 1.362895 -0.385317
-0.140972 1.427886 -0.333685
-0.060635 1.493418 -0.281625
0.019702 1.558950 -0.229565
0.100039 1.624481 -0.177505
0.180376 1.690013 -0.125444
0.260713 1.755545 -0.073384
0.341050 1.821077 -0.021324
0.421387 1.817014 0.030737
0.498276 1.751482 0.082797
0.417939 1.685950 0.134857
0.337602 1.620419 0.186918
0.256610 1.554353 0.239403
0.175617 1.488287 0.291888
0.094624 1.422221 0.344373
0.013632 1.356155 0.396858
-0.067361 1.290090 0.449344
-0.148354 1.224024 0.498171
-0.229346 1.157958 0.445686
-0.310339 1.091892 0.393201
-0.391332 1.025826 0.340716
-0.472324 0.959760 0.288230
-0.446033 0.893163 0.235324
-0.364389 0.826567 0.182417
-0.282746 0.759970 0.129510
-0.201103 0.693373 0.076603
-0.119460 0.626776 0.023696
-0.037816 0.560179 -0.029211
0.043827 0.493582 -0.082118
0.125470 0.426985 -0.135025
0.207113 0.360388 -0.187931
0.288757 0.293792 -0.240838
0.351838 0.240715 -0.282383
0.242048 0.314062 -0.217904
0.132259 0.387408 -0.153425
0.022470 0.460755 -0.088945
-0.087319 0.534101 -0.024466
-0.197108 0.607448 0.040013
-0.306897 0.680794 0.104492
-0.416686 0.754141 0.168971
-0.473525 0.827487 0.233450
-0.363736 0.900834 0.297929
-0.253092 0.974750 0.362910
-0.142449 1.048667 0.427891
-0.031805 1.122584 0.492872
0.078838 1.196501 0.442147
0.189481 1.270418 0.377166
0.300125 1.344335 0.312185
0.410768 1.418252 0.247204
0.478588 1.492169 0.182223
0.367945 1.566086 0.117242
0.257301 1.640003 0.052261
0.145810 1.714486 -0.013218
0.034318 1.788969 -0.078697
-0.077173 1.863452 -0.144176
-0.188664 1.915270 -0.209655
-0.300156 1.840787 -0.275134
-0.411647 1.766304 -0.340613
-0.476862 1.691820 -0.406092
-0.365370 1.617337 -0.471571
-0.253879 1.542854 -0.462950
-0.142387 1.468371 -0.397471
-0.030055 1.393325 -0.331498
0.082278 1.318279 -0.265525
0.194611 1.243233 -0.199552
0.306944 1.168188 -0.133579
0.419276 1.093142 -0.067606
0.468391 1.018096 -0.001633
0.356058 0.943050 0.064341
0.243726 0.868004 0.130314
0.131393 0.792958 0.196287
0.019060 0.717913 0.262260
-0.094108 0.642309 0.328724
-0.207276 0.566705 0.395187
-0.320444 0.491102 0.461651
-0.433612 0.415498 0.471886
-0.453220 0.339894 0.405422
-0.340052 0.264290 0.338958
-0.226884 0.188687 0.272495
-0.113716 0.113083 0.206031
-0.000548 0.037479 0.139567
0.112620 -0.038125 0.073104
0.226617 -0.114282 0.006153
0.340614 -0.190440 -0.060797
0.454611 -0.266597 -0.127748
0.431392 -0.342755 -0.194699
0.317394 -0.418913 -0.261649
0.203397 -0.495071 -0.328600
0.089400 -0.428772 -0.395551
-0.024597 -0.352614 -0.462501
-0.138594 -0.276456 -0.470548
-0.252591 -0.200298 -0.403598
-0.367411 -0.123591 -0.336164
-0.482231 -0.046883 -0.268730
-0.402948 0.029824 -0.201296
-0.288128 0.106532 -0.133862
-0.173308 0.183239 -0.066428
-0.058488 0.259946 0.001006
0.056332 0.336654 0.068440
0.171153 0.413362 0.135874
0.285973 0.490069 0.203308
0.400793 0.566777 0.270742
0.483569 0.644030 0.338656
0.367932 0.721284 0.406570
0.252294 0.798538 0.474484
0.136657 0.875791 0.457602
0.021020 0.953045 0.389689
-0.094618 1.030298 0.321775
-0.210255 1.107552 0.253861
-0.325893 1.184806 0.185947
-0.441530 1.262059 0.118033
-0.442833 1.339313 0.050119
-0.326384 1.417109 -0.018271
-0.209935 1.494905 -0.086662
-0.093486 1.572701 -0.155052
0.022963 1.650497 -0.223443
0.139412 1.728293 -0.291833
0.255861 1.806089 -0.360224
0.372310 1.883885 -0.428614
0.488759 1.961681 -0.497004
0.394792 2.039476 -0.434605
0.278343 2.117272 -0.366215
0.161088 2.195607 -0.297351
0.043834 2.273942 -0.228487
-0.073421 2.352277 -0.159623
-0.190676 2.410860 -0.090759
-0.307931 2.332525 -0.021896
-0.425185 2.254190 0.046968
-0.457560 2.175856 0.115832
-0.340305 2.097521 0.184696
-0.223050 2.019186 0.253560
-0.105795 1.940852 0.322423
0.012260 1.861983 0.391757
0.130315 1.783114 0.461091
0.248370 1.704246 0.469575
0.366425 1.625377 0.400241
0.484480 1.546508 0.330907
0.397465 1.467639 0.261573
0.279410 1.388770 0.192239
0.161354 1.309901 0.122905
0.043299 1.231032 0.053571
-0.074756 1.152164 -0.015762
-0.193606 1.072764 -0.085563
-0.312456 0.993365 -0.155364
-0.431306 0.913965 -0.225165
-0.306280 0.926292 -0.265457
-0.120284 0.961550 -0.298372
0.065712 0.996809 -0.331287
0.251707 1.032067 -0.364202
0.437703 1.067326 -0.397118
0.376301 1.102584 -0.430033
0.190306 1.137843 -0.462948
0.003074 1.173335 -0.496082
-0.184158 1.208827 -0.470784
-0.371389 1.244319 -0.437650
-0.441379 1.279812 -0.404516
-0.254148 1.315304 -0.371382
-0.066916 1.350796 -0.338248
0.120316 1.386288 -0.305115
0.307547 1.421780 -0.271981
0.494779 1.457272 -0.238847
0.317989 1.492765 -0.205713
0.129530 1.528490 -0.172362
-0.058929 1.564216 -0.139011
-0.247389 1.599942 -0.105660
-0.435848 1.635668 -0.072309
-0.375692 1.671394 -0.038958
-0.187233 1.707120 -0.005607
0.001227 1.742845 0.027745
0.189686 1.778571 0.061096
0.378145 1.814297 0.094447
0.433395 1.850023 0.127798
0.243716 1.885980 0.161365
0.054037 1.921937 0.194932
-0.135643 1.957894 0.228499
-0.325322 1.993851 0.262066
-0.484999 2.029807 0.295633
-0.295320 2.065763 0.329200
-0.105640 2.101719 0.362766
0.084039 2.137675 0.396333
0.273718 2.173631 0.429900
0.463397 2.209587 0.463467
0.345711 2.245774 0.497249
0.154820 2.281961 0.468970
-0.036071 2.318148 0.435188
-0.226963 2.354336 0.401407
-0.417854 2.390523 0.367625
-0.391255 2.426710 0.333844
-0.200364 2.462897 0.300062
-0.009472 2.499084 0.266280
0.181419 2.535271 0.232499
0.372310 2.571459 0.198718
0.435594 2.607872 0.164723
0.243498 2.644286 0.130728
0.051403 2.680700 0.096734
-0.140693 2.717113 0.062739
-0.332788 2.753527 0.028745
-0.475116 2.789941 -0.005250
-0.283020 2.826354 -0.039244
-0.090925 2.862768 -0.073239
0.101171 2.899182 -0.107233
0.293267 2.935595 -0.141228
0.486559 2.972238 -0.175434
0.320148 2.968115 -0.209641
0.126856 2.922850 -0.243847
-0.066437 2.886207 -0.278054
-0.259729 2.849565 -0.312260
-0.453022 2.812922 -0.346467
-0.353686 2.776280 -0.380673
-0.160393 2.739637 -0.414880
0.032899 2.702995 -0.449086
0.226192 2.666352 -0.483293
0.420674 2.629485 -0.482290
0.384845 2.592619 -0.447873
0.190363 2.555752 -0.413457
-0.004119 2.518885 -0.379040
-0.198601 2.482019 -0.344623
-0.393083 2.445152 -0.310206
-0.412435 2.408285 -0.275789
-0.217953 2.371419 -0.241372
-0.023471 2.334552 -0.206955
0.171011 2.297685 -0.172538
0.366675 2.260595 -0.137912
0.437660 2.223504 -0.103286
0.241996 2.186413 -0.068660
0.046332 2.149322 -0.034034
-0.149332 2.112231 0.000592
-0.344997 2.075141 0.035219
-0.459339 2.038050 0.069845
-0.263675 2.000959 0.104471
-0.068011 1.963868 0.139097
0.127654 1.926778 0.173723
0.324493 1.889464 0.208557
0.478667 1.852150 0.243391
0.281828 1.814837 0.278225
0.084988 1.777523 0.313060
-0.111851 1.740209 0.347894
-0.308691 1.702895 0.382728
-0.494470 1.665582 0.417562
-0.297630 1.628268 0.452396
-0.100791 1.590954 0.487230
0.096049 1.553641 0.477936
0.294056 1.516105 0.442895
0.492064 1.478570 0.407854
0.309929 1.441034 0.372814
0.111921 1.403499 0.337773
-0.086087 1.365963 0.302732
-0.284094 1.328428 0.267691
-0.482102 1.290893 0.232651
-0.319891 1.253357 0.197610
-0.121883 1.215822 0.162569
0.076125 1.178286 0.127528
0.275294 1.140530 0.092282
0.474463 1.102774 0.057036
0.326368 1.065018 0.021789
0.127199 1.027262 -0.013457
-0.071970 0.989507 -0.048703
-0.271139 0.951751 -0.083950
-0.470308 0.913996 -0.119196
-0.330524 0.876241 -0.154442
-0.131355 0.838485 -0.189689
0.067814 0.800730 -0.224935
0.268138 0.762755 -0.260386
0.468462 0.724780 -0.295836
0.331214 0.686806 -0.331287
0.130891 0.648831 -0.366738
-0.069433 0.610856 -0.402189
-0.269756 0.572882 -0.437639
-0.470080 0.534907 -0.473090
-0.329596 0.496932 -0.491459
-0.129272 0.458958 -0.456008
0.071051 0.420983 -0.420558
0.272523 0.382791 -0.384904
0.473995 0.344599 -0.349250
0.324534 0.306406 -0.313597
0.123062 0.268214 -0.277943
-0.078410 0.230022 -0.242289
-0.279881 0.191830 -0.206635
-0.481353 0.153638 -0.170981
-0.317175 0.115446 -0.135328
-0.115704 0.077254 -0.099674
0.085768 0.039061 -0.064020
0.288381 0.000653 -0.028164
0.490994 -0.037756 0.007692
0.306392 -0.076164 0.043548
0.103779 -0.114573 0.079403
-0.098834 -0.152981 0.115259
-0.301447 -0.191390 0.151115
-0.495940 -0.229798 0.186971
-0.293327 -0.268207 0.222827
-0.090713 -0.306615 0.258682
0.111900 -0.345024 0.294538
0.315648 -0.383648 0.330595
0.480604 -0.422272 0.366651
0.276855 -0.460895 0.402708
0.073107 -0.499519 0.438765
-0.130641 -0.461857 0.474821
-0.334389 -0.423233 0.489122
-0.461862 -0.384609 0.453065
-0.258114 -0.345986 0.417009
-0.054366 -0.307362 0.380952
0.149382 -0.268738 0.344896
0.354259 -0.229900 0.308639
0.440864 -0.191063 0.272383
0.235987 -0.152225 0.236127
0.031110 -0.113387 0.199870
-0.173767 -0.074550 0.163614
-0.378644 -0.035712 0.127357
-0.416479 0.003126 0.091101
-0.211602 0.041963 0.054844
-0.006725 0.080801 0.018588
0.198152 0.119639 -0.017669
0.404152 0.158689 -0.054124
0.389848 0.197739 -0.090579
0.183849 0.236790 -0.127034
-0.022151 0.275840 -0.163489
-0.228150 0.314891 -0.199944
-0.434150 0.353942 -0.236399
-0.359850 0.392992 -0.272854
-0.153851 0.432043 -0.309310
0.052149 0.471093 -0.345765
0.258149 0.510144 -0.382220
0.465265 0.549406 -0.418872
0.327619 0.588668 -0.455525
0.120502 0.627930 -0.492178
-0.086614 0.667193 -0.471170
-0.293730 0.706455 -0.434517
-0.499154 0.745717 -0.397864
-0.292037 0.784979 -0.361211
-0.084921 0.824241 -0.324559
0.122195 0.863503 -0.287906
0.329311 0.902766 -0.251253
0.462462 0.942238 -0.214404
0.254235 0.981711 -0.177555
0.046008 1.021183 -0.140706
-0.162218 1.060656 -0.103857
-0.370445 1.100129 -0.067007
-0.421328 1.139601 -0.030158
-0.213101 1.179074 0.006691
-0.004875 1.218546 0.043540
0.203352 1.258019 0.080390
0.411579 1.297491 0.117239
0.379090 1.337174 0.154284
0.169758 1.376856 0.191328
-0.039573 1.416539 0.228373
-0.248905 1.456221 0.265418
-0.458236 1.495903 0.302462
-0.332432 1.535586 0.339507
-0.123101 1.575268 0.376552
0.086231 1.614951 0.413596
0.295562 1.654633 0.450641
0.495107 1.694315 0.487685
0.284676 1.734205 0.475075
0.074246 1.774095 0.437836
-0.136184 1.813985 0.400597
-0.346615 1.853875 0.363358
-0.442955 1.893764 0.326119
-0.232525 1.933654 0.288880
-0.022094 1.973544 0.251640
0.188336 2.013434 0.214401
0.398766 2.053324 0.177162
0.390803 2.093214 0.139923
0.179280 2.133311 0.102490
-0.032244 2.173408 0.065058
-0.243767 2.213505 0.027625
-0.455290 2.253603 -0.009808
-0.333186 2.293700 -0.047240
-0.121663 2.333797 -0.084673
0.089861 2.373894 -0.122106
0.301384 2.413991 -0.159538
0.487092 2.454089 -0.196971
0.275569 2.494186 -0.234404
0.062958 2.534491 -0.272029
-0.149653 2.574795 -0.309654
-0.362264 2.615100 -0.347279
-0.425125 2.655405 -0.384904
-0.212514 2.695709 -0.422529
0.000097 2.736014 -0.460154
0.212708 2.776319 -0.497779
0.425319 2.816623 -0.464595
0.362070 2.856928 -0.426970
0.149459 2.897233 -0.389345
-0.064234 2.937742 -0.351529
-0.277927 2.978252 -0.313712
-0.491620 3.018762 -0.275896
-0.294687 3.059271 -0.238079
-0.080994 3.099781 -0.200263
0.132699 3.140291 -0.162446
0.346392 3.180800 -0.124629
0.439915 3.221310 -0.086813
0.226222 3.261820 -0.048996
0.012529 3.302330 -0.011180
-0.202240 3.343042 0.026827
-0.417010 3.383754 0.064834
-0.368221 3.424467 0.102841
-0.153451 3.465179 0.140849
0.061319 3.505891 0.178856
0.276088 3.497087 0.216863
0.490858 3.456374 0.254870
0.294373 3.415662 0.292877
0.079603 3.374949 0.330884
-0.135166 3.334237 0.368891
-0.351007 3.293322 0.407088
-0.433153 3.252407 0.445285
-0.217312 3.211492 0.483481
-0.001471 3.170577 0.478322
0.214369 3.129662 0.440125
0.430210 3.088747 0.401928
0.353949 3.047832 0.363732
0.138109 3.006917 0.325535
-0.077732 2.966002 0.287338
