0.092827 0.190492 0.395750
0.090378 0.197444 0.420495
0.087929 0.204396 0.445241
0.085480 0.177216 0.469986
0.083031 0.012711 0.494732
0.080581 -0.136290 0.480523
0.093149 -0.223809 0.485446
0.093170 -0.277599 0.479692
0.114833 -0.304344 0.495831
0.138960 -0.338563 0.487188
0.122631 -0.364531 0.464899
0.095177 -0.374782 0.431076
0.067722 -0.396463 0.397254
0.041177 -0.432139 0.384066
0.012864 -0.449925 0.369878
0.032381 -0.453343 0.358853
0.051897 -0.456761 0.347827
0.071414 -0.460180 0.336801
0.064548 -0.458685 0.341485
0.046376 -0.455085 0.352902
0.028203 -0.451485 0.364318
0.007220 -0.447327 0.377502
-0.013764 -0.443170 0.390685
-0.034747 -0.439013 0.403868
-0.055731 -0.434856 0.417051
-0.076715 -0.430699 0.430234
-0.097698 -0.426542 0.443417
-0.118682 -0.422385 0.456600
-0.139665 -0.418228 0.469783
-0.160649 -0.414070 0.482966
-0.181632 -0.409913 0.496149
-0.205093 -0.405266 0.489112
-0.228553 -0.400618 0.474373
-0.252014 -0.395970 0.459634
-0.275474 -0.391323 0.444895
-0.298934 -0.386675 0.430156
-0.322395 -0.382027 0.415417
-0.345855 -0.377380 0.400678
-0.369315 -0.372732 0.385939
-0.392776 -0.368084 0.371200
-0.416236 -0.363437 0.356461
-0.441936 -0.358345 0.340315
-0.467635 -0.353254 0.324169
-0.493335 -0.348162 0.308023
-0.480966 -0.343071 0.291878
-0.455267 -0.337979 0.275732
-0.429567 -0.332888 0.259586
-0.403868 -0.327797 0.243441
-0.378168 -0.322705 0.227295
-0.352469 -0.317614 0.211149
-0.326769 -0.312522 0.195003
-0.299011 -0.307023 0.177564
-0.271252 -0.301524 0.160124
-0.243493 -0.296025 0.142685
-0.215734 -0.290526 0.125245
-0.187976 -0.285027 0.107806
-0.160217 -0.279528 0.090366
-0.132459 -0.274028 0.072927
-0.104700 -0.268529 0.055488
-0.076941 -0.263030 0.038048
-0.049183 -0.257531 0.020609
-0.019507 -0.251652 0.001965
0.010168 -0.245773 -0.016678
0.039843 -0.239894 -0.035322
0.069518 -0.234015 -0.053966
0.099194 -0.228136 -0.072609
0.128869 -0.222258 -0.091253
0.158544 -0.216379 -0.109896
0.188219 -0.210500 -0.128540
0.217895 -0.204621 -0.147184
0.247570 -0.198742 -0.165827
0.279045 -0.192506 -0.185602
0.310521 -0.186271 -0.205376
0.341996 -0.180035 -0.225150
0.373471 -0.173800 -0.244925
0.404947 -0.167564 -0.264699
0.436422 -0.161328 -0.284474
0.467898 -0.155093 -0.304248
0.499373 -0.148857 -0.324023
0.469151 -0.152084 -0.343797
0.437676 -0.158320 -0.363571
0.404498 -0.164893 -0.384416
0.371320 -0.171466 -0.405260
0.338142 -0.178038 -0.426104
0.304964 -0.184611 -0.446948
0.271786 -0.191184 -0.467792
0.238608 -0.197757 -0.488636
0.205430 -0.204330 -0.490520
0.172252 -0.210903 -0.469676
0.139074 -0.217476 -0.448832
0.105896 -0.224049 -0.427988
0.071099 -0.230942 -0.406127
0.036302 -0.237836 -0.384265
0.001504 -0.244729 -0.362404
-0.033293 -0.251623 -0.340542
-0.068090 -0.258517 -0.318681
-0.102888 -0.265410 -0.296819
-0.137685 -0.272304 -0.274958
-0.172482 -0.279197 -0.253096
-0.207280 -0.286091 -0.231235
-0.242077 -0.292984 -0.209373
-0.278422 -0.300185 -0.186539
-0.314766 -0.307385 -0.163706
-0.351111 -0.314585 -0.140872
-0.387455 -0.321785 -0.118039
-0.423800 -0.328986 -0.095205
-0.460144 -0.336186 -0.072371
-0.496489 -0.343386 -0.049538
-0.467167 -0.350586 -0.026704
-0.430822 -0.357787 -0.003870
-0.394478 -0.364987 0.018963
-0.356649 -0.372481 0.042729
-0.318820 -0.379975 0.066495
-0.280992 -0.387469 0.090261
-0.243163 -0.394963 0.114027
-0.205334 -0.402457 0.137793
-0.167506 -0.409951 0.161559
-0.129677 -0.417446 0.185325
-0.091848 -0.424940 0.209091
-0.054020 -0.432434 0.232857
-0.016191 -0.439928 0.256623
0.023066 -0.447705 0.281286
0.062322 -0.455482 0.305950
0.101579 -0.463259 0.330613
0.140836 -0.471037 0.355276
0.180092 -0.478814 0.379939
0.219349 -0.486591 0.404602
0.258606 -0.494368 0.429266
0.297863 -0.497854 0.453929
0.337119 -0.490077 0.478592
0.376376 -0.482300 0.496745
0.417011 -0.474250 0.471216
0.457645 -0.466200 0.445687
0.498280 -0.458150 0.420159
0.461085 -0.450100 0.394630
0.420451 -0.442051 0.369101
0.379816 -0.434001 0.343573
0.339182 -0.425951 0.318044
0.298547 -0.417901 0.292515
0.257913 -0.409851 0.266987
0.217278 -0.401801 0.241458
0.175311 -0.393487 0.215092
0.133344 -0.385173 0.188726
0.091377 -0.376859 0.162360
0.049409 -0.368545 0.135994
0.007442 -0.360231 0.109628
-0.034525 -0.351917 0.083262
-0.076492 -0.343603 0.056896
-0.118459 -0.335289 0.030530
-0.160426 -0.326975 0.004164
-0.202393 -0.318661 -0.022202
-0.245652 -0.310091 -0.049379
-0.288911 -0.301522 -0.076557
-0.332169 -0.292952 -0.103734
-0.375428 -0.284382 -0.130911
-0.418687 -0.275812 -0.158089
-0.461945 -0.267242 -0.185266
-0.494796 -0.258672 -0.212444
-0.451537 -0.250102 -0.239621
-0.408279 -0.241532 -0.266799
-0.365020 -0.232962 -0.293976
-0.320507 -0.224144 -0.321941
-0.275994 -0.215325 -0.349907
-0.231482 -0.206507 -0.377872
-0.186969 -0.197688 -0.405837
-0.142456 -0.188870 -0.433803
-0.097943 -0.180052 -0.461768
-0.053430 -0.171233 -0.489733
-0.008917 -0.162415 -0.482301
0.035596 -0.153597 -0.454336
0.080109 -0.144778 -0.426371
0.125841 -0.135718 -0.397639
0.171574 -0.126658 -0.368908
0.217307 -0.117598 -0.340176
0.263039 -0.108538 -0.311445
0.308772 -0.099478 -0.282713
0.354505 -0.090418 -0.253982
0.400237 -0.081358 -0.225250
0.445970 -0.072298 -0.196518
0.491702 -0.063238 -0.167787
0.462565 -0.054178 -0.139055
0.415644 -0.044883 -0.109577
0.368724 -0.035588 -0.080099
0.321803 -0.026292 -0.050621
0.274882 -0.016997 -0.021143
0.227961 -0.007701 0.008335
0.181041 0.001594 0.037813
0.134120 0.010889 0.067292
0.087199 0.020185 0.096770
0.040279 0.029480 0.126248
-0.006642 0.038775 0.155726
-0.054721 0.048300 0.185932
-0.102801 0.057825 0.216138
-0.150880 0.067350 0.246344
-0.198960 0.076875 0.276550
-0.247039 0.086400 0.306756
-0.295118 0.095925 0.336962
-0.343198 0.105450 0.367168
-0.391277 0.114975 0.397374
-0.439357 0.124500 0.427581
-0.487436 0.134025 0.457787
-0.463353 0.143774 0.488704
-0.414142 0.153523 0.480379
-0.364931 0.163272 0.449463
-0.315721 0.173021 0.418546
-0.266510 0.182770 0.387629
-0.217299 0.192519 0.356712
-0.168088 0.202268 0.325795
-0.118877 0.212017 0.294878
-0.069667 0.221766 0.263961
-0.020456 0.231515 0.233044
0.029861 0.241484 0.201432
0.080178 0.251452 0.169821
0.130495 0.261420 0.138209
0.180812 0.271388 0.106598
0.231129 0.281357 0.074986
0.281445 0.291325 0.043374
0.331762 0.301293 0.011762
0.382079 0.311261 -0.019849
0.432396 0.321230 -0.051461
0.482712 0.331198 -0.083073
0.465888 0.341381 -0.115364
0.414489 0.351563 -0.147656
0.363090 0.361746 -0.179947
0.311691 0.371928 -0.212239
0.260292 0.382111 -0.244530
0.208893 0.392293 -0.276822
0.157494 0.402476 -0.309114
0.106095 0.412658 -0.341406
0.054696 0.422841 -0.373697
0.003297 0.433024 -0.405989
-0.049162 0.443416 -0.438946
-0.101621 0.453809 -0.471904
-0.154080 0.464202 -0.495139
-0.206539 0.474594 -0.462181
-0.258998 0.484987 -0.429224
-0.311457 0.495380 -0.396266
-0.363916 0.505772 -0.363309
-0.416375 0.516165 -0.330351
-0.468834 0.520459 -0.297394
-0.478707 0.501394 -0.264436
-0.425209 0.490796 -0.230826
-0.371712 0.480198 -0.197216
-0.318214 0.469599 -0.163606
-0.264716 0.459001 -0.129995
-0.211218 0.448403 -0.096385
-0.157720 0.437804 -0.062775
-0.104222 0.427206 -0.029165
-0.050725 0.416608 0.004445
0.002773 0.406009 0.038055
0.056271 0.395411 0.071665
0.110788 0.384611 0.105916
0.165305 0.373810 0.140166
0.219822 0.363010 0.174417
0.274339 0.352210 0.208667
0.328856 0.341409 0.242918
0.383372 0.330609 0.277168
0.403035 0.321072 0.285785
0.341371 0.314482 0.234593
0.279707 0.307893 0.183400
0.218043 0.301303 0.132207
0.155247 0.294593 0.080075
0.092452 0.287883 0.027943
0.029656 0.281172 -0.024189
-0.033139 0.274462 -0.076321
-0.095935 0.267752 -0.128453
-0.158730 0.261041 -0.180585
-0.221526 0.254331 -0.232718
-0.284321 0.247621 -0.284850
-0.347117 0.240910 -0.336982
-0.409913 0.234200 -0.389114
-0.473819 0.227371 -0.442169
-0.462274 0.220541 -0.495224
-0.398367 0.213712 -0.451721
-0.334460 0.206883 -0.398666
-0.270553 0.200054 -0.345611
-0.206646 0.193225 -0.292556
-0.142739 0.186395 -0.239501
-0.078832 0.179566 -0.186447
-0.014925 0.172737 -0.133392
0.048982 0.165908 -0.080337
0.113982 0.158962 -0.026375
0.178981 0.152016 0.027587
0.243981 0.145070 0.081549
0.308981 0.138124 0.135511
0.373980 0.131178 0.189473
0.438979 0.124233 0.243434
0.496021 0.117287 0.297396
0.431022 0.110341 0.351358
0.366022 0.103395 0.405320
0.301023 0.096449 0.459282
0.234949 0.089388 0.485864
0.168875 0.082327 0.431010
0.102801 0.075266 0.376157
0.036727 0.068206 0.321303
-0.029347 0.061145 0.266449
-0.095421 0.054084 0.211595
-0.161495 0.047023 0.156741
-0.227569 0.039963 0.101887
-0.293643 0.032902 0.047033
-0.359718 0.025841 -0.007820
-0.426849 0.018667 -0.063552
-0.493980 0.011494 -0.119284
-0.438889 0.004320 -0.175015
-0.371758 -0.002854 -0.230747
-0.304626 -0.010028 -0.286478
-0.237495 -0.017201 -0.342210
-0.170364 -0.024375 -0.397941
-0.103233 -0.031549 -0.453673
-0.036101 -0.038723 -0.490596
0.031030 -0.045896 -0.434864
0.099202 -0.053181 -0.378268
0.167374 -0.060466 -0.321672
0.235546 -0.067751 -0.265077
0.303718 -0.075036 -0.208481
0.371890 -0.082321 -0.151885
0.440063 -0.089606 -0.095290
0.491765 -0.096891 -0.038694
0.423593 -0.104176 0.017902
0.355421 -0.111461 0.074497
0.287248 -0.118746 0.131093
0.218051 -0.126140 0.188540
0.148854 -0.133535 0.245987
0.079657 -0.140929 0.303433
0.010459 -0.148324 0.360880
-0.058738 -0.155718 0.418327
-0.127935 -0.163113 0.475773
-0.148095 -0.151897 0.498309
-0.053834 -0.097256 0.454041
0.040427 -0.042615 0.406392
0.134688 0.012026 0.358742
0.230325 0.067465 0.310396
0.325962 0.122904 0.262051
0.421600 0.178343 0.213706
0.482763 0.233781 0.165360
0.387126 0.289220 0.117015
0.291489 0.344659 0.068670
0.195852 0.400098 0.020324
0.100215 0.455537 -0.028021
0.004577 0.510976 -0.076366
-0.091060 0.566415 -0.124711
-0.188054 0.622640 -0.173743
-0.285048 0.678865 -0.222774
-0.382041 0.735090 -0.271805
-0.479035 0.791315 -0.320836
-0.423971 0.847540 -0.369867
-0.326977 0.903765 -0.418898
-0.229984 0.959990 -0.467929
-0.132990 0.935106 -0.483040
-0.035996 0.878881 -0.434009
0.060998 0.822656 -0.384978
0.159330 0.765656 -0.335270
0.257661 0.708655 -0.285563
0.355993 0.651655 -0.235856
0.454325 0.594654 -0.186148
0.447343 0.537654 -0.136441
0.349011 0.480653 -0.086733
0.250679 0.423652 -0.037026
0.152348 0.366651 0.012681
0.054016 0.309650 0.062389
-0.044316 0.252650 0.112096
-0.143968 0.194884 0.162471
-0.243619 0.137118 0.212846
-0.343271 0.079352 0.263220
-0.442923 0.021586 0.313595
-0.457425 -0.036180 0.363969
-0.357774 -0.093946 0.414344
-0.258122 -0.151712 0.464719
-0.158470 -0.209477 0.484907
-0.058818 -0.267243 0.434532
0.040833 -0.325009 0.384158
0.141788 -0.383530 0.333125
0.242742 -0.442051 0.282091
0.343697 -0.499428 0.231058
0.444651 -0.440907 0.180025
0.454394 -0.382386 0.128992
0.353440 -0.323865 0.077959
0.252485 -0.265344 0.026925
0.151531 -0.206823 -0.024108
0.050577 -0.148302 -0.075141
-0.050378 -0.089781 -0.126174
-0.152618 -0.030514 -0.177858
-0.254859 0.028752 -0.229541
-0.357099 0.088019 -0.281224
-0.459340 0.147286 -0.332907
-0.438420 0.206552 -0.384591
-0.336179 0.265819 -0.436274
-0.233939 0.325085 -0.487957
-0.131699 0.384352 -0.460360
-0.029458 0.443619 -0.408677
0.072782 0.502885 -0.356993
0.176293 0.562888 -0.304668
0.279804 0.622891 -0.252343
0.383314 0.682894 -0.200017
0.486825 0.742897 -0.147692
0.409664 0.802899 -0.095366
0.306154 0.862902 -0.043041
0.202643 0.922905 0.009284
0.099133 0.982908 0.061610
-0.004378 1.017973 0.113935
-0.107889 0.957970 0.166260
-0.212654 0.897240 0.219220
-0.317419 0.836510 0.272180
-0.422185 0.775780 0.325139
-0.473050 0.715050 0.378099
-0.368285 0.654320 0.431059
-0.263520 0.593590 0.484018
-0.158754 0.532861 0.463022
-0.053989 0.472130 0.410063
0.050776 0.411400 0.357103
0.155542 0.350670 0.304143
0.261547 0.289221 0.250557
0.367552 0.227772 0.196971
0.473557 0.166323 0.143384
0.420438 0.104875 0.089798
0.339034 0.054384 0.046434
0.479039 0.102513 0.095070
0.380956 0.150643 0.143706
0.240951 0.198772 0.192342
0.100946 0.246902 0.240978
-0.039059 0.295031 0.289614
-0.180683 0.343717 0.338812
-0.322306 0.392403 0.388010
-0.463930 0.441089 0.437209
-0.394446 0.489775 0.486407
-0.252823 0.538461 0.464395
-0.111199 0.587148 0.415197
0.030425 0.635834 0.365998
-0.055823 0.632440 0.440428
-0.167390 0.623260 0.471405
-0.278957 0.614080 0.383239
-0.391785 0.604796 0.294077
-0.495387 0.595512 0.204914
-0.382560 0.586228 0.115751
-0.269732 0.576944 0.026589
-0.156904 0.567659 -0.062574
-0.044077 0.558375 -0.151736
0.068751 0.549091 -0.240899
0.181579 0.539807 -0.330062
0.294406 0.530523 -0.419224
0.407234 0.521239 -0.491613
0.478691 0.511852 -0.401465
0.364617 0.502465 -0.311318
0.250543 0.493078 -0.221170
0.136468 0.483691 -0.131022
0.022394 0.474305 -0.040874
-0.091681 0.464918 0.049274
-0.205755 0.455531 0.139422
-0.319829 0.446144 0.229570
-0.433904 0.436757 0.319717
-0.452022 0.427370 0.409865
-0.336714 0.417882 0.499012
-0.221407 0.408393 0.407890
-0.106099 0.398905 0.316768
0.009209 0.389417 0.225645
0.124517 0.379928 0.134523
0.239824 0.370440 0.043400
0.355132 0.360951 -0.047722
0.470439 0.351463 -0.138845
0.414253 0.341974 -0.229967
0.363815 0.319875 -0.263407
0.465809 0.267807 -0.161185
0.432197 0.215739 -0.058962
0.330204 0.163670 0.043261
0.228210 0.111602 0.145483
0.126216 0.059534 0.247706
0.024223 0.007465 0.349928
-0.077771 -0.044603 0.452151
-0.179765 -0.096672 0.445627
-0.281759 -0.148740 0.343404
-0.383752 -0.200808 0.241182
-0.486803 -0.253416 0.137900
-0.410146 -0.306024 0.034618
-0.307096 -0.358632 -0.068664
-0.204045 -0.411240 -0.171946
-0.100994 -0.463848 -0.275228
0.002056 -0.483544 -0.378510
0.105107 -0.430936 -0.481791
0.208158 -0.378328 -0.414927
0.311208 -0.325720 -0.311645
0.414259 -0.273112 -0.208363
0.481644 -0.219970 -0.104033
0.377547 -0.166828 0.000298
0.273450 -0.113686 0.104628
0.169354 -0.060544 0.208958
0.196091 0.017344 0.144870
0.278900 0.105837 0.008601
0.361709 0.194330 -0.127668
0.444518 0.282823 -0.263937
0.472673 0.371316 -0.400205
0.389864 0.459809 -0.463526
0.306231 0.549182 -0.325901
0.222598 0.638556 -0.188277
0.138965 0.727929 -0.050652
0.055331 0.817303 0.086973
-0.028302 0.906677 0.224597
-0.111935 0.996050 0.362222
-0.195568 1.085424 0.499847
-0.279201 1.174797 0.362529
-0.362834 1.264171 0.224904
-0.446467 1.353544 0.087279
-0.469084 1.443789 -0.051688
-0.384635 1.534034 -0.190655
-0.300186 1.587162 -0.329623
-0.215737 1.496917 -0.468590
-0.131288 1.406672 -0.392443
-0.046839 1.316427 -0.253475
0.037610 1.226182 -0.114508
0.122060 1.135937 0.024459
0.206509 1.045692 0.163427
0.290958 0.955447 0.302394
0.376215 0.864337 0.442691
0.461472 0.773228 0.417012
0.453270 0.682119 0.276715
0.368013 0.591010 0.136418
0.282756 0.499900 -0.003880
0.197499 0.408791 -0.144177
0.112241 0.317682 -0.284474
0.026984 0.226572 -0.424771
-0.058273 0.135463 -0.434932
-0.143530 0.044354 -0.294635
-0.229588 -0.047610 -0.153020
-0.315646 -0.139575 -0.011406
-0.401704 -0.231540 0.130209
-0.487761 -0.323504 0.271823
-0.426181 -0.415469 0.413438
-0.340123 -0.492567 0.444947
-0.254065 -0.400602 0.303333
-0.168007 -0.308637 0.161718
-0.081950 -0.216673 0.020103
0.004108 -0.124708 -0.121511
0.090959 -0.031896 -0.264431
0.177810 0.060916 -0.407351
0.264661 0.153729 -0.449730
0.351512 0.246541 -0.306810
0.438363 0.339353 -0.163890
0.474787 0.432165 -0.020970
0.387936 0.524977 0.121949
0.301085 0.617790 0.264869
0.214234 0.710602 0.407789
0.127383 0.803414 0.449291
0.039746 0.897066 0.305078
-0.047891 0.990718 0.160865
-0.135528 1.084370 0.016652
-0.223165 1.178022 -0.127561
-0.310802 1.271674 -0.271774
-0.398439 1.365326 -0.415987
-0.486076 1.458978 -0.439799
-0.426287 1.552630 -0.295586
-0.338650 1.646282 -0.151373
-0.251013 1.611665 -0.007160
-0.162597 1.517181 0.138335
-0.074181 1.422697 0.283830
0.014235 1.328212 0.429326
0.102651 1.233728 0.425179
0.191066 1.139244 0.279684
0.279482 1.044760 0.134189
0.367898 0.950276 -0.011306
0.456315 0.855791 -0.156801
0.455269 0.761306 -0.302296
0.366853 0.666822 -0.447792
0.277665 0.571512 -0.405443
0.188477 0.476202 -0.258677
0.099289 0.380892 -0.111911
0.010101 0.285583 0.034855
-0.079087 0.190273 0.181621
-0.168276 0.094963 0.328386
-0.257464 -0.000347 0.475152
-0.346652 -0.095657 0.378082
-0.435840 -0.190967 0.231316
-0.474971 -0.286277 0.084550
-0.385018 -0.382405 -0.063475
-0.295064 -0.478533 -0.211501
-0.205110 -0.425339 -0.359526
-0.115156 -0.329211 -0.492448
-0.025203 -0.233083 -0.344422
0.064751 -0.136955 -0.196396
0.154705 -0.040827 -0.048371
0.244659 0.055301 0.099655
0.334612 0.151429 0.247680
0.424566 0.247557 0.395706
0.484721 0.344496 0.455019
0.394008 0.441435 0.305744
0.303295 0.538374 0.156469
0.212582 0.635314 0.007195
0.121869 0.732253 -0.142080
0.031156 0.829192 -0.291355
-0.059556 0.926131 -0.440630
-0.150269 1.023071 -0.410095
-0.240982 1.120010 -0.260821
-0.331695 1.216950 -0.111546
-0.423161 1.314693 0.038968
-0.485373 1.412437 0.189481
-0.393908 1.510180 0.339995
-0.302442 1.607923 0.490509
-0.210976 1.705667 0.358978
-0.119511 1.803410 0.208464
-0.028045 1.802469 0.057950
0.063421 1.704726 -0.092563
0.154886 1.606982 -0.243077
0.246352 1.509239 -0.393591
0.338564 1.410697 -0.454667
0.430777 1.312155 -0.302925
0.477011 1.213613 -0.151182
0.384799 1.115071 0.000560
0.292587 1.016529 0.152302
0.200374 0.917988 0.304045
0.108162 0.819447 0.455787
0.015950 0.720905 0.392470
-0.076263 0.622364 0.240728
-0.168475 0.523822 0.088986
-0.261428 0.424489 -0.063975
-0.354381 0.325156 -0.216937
-0.447334 0.225823 -0.369898
-0.459714 0.126490 -0.477141
-0.366761 0.027157 -0.324180
-0.273808 -0.072177 -0.171219
-0.180855 -0.171510 -0.018258
-0.087902 -0.270843 0.134703
0.005051 -0.370176 0.287664
0.098004 -0.469509 0.440625
0.191692 -0.430372 0.405204
0.285380 -0.330254 0.251034
0.379067 -0.230135 0.096864
0.472755 -0.130017 -0.057307
0.433557 -0.029898 -0.211477
0.339869 0.070220 -0.365648
0.246181 0.170338 -0.480182
0.152494 0.270457 -0.326012
0.058806 0.370575 -0.171841
-0.034882 0.470694 -0.017671
-0.129299 0.571591 0.137699
-0.223716 0.672489 0.293069
-0.318133 0.773386 0.448440
-0.412550 0.874284 0.396190
-0.493033 0.975181 0.240820
-0.398616 1.076079 0.085450
-0.304199 1.176977 -0.069920
-0.209782 1.277874 -0.225290
-0.115365 1.378772 -0.380661
-0.020948 1.479669 -0.463969
0.074192 1.581340 -0.307408
0.169332 1.683012 -0.150848
0.264473 1.784683 0.005713
0.359613 1.886354 0.162274
0.454754 1.883518 0.318834
0.450106 1.781847 0.475395
0.354966 1.680175 0.368044
0.259825 1.578504 0.211483
0.164685 1.476833 0.054922
0.069544 1.375162 -0.101638
-0.026314 1.272724 -0.259381
-0.122172 1.170286 -0.417123
-0.218031 1.067849 -0.425135
-0.313889 0.965411 -0.267393
-0.409748 0.862972 -0.109650
-0.494393 0.760534 0.048092
-0.398535 0.658096 0.205834
-0.302676 0.555657 0.363577
-0.206818 0.453219 0.478681
-0.110959 0.350781 0.320939
-0.014388 0.247581 0.162024
0.082183 0.144382 0.003109
0.178754 0.041182 -0.155806
0.275325 -0.062018 -0.314722
0.371897 -0.165217 -0.473637
0.468468 -0.268417 -0.367448
0.434961 -0.371617 -0.208533
0.338390 -0.474817 -0.049618
0.241819 -0.421984 0.109298
0.145248 -0.318784 0.268213
0.047969 -0.214828 0.428292
-0.049310 -0.110872 0.411629
-0.146588 -0.006917 0.251549
-0.243867 0.097039 0.091470
-0.341146 0.200995 -0.068610
-0.438424 0.304951 -0.228689
-0.464297 0.408906 -0.388768
-0.367018 0.512862 -0.451152
-0.269740 0.616818 -0.291073
-0.172461 0.720774 -0.130994
-0.074480 0.825480 0.030242
0.023501 0.930187 0.191477
0.121482 1.034893 0.352712
0.219463 1.139599 0.486053
0.317444 1.244305 0.324817
0.415426 1.349012 0.163582
0.486593 1.453718 0.002347
0.388612 1.558424 -0.158888
0.290631 1.663131 -0.320124
0.192650 1.767837 -0.481359
0.093972 1.873288 -0.356258
-0.004707 1.978740 -0.193876
-0.103385 2.084192 -0.031493
-0.202064 2.189644 0.130890
-0.300742 2.295097 0.293273
-0.399421 2.400549 0.455655
-0.498099 2.506002 0.381962
-0.403222 2.524657 0.219579
-0.304544 2.419205 0.057196
-0.205865 2.313752 -0.105186
-0.106495 2.207561 -0.268709
-0.007124 2.101369 -0.432231
0.092247 1.995177 -0.404247
0.191618 1.888986 -0.240724
0.290989 1.782794 -0.077202
0.390360 1.676602 0.086321
0.489731 1.570411 0.249843
0.410897 1.464219 0.413365
0.311526 1.358027 0.423112
0.212155 1.251836 0.259590
0.112097 1.144910 0.094936
0.012038 1.037984 -0.069718
-0.088020 0.931058 -0.234372
-0.188079 0.824131 -0.399026
-0.288138 0.717204 -0.436320
-0.388196 0.610278 -0.271666
-0.488255 0.503351 -0.107012
-0.411686 0.396425 0.057642
-0.311628 0.289498 0.222296
-0.211569 0.182572 0.386950
-0.110828 0.074915 0.447272
-0.010086 -0.032741 0.281495
0.090656 -0.140397 0.115717
0.191397 -0.248054 -0.050061
0.292139 -0.355710 -0.215839
0.392881 -0.463367 -0.381617
0.493623 -0.428977 -0.452605
0.405636 -0.321321 -0.286827
0.304894 -0.213664 -0.121049
0.204152 -0.106008 0.044729
0.102732 0.002374 0.211623
0.001312 0.110755 0.378517
-0.100108 0.219136 0.454589
-0.201528 0.327518 0.287694
-0.302948 0.435899 0.120800
-0.404368 0.544280 -0.046094
-0.494212 0.652662 -0.212989
-0.392792 0.761043 -0.379883
-0.291372 0.869425 -0.453223
-0.189952 0.977806 -0.286329
-0.087858 1.086908 -0.118326
0.014236 1.196009 0.049678
0.116330 1.305111 0.217681
0.218423 1.414212 0.385684
0.320517 1.523314 0.446313
0.422611 1.632415 0.278310
0.475295 1.741517 0.110306
0.373201 1.850618 -0.057697
0.271107 1.959720 -0.225700
0.169013 2.068821 -0.393703
0.066250 2.178639 -0.437192
-0.036513 2.288457 -0.268087
-0.139277 2.398275 -0.098982
-0.242040 2.508093 0.070123
-0.344804 2.617911 0.239228
-0.447567 2.727729 0.408333
-0.449669 2.702252 0.422562
-0.346906 2.592434 0.253457
-0.244142 2.482616 0.084352
-0.141379 2.372798 -0.084753
-0.037950 2.262269 -0.254952
0.065478 2.151741 -0.425152
0.168907 2.041212 -0.404649
0.272335 1.930685 -0.234449
0.375764 1.820157 -0.064250
0.479193 1.709630 0.105950
0.417379 1.599103 0.276149
0.313950 1.488576 0.446349
0.210521 1.378048 0.383452
0.107093 1.267521 0.213252
0.147111 1.312424 0.282755
0.248890 1.424244 0.455453
0.350670 1.536063 0.371849
0.452449 1.647883 0.199151
0.445772 1.759702 0.026453
0.343993 1.871522 -0.146245
0.242214 1.983341 -0.318943
0.140435 2.095162 -0.491642
0.038656 2.206983 -0.335660
-0.063123 2.318803 -0.162962
-0.165545 2.431327 0.010826
-0.267966 2.543851 0.184613
-0.370387 2.656375 0.358401
-0.472809 2.768899 0.467811
-0.424770 2.881423 0.294023
-0.322349 2.993948 0.120236
-0.219927 2.886047 -0.053552
-0.117506 2.773523 -0.227340
-0.015085 2.660999 -0.401128
0.087337 2.548475 -0.425085
0.190396 2.435247 -0.250214
0.293456 2.322020 -0.075344
0.396515 2.208793 0.099527
0.499574 2.095565 0.274397
0.397366 1.982338 0.449268
0.294307 1.869112 0.375862
0.191247 1.755886 0.200991
0.088188 1.642660 0.026121
-0.014872 1.529433 -0.148750
-0.117931 1.416207 -0.323620
-0.221625 1.302284 -0.499567
-0.325318 1.188360 -0.324486
-0.429012 1.074437 -0.148540
-0.467294 0.960513 0.027407
-0.363601 0.846590 0.203354
-0.259907 0.732667 0.379300
-0.156213 0.618744 0.444753
-0.052520 0.504822 0.268806
0.051174 0.390899 0.092860
0.154868 0.276976 -0.083087
0.259192 0.162360 -0.260103
0.363516 0.047744 -0.437119
0.467840 -0.066871 -0.385864
0.427836 -0.181487 -0.208848
0.322957 -0.275052 -0.095053
0.215855 -0.284415 -0.234143
0.108754 -0.293778 -0.373232
0.001652 -0.303141 -0.487678
-0.105450 -0.312504 -0.348589
-0.212552 -0.321867 -0.209499
-0.320297 -0.331286 -0.069574
-0.428041 -0.340705 0.070351
-0.464214 -0.350125 0.210276
-0.356469 -0.359544 0.350200
-0.248724 -0.368963 0.490125
-0.140979 -0.378383 0.369950
-0.033234 -0.387802 0.230025
0.074511 -0.397221 0.090100
0.182256 -0.406641 -0.049825
0.290001 -0.416060 -0.189750
0.398385 -0.425535 -0.330505
0.493230 -0.435010 -0.471261
0.384846 -0.444485 -0.387984
0.276461 -0.453960 -0.247228
0.168077 -0.463435 -0.106473
0.059692 -0.472910 0.034282
-0.048692 -0.482385 0.175038
-0.157077 -0.491860 0.315793
-0.265461 -0.498664 0.456549
-0.373845 -0.489189 0.402696
-0.482866 -0.479659 0.261115
-0.408114 -0.470128 0.119534
-0.299094 -0.460597 -0.022047
-0.190074 -0.451066 -0.163628
-0.081054 -0.441536 -0.305209
0.027966 -0.432005 -0.446790
0.136986 -0.422474 -0.411629
0.246007 -0.412943 -0.270048
0.355027 -0.403412 -0.128467
0.499968 -0.467683 -0.060452
0.269951 -0.294474 -0.164690
0.039869 -0.056631 -0.268929
-0.190213 0.181213 -0.373168
-0.420294 0.419056 -0.477406
-0.349624 0.656900 -0.418355
-0.119542 0.894743 -0.314116
0.110539 1.132587 -0.209878
0.340621 1.370431 -0.105639
0.429297 1.608275 -0.001401
0.199215 1.846119 0.102838
-0.032185 2.085325 0.207674
-0.263585 2.324530 0.312510
-0.494986 2.563736 0.417346
-0.273614 2.802941 0.477818
-0.042214 3.042146 0.372982
0.189187 3.123324 0.268146
0.420587 2.884118 0.163310
0.348013 2.644913 0.058474
0.116612 2.405708 -0.046362
-0.114788 2.166502 -0.151198
-0.347499 1.925940 -0.256627
-0.419789 1.685378 -0.362057
-0.187078 1.444816 -0.467487
0.045634 1.204254 -0.427083
0.278345 0.963692 -0.321653
0.488944 0.723130 -0.216223
0.256232 0.482569 -0.110793
0.023521 0.242007 -0.005363
-0.209191 0.001445 0.100067
-0.441902 -0.239117 0.205497
-0.324083 -0.481026 0.311517
-0.090068 -0.277065 0.417538
0.143947 -0.035155 0.476442
0.377962 0.206754 0.370421
0.388023 0.448663 0.264401
0.154008 0.690573 0.158380
-0.080007 0.932483 0.052359
-0.314022 1.174392 -0.053661
-0.451963 1.416301 -0.159682
-0.217948 1.658210 -0.265702
0.017364 1.901460 -0.372310
0.252675 2.144710 -0.478918
0.487987 2.387959 -0.414474
0.276701 2.631207 -0.307866
0.041390 2.874456 -0.201258
-0.193922 3.117705 -0.094650
-0.429234 3.360954 0.011958
-0.335455 3.456188 0.118566
-0.100143 3.212939 0.225174
0.135168 2.969690 0.331782
0.371769 2.725108 0.438974
0.391630 2.480526 0.453834
0.155029 2.235945 0.346642
-0.081572 1.991363 0.239450
-0.318173 1.746780 0.132257
-0.445226 1.502197 0.025065
-0.208625 1.257614 -0.082127
0.027976 1.013031 -0.189319
0.264577 0.768449 -0.296511
0.498822 0.523867 -0.403703
0.260939 0.277959 -0.488524
0.023056 0.032050 -0.380750
-0.214828 -0.213858 -0.272977
-0.452711 -0.459766 -0.165204
-0.309405 -0.294326 -0.057431
-0.071522 -0.048418 0.050342
0.166361 0.197491 0.158115
0.404245 0.443399 0.265888
0.357872 0.689307 0.373662
0.119989 0.935216 0.481435
-0.119170 1.182443 0.410214
-0.358329 1.429670 0.301863
-0.402512 1.676897 0.193512
-0.163353 1.924124 0.085161
0.075806 2.171350 -0.023190
0.314965 2.418576 -0.131541
0.445876 2.665801 -0.239892
0.206718 2.913027 -0.348243
-0.032441 3.160253 -0.456594
-0.271600 3.407479 -0.435055
-0.487972 3.368317 -0.326129
-0.247545 3.119778 -0.217203
-0.007117 2.871238 -0.108277
0.233310 2.622699 0.000648
0.473738 2.374160 0.109574
0.285834 2.125620 0.218500
0.045407 1.877081 0.327426
-0.195021 1.628543 0.436351
-0.435448 1.380005 0.454723
-0.324124 1.131467 0.345797
-0.082434 0.881623 0.236300
0.159255 0.631780 0.126802
0.400945 0.381937 0.017304
0.357365 0.132094 -0.092193
0.115676 -0.117749 -0.201691
-0.126014 -0.367592 -0.311188
-0.367704 -0.382565 -0.420686
-0.390606 -0.132722 -0.469816
-0.148917 0.117121 -0.360319
0.092773 0.366964 -0.250821
0.335718 0.618104 -0.140755
0.421336 0.869245 -0.030688
0.178391 1.120386 0.079378
-0.064554 1.371526 0.189444
-0.307499 1.622667 0.299511
-0.449555 1.873807 0.409577
-0.206610 2.124948 0.480356
0.036335 2.376089 0.370290
0.279280 2.627229 0.260223
0.477774 2.878370 0.150157
0.233580 3.130803 0.039524
-0.010614 3.383235 -0.071108
-0.254809 3.504175 -0.181740
-0.499003 3.251742 -0.292373
-0.256803 2.999309 -0.403005
-0.012609 2.746876 -0.486363
0.231586 2.494443 -0.375731
0.475780 2.242011 -0.265099
0.280026 1.989578 -0.154466
0.035831 1.737146 -0.043834
-0.209606 1.483430 0.067361
-0.455043 1.229713 0.178557
-0.299520 0.975996 0.289752
-0.054083 0.722279 0.400947
0.191354 0.468563 0.487857
0.436791 0.214846 0.376662
0.317772 -0.038871 0.265466
0.072335 -0.292587 0.154271
-0.173102 -0.453696 0.043076
-0.418539 -0.199979 -0.068120
-0.334787 0.055016 -0.179875
-0.088114 0.310011 -0.291631
0.158560 0.565006 -0.403386
0.405233 0.820000 -0.484859
0.348093 1.074995 -0.373103
0.101420 1.329989 -0.261348
-0.145254 1.584984 -0.149592
-0.391927 1.839979 -0.037837
-0.361399 2.094974 0.073919
-0.114726 2.349970 0.185674
0.133178 2.606236 0.297987
0.381082 2.862503 0.410300
0.371015 3.118769 0.477387
0.123111 3.265658 0.365075
-0.124793 3.009391 0.252762
-0.372697 2.753124 0.140449
-0.379399 2.496858 0.028136
-0.131496 2.240591 -0.084177
0.116408 1.984325 -0.196489
