-0.410148 0.345583 -0.053229
-0.412245 0.339684 -0.028179
-0.414341 0.333785 -0.003130
-0.416438 0.177216 0.021920
-0.418535 0.012711 0.046969
-0.420631 -0.136290 0.072018
-0.422728 -0.223809 0.097068
-0.424824 -0.277599 0.122117
-0.426921 -0.304344 0.147167
-0.429018 -0.335075 0.172216
-0.431114 -0.364531 0.197266
-0.433682 -0.375148 0.227945
-0.436250 -0.396463 0.258624
-0.445606 -0.433620 0.281890
-0.482118 -0.449043 0.275505
-0.481370 -0.456350 0.269119
-0.444859 -0.463574 0.262734
-0.408347 -0.470799 0.256348
-0.371835 -0.478024 0.249963
-0.335323 -0.485248 0.243577
-0.298812 -0.492473 0.237192
-0.256652 -0.499185 0.229818
-0.214491 -0.490842 0.222445
-0.172331 -0.482500 0.215072
-0.130171 -0.474158 0.207698
-0.088011 -0.465816 0.200325
-0.045851 -0.457473 0.192951
-0.003691 -0.449131 0.185578
0.038469 -0.440789 0.178205
0.080630 -0.432447 0.170831
0.122790 -0.424104 0.163458
0.169926 -0.414777 0.155214
0.217063 -0.405450 0.146971
0.264199 -0.396123 0.138727
0.311336 -0.386797 0.130483
0.358472 -0.377470 0.122240
0.405609 -0.368143 0.113996
0.452745 -0.358816 0.105752
0.499882 -0.349489 0.097509
0.452982 -0.340162 0.089265
0.405845 -0.330835 0.081021
0.354210 -0.320618 0.071991
0.302574 -0.310401 0.062960
0.250939 -0.300184 0.053930
0.199303 -0.289966 0.044899
0.147668 -0.279749 0.035869
0.096033 -0.281876 0.026838
0.044397 -0.292093 0.017808
-0.007238 -0.302310 0.008777
-0.058874 -0.312527 -0.000253
-0.110509 -0.322744 -0.009284
-0.166282 -0.333780 -0.019038
-0.222054 -0.344816 -0.028792
-0.277827 -0.355851 -0.038546
-0.333600 -0.366887 -0.048300
-0.389372 -0.377923 -0.058054
-0.445145 -0.388959 -0.067808
-0.499082 -0.399995 -0.077562
-0.443310 -0.411030 -0.087316
-0.387537 -0.422066 -0.097070
-0.331764 -0.433102 -0.106824
-0.272141 -0.444900 -0.117252
-0.212517 -0.456698 -0.127679
-0.152894 -0.468496 -0.138107
-0.093271 -0.480293 -0.148535
-0.033647 -0.492091 -0.158962
0.025976 -0.496111 -0.169390
0.085600 -0.484313 -0.179817
0.145223 -0.472515 -0.190245
0.204847 -0.460717 -0.200672
0.264470 -0.448920 -0.211100
0.327710 -0.436406 -0.222160
0.390950 -0.423893 -0.233220
0.454191 -0.411379 -0.244280
0.482569 -0.398866 -0.255340
0.419329 -0.386353 -0.266400
0.356089 -0.373839 -0.277460
0.292848 -0.361326 -0.288520
0.229608 -0.348812 -0.299580
0.166368 -0.336299 -0.310640
0.103128 -0.323786 -0.321700
0.036467 -0.310595 -0.333358
-0.030194 -0.297405 -0.345016
-0.054749 -0.290537 -0.354594
0.018944 -0.298420 -0.359316
0.092637 -0.306303 -0.364038
0.166330 -0.314186 -0.368759
0.240023 -0.322069 -0.373481
0.313715 -0.329952 -0.378203
0.387408 -0.337835 -0.382925
0.461101 -0.345718 -0.387647
0.461609 -0.353986 -0.392599
0.384320 -0.362253 -0.397551
0.307030 -0.370521 -0.402504
0.229740 -0.378789 -0.407456
0.152451 -0.387057 -0.412408
0.075161 -0.395324 -0.417360
-0.002129 -0.403592 -0.422313
-0.079419 -0.411860 -0.427265
-0.156709 -0.420128 -0.432217
-0.233998 -0.428396 -0.437169
-0.314725 -0.437031 -0.442342
-0.395451 -0.445666 -0.447514
-0.476178 -0.454301 -0.452687
-0.443096 -0.462936 -0.457859
-0.362369 -0.471572 -0.463032
-0.281643 -0.480207 -0.468204
-0.200916 -0.488842 -0.473377
-0.120190 -0.497477 -0.478549
-0.039463 -0.493887 -0.483722
0.041263 -0.485252 -0.488894
0.125286 -0.476264 -0.494278
0.209309 -0.467276 -0.499662
0.293332 -0.458288 -0.494954
0.377355 -0.449300 -0.489570
0.461378 -0.440312 -0.484187
0.454599 -0.431324 -0.478803
0.370577 -0.422336 -0.473419
0.286554 -0.413348 -0.468035
0.202531 -0.404359 -0.462652
0.118508 -0.395371 -0.457268
0.031313 -0.386044 -0.451681
-0.055881 -0.376717 -0.446094
-0.143076 -0.367390 -0.440508
-0.230271 -0.358062 -0.434921
-0.317465 -0.348735 -0.429334
-0.404660 -0.339408 -0.423747
-0.491855 -0.330081 -0.418161
-0.420951 -0.320754 -0.412574
-0.333756 -0.311426 -0.406987
-0.246561 -0.302099 -0.401400
-0.156306 -0.292444 -0.395617
-0.066051 -0.282790 -0.389835
0.024204 -0.273135 -0.384052
0.114459 -0.263480 -0.378269
0.204714 -0.253825 -0.372486
0.294969 -0.244171 -0.366703
0.385224 -0.234516 -0.360920
0.475479 -0.224861 -0.355138
0.434266 -0.215207 -0.349355
0.492917 -0.229420 -0.350161
0.398998 -0.246839 -0.351750
0.305079 -0.264257 -0.353339
0.211160 -0.281676 -0.354928
0.117240 -0.299094 -0.356517
0.023321 -0.316513 -0.358107
-0.070598 -0.333932 -0.359696
-0.164517 -0.351350 -0.361285
-0.258436 -0.368769 -0.362874
-0.352355 -0.386187 -0.364463
-0.446274 -0.403606 -0.366052
-0.456916 -0.421561 -0.367690
-0.360107 -0.439515 -0.369328
-0.263297 -0.457470 -0.370966
-0.166487 -0.475425 -0.372604
-0.182124 -0.492188 -0.348624
-0.272724 -0.491844 -0.307565
-0.363324 -0.475875 -0.266507
-0.453924 -0.459906 -0.225449
-0.455475 -0.443938 -0.184391
-0.364875 -0.427969 -0.143332
-0.271648 -0.411537 -0.101084
-0.178422 -0.395106 -0.058835
-0.085195 -0.378674 -0.016587
0.008032 -0.362243 0.025662
0.101259 -0.345811 0.067911
0.194485 -0.329380 0.110159
0.287712 -0.312948 0.152408
0.343704 -0.303258 0.177887
0.250758 -0.320533 0.136289
0.157812 -0.337807 0.094691
0.062319 -0.355555 0.051953
-0.033174 -0.373304 0.009215
-0.128668 -0.391052 -0.033523
-0.224161 -0.408800 -0.076261
-0.319654 -0.426548 -0.118999
-0.415147 -0.444296 -0.161736
-0.489360 -0.462044 -0.204474
-0.393867 -0.479793 -0.247212
-0.298374 -0.497541 -0.289950
-0.202880 -0.484711 -0.332688
-0.104906 -0.466502 -0.376536
-0.006933 -0.448293 -0.420385
0.091041 -0.430083 -0.464233
0.189015 -0.411874 -0.491919
0.286989 -0.393665 -0.448071
0.384963 -0.375456 -0.404223
0.482937 -0.357246 -0.360375
0.419089 -0.339037 -0.316526
0.321115 -0.320828 -0.272678
0.223141 -0.302619 -0.228830
0.122748 -0.283960 -0.183899
0.022355 -0.265301 -0.138968
-0.078039 -0.246642 -0.094037
-0.178432 -0.227983 -0.049106
-0.278825 -0.209324 -0.004175
-0.379219 -0.190665 0.040756
-0.479612 -0.172006 0.085687
-0.419995 -0.153347 0.130618
-0.319601 -0.134688 0.175549
-0.219208 -0.116029 0.220480
-0.116452 -0.096932 0.266468
-0.013696 -0.077834 0.312457
0.089059 -0.058736 0.358445
0.191815 -0.039638 0.404433
0.294571 -0.020540 0.450421
0.397327 -0.001442 0.496410
0.499917 0.017656 0.457602
0.397162 0.036754 0.411614
0.294406 0.055852 0.365625
0.191650 0.074950 0.319637
0.086585 0.094477 0.272615
-0.018480 0.114004 0.225594
-0.123546 0.133532 0.178572
-0.091612 0.121731 0.196332
-0.000965 0.096504 0.241855
0.089681 0.071277 0.287379
0.180328 0.046050 0.332902
0.270975 0.020823 0.378426
0.361622 -0.004403 0.423950
0.452269 -0.029630 0.469473
0.455135 -0.055400 0.484024
0.362538 -0.081169 0.437521
0.269942 -0.106939 0.391019
0.177346 -0.132708 0.344516
0.084749 -0.158478 0.298013
-0.007848 -0.184247 0.251511
-0.100444 -0.210017 0.205008
-0.193041 -0.235786 0.158505
-0.285637 -0.261555 0.112002
-0.378233 -0.287325 0.065500
-0.472739 -0.313626 0.018038
-0.432755 -0.339927 -0.029424
-0.338249 -0.366227 -0.076886
-0.243743 -0.392528 -0.124347
-0.149237 -0.418829 -0.171809
-0.054731 -0.445130 -0.219271
0.039775 -0.471431 -0.266732
0.134281 -0.497732 -0.314194
0.228786 -0.475967 -0.361656
0.323292 -0.449667 -0.409117
0.419670 -0.422845 -0.457519
0.483953 -0.396023 -0.494079
0.387575 -0.369201 -0.445678
0.291198 -0.342379 -0.397276
0.194821 -0.315558 -0.348874
0.098443 -0.288736 -0.300473
0.002066 -0.261914 -0.252071
-0.094312 -0.235092 -0.203669
-0.190689 -0.208271 -0.155268
-0.287067 -0.181449 -0.106866
-0.385280 -0.154116 -0.057542
-0.483494 -0.126784 -0.008219
-0.418293 -0.099451 0.041105
-0.320079 -0.072119 0.090428
-0.221866 -0.044786 0.139752
-0.123652 -0.017453 0.189076
-0.274789 -0.034683 0.220653
-0.425926 -0.051913 0.252230
-0.422937 -0.069143 0.283808
-0.271799 -0.086373 0.315385
-0.117889 -0.103919 0.347542
0.036022 -0.121465 0.379699
0.189932 -0.139011 0.411855
0.343843 -0.156557 0.444012
0.497753 -0.174103 0.476169
0.348336 -0.191649 0.491675
0.194426 -0.209195 0.459518
0.040515 -0.226741 0.427361
-0.113395 -0.244286 0.395205
-0.267306 -0.261833 0.363048
-0.423940 -0.279689 0.330322
-0.493983 -0.334119 0.299248
-0.414124 -0.473887 0.272027
-0.322231 -0.386344 0.244807
-0.230339 -0.246576 0.217587
-0.138446 -0.106808 0.190367
-0.046553 0.032960 0.163146
0.045340 0.172728 0.135926
0.137233 0.312496 0.108706
0.229125 0.452264 0.081486
0.322589 0.594422 0.053800
0.416053 0.647813 0.026115
0.490484 0.505655 -0.001571
0.397020 0.363498 -0.029256
0.303556 0.221341 -0.056942
0.210093 0.079183 -0.084627
0.116629 -0.062974 -0.112313
0.023165 -0.205132 -0.139998
-0.070298 -0.347289 -0.167684
-0.163762 -0.489447 -0.195369
-0.258771 -0.366046 -0.223512
-0.353779 -0.221539 -0.251655
-0.448788 -0.077031 -0.279799
-0.456204 0.067476 -0.307942
-0.361195 0.211983 -0.336085
-0.266186 0.356491 -0.364228
-0.171178 0.500998 -0.392372
-0.076169 0.645505 -0.420515
0.018839 0.790012 -0.448658
0.113848 0.756008 -0.476801
0.210377 0.609188 -0.494605
0.306906 0.462369 -0.466012
0.403435 0.315549 -0.437418
0.499963 0.168730 -0.408825
0.403508 0.021910 -0.380231
0.306979 -0.124910 -0.351638
0.210450 -0.271729 -0.323044
0.113921 -0.418549 -0.294451
0.017392 -0.434631 -0.265857
-0.079136 -0.287812 -0.237263
-0.177162 -0.138716 -0.208227
-0.275187 0.010380 -0.179190
-0.373213 0.159476 -0.150153
-0.471238 0.308572 -0.121116
-0.430736 0.457668 -0.092079
-0.332711 0.606764 -0.063043
-0.234685 0.755861 -0.034006
-0.136660 0.766997 -0.004969
-0.038634 0.617901 0.024068
0.059392 0.468805 0.053105
0.158891 0.317466 0.082578
0.258391 0.166128 0.112052
0.357891 0.014790 0.141525
0.457390 -0.136548 0.170999
0.443110 -0.287886 0.200472
0.343610 -0.439225 0.229945
0.244110 -0.409437 0.259419
0.144610 -0.258099 0.288893
0.045111 -0.106761 0.318366
-0.054389 0.044577 0.347840
-0.155341 0.198125 0.377743
-0.256293 0.351673 0.407647
-0.357246 0.505220 0.437551
-0.458198 0.658768 0.467454
-0.440849 0.805076 0.497358
-0.339897 0.651529 0.472738
-0.238945 0.497981 0.442835
-0.137992 0.344434 0.412931
-0.037040 0.190886 0.383027
0.063912 0.037338 0.353124
0.166297 -0.118387 0.322796
0.268681 -0.274113 0.292468
0.371065 -0.429839 0.262140
0.473450 -0.414435 0.231812
0.424166 -0.258710 0.201484
0.321781 -0.102984 0.171156
0.219397 0.052742 0.140828
0.117013 0.208468 0.110500
0.014628 0.364193 0.080172
-0.087756 0.519919 0.049844
-0.191553 0.677793 0.019098
-0.295349 0.835666 -0.011648
-0.399146 0.841338 -0.042395
-0.497057 0.683464 -0.073141
-0.393261 0.525590 -0.103887
-0.289464 0.367717 -0.134634
-0.185667 0.209843 -0.165380
-0.081871 0.051969 -0.196126
0.021926 -0.105905 -0.226873
0.125722 -0.263778 -0.257619
0.230912 -0.423771 -0.288778
0.336102 -0.416236 -0.319937
0.441292 -0.256243 -0.351096
0.453518 -0.096250 -0.382255
0.348328 0.063743 -0.413413
0.243138 0.223736 -0.444572
0.137948 0.383729 -0.475731
0.032758 0.543722 -0.493110
-0.072432 0.703715 -0.461951
-0.177622 0.863708 -0.430792
-0.284187 1.025792 -0.399226
-0.390752 0.904870 -0.367659
-0.497317 0.742786 -0.336093
-0.396118 0.580701 -0.304527
-0.289553 0.418616 -0.272960
-0.182988 0.256532 -0.241394
-0.076423 0.094448 -0.209828
0.030142 -0.067637 -0.178261
0.136707 -0.229721 -0.146695
0.243272 -0.391806 -0.115129
0.351194 -0.444045 -0.083160
0.459117 -0.279895 -0.051192
0.432960 -0.115746 -0.019223
0.325038 0.048403 0.012745
0.217115 0.212553 0.044714
0.109193 0.376702 0.076682
0.001270 0.540851 0.108651
-0.106652 0.705001 0.140619
-0.214575 0.869150 0.172588
-0.322498 1.033300 0.204556
-0.431761 0.910479 0.236922
-0.458976 0.744290 0.269287
-0.349712 0.578102 0.301653
-0.240449 0.411913 0.334019
-0.131186 0.245725 0.366384
-0.021923 0.079536 0.398750
0.087341 -0.086652 0.431116
0.196604 -0.252841 0.463481
0.305867 -0.419029 0.495847
0.415131 -0.414782 0.471788
0.474282 -0.246579 0.439030
0.363694 -0.078376 0.406272
0.253106 0.089827 0.373514
0.142518 0.258030 0.340756
0.031931 0.426233 0.307999
-0.078657 0.594436 0.275241
-0.189245 0.762639 0.242483
-0.299833 0.930842 0.209725
-0.410420 0.812125 0.176967
-0.478992 0.643922 0.144209
-0.367095 0.473728 0.111063
-0.255199 0.303535 0.077918
-0.143303 0.133341 0.044772
-0.031406 -0.036852 0.011627
0.080490 -0.207046 -0.021519
0.192387 -0.377240 -0.054665
0.304283 -0.452567 -0.087810
0.416180 -0.282373 -0.120956
0.471924 -0.112180 -0.154102
0.360027 0.058014 -0.187247
0.246837 0.230175 -0.220776
0.133647 0.402336 -0.254305
0.020457 0.574498 -0.287834
-0.092733 0.746659 -0.321362
-0.205923 0.918821 -0.354891
-0.319113 1.090982 -0.388420
-0.432304 1.146177 -0.421949
-0.454506 0.974016 -0.455478
-0.341316 0.801855 -0.489006
-0.228126 0.629693 -0.477465
-0.113657 0.455587 -0.443557
0.000812 0.281480 -0.409650
0.115281 0.107374 -0.375742
0.229750 -0.066733 -0.341834
0.344220 -0.240840 -0.307927
0.322063 -0.316196 -0.293123
0.208822 -0.325719 -0.291054
0.095581 -0.335242 -0.288985
-0.017659 -0.344765 -0.286916
-0.130900 -0.354288 -0.284847
-0.245392 -0.363917 -0.282755
-0.331886 -0.356011 -0.297678
-0.306391 -0.277971 -0.380660
-0.280896 -0.199930 -0.463643
-0.255401 -0.121890 -0.453375
-0.229905 -0.043850 -0.370393
-0.204410 0.034191 -0.287411
-0.178914 0.112231 -0.204429
-0.153419 0.190271 -0.121447
-0.127923 0.268312 -0.038465
-0.102152 0.347196 0.045414
-0.076381 0.426080 0.129294
-0.050610 0.504964 0.213173
-0.024839 0.583848 0.297052
0.000932 0.662733 0.380931
0.026703 0.741617 0.464811
0.052474 0.820501 0.451310
0.078245 0.899386 0.367431
0.104016 0.978270 0.283552
0.129787 1.057155 0.199672
0.155830 1.136873 0.114906
0.181874 1.216592 0.030139
0.207918 1.296311 -0.054628
0.233961 1.327716 -0.139395
0.260005 1.247997 -0.224162
0.286049 1.168278 -0.308929
0.312092 1.088560 -0.393695
0.338136 1.008841 -0.478462
0.364180 0.929122 -0.436771
0.390223 0.849403 -0.352004
0.416537 0.768858 -0.266359
0.442851 0.688313 -0.180714
0.469164 0.607768 -0.095068
0.495478 0.527223 -0.009423
0.478208 0.446678 0.076222
0.451895 0.366133 0.161867
0.425581 0.285588 0.247513
0.399267 0.205043 0.333158
0.372954 0.124498 0.418803
0.346640 0.043954 0.495551
0.320059 -0.037409 0.409037
0.293479 -0.118772 0.322522
0.266898 -0.200135 0.236007
0.240317 -0.281497 0.149493
0.213737 -0.362860 0.062978
0.187156 -0.444223 -0.023537
0.160575 -0.474414 -0.110052
0.133995 -0.393052 -0.196567
0.107414 -0.311689 -0.283081
0.080833 -0.230326 -0.369596
0.053988 -0.148154 -0.456972
0.027142 -0.065982 -0.455653
0.000297 0.016191 -0.368277
-0.026548 0.098363 -0.280901
-0.053393 0.180535 -0.193526
-0.080239 0.262708 -0.106150
-0.107084 0.344880 -0.018774
-0.133929 0.427052 0.068601
-0.160774 0.509225 0.155977
-0.187619 0.591397 0.243353
-0.214727 0.674371 0.331581
-0.241834 0.757345 0.419809
-0.268941 0.840319 0.491963
-0.296048 0.923292 0.403735
-0.323156 1.006266 0.315507
-0.350263 1.089241 0.227279
-0.377370 1.172215 0.139051
-0.404477 1.255190 0.050823
-0.431585 1.338164 -0.037405
-0.458692 1.421138 -0.125633
-0.486059 1.504907 -0.214706
-0.486575 1.588675 -0.303778
-0.459208 1.529242 -0.392850
-0.431842 1.445474 -0.481922
-0.404475 1.361706 -0.429005
-0.377109 1.277937 -0.339933
-0.349742 1.194169 -0.250861
-0.322375 1.110401 -0.161788
-0.295009 1.026632 -0.072716
-0.267642 0.942864 0.016357
-0.240019 0.858310 0.106265
-0.212395 0.773755 0.196174
-0.184772 0.689201 0.286083
-0.157148 0.604646 0.375992
-0.129525 0.520091 0.465901
-0.101901 0.435537 0.444190
-0.074278 0.350982 0.354282
-0.046654 0.266428 0.264373
-0.019031 0.181873 0.174464
0.008593 0.097319 0.084555
0.036471 0.011985 -0.006182
0.064349 -0.073349 -0.096920
0.092227 -0.158683 -0.187657
0.120105 -0.244017 -0.278395
0.147984 -0.329351 -0.369132
0.175862 -0.414685 -0.459870
0.203740 -0.499981 -0.449393
0.231618 -0.414647 -0.358656
0.259496 -0.329314 -0.267918
0.287374 -0.243980 -0.177181
0.315505 -0.157873 -0.085622
0.343635 -0.071767 0.005936
0.371766 0.014339 0.097495
0.399896 0.100445 0.189054
0.428026 0.186551 0.280612
0.456157 0.272658 0.372171
0.484287 0.358764 0.463730
0.487582 0.444870 0.444712
0.459452 0.530976 0.353153
0.431321 0.617082 0.261594
0.402941 0.703953 0.169222
0.374561 0.790825 0.076849
0.346180 0.877696 -0.015523
0.317800 0.964567 -0.107896
0.289419 1.051439 -0.200269
0.261039 1.138310 -0.292641
0.232658 1.225182 -0.385014
0.204278 1.312053 -0.477386
0.175897 1.398924 -0.430241
0.147517 1.485796 -0.337868
0.118889 1.573426 -0.244689
0.090260 1.661057 -0.151510
0.061632 1.748688 -0.058330
0.033003 1.777985 0.034849
0.004375 1.690355 0.128028
-0.024253 1.602724 0.221207
-0.052882 1.515093 0.314387
-0.081510 1.427462 0.407566
-0.110138 1.339832 0.499255
-0.138767 1.252201 0.406075
-0.167641 1.163818 0.312096
-0.196515 1.075435 0.218117
-0.225389 0.987052 0.124138
-0.254263 0.898670 0.030159
-0.283137 0.810287 -0.063821
-0.312011 0.721905 -0.157800
-0.340885 0.633523 -0.251779
-0.369759 0.545140 -0.345758
-0.398633 0.456758 -0.439737
-0.427507 0.368375 -0.466284
-0.456625 0.279247 -0.371511
-0.485743 0.190118 -0.276739
-0.485140 0.100990 -0.181967
-0.456022 0.011862 -0.087194
-0.426904 -0.077267 0.007578
-0.397786 -0.166395 0.102350
-0.368669 -0.255523 0.197122
-0.339551 -0.344652 0.291894
-0.310433 -0.433780 0.386667
-0.281315 -0.477092 0.481439
-0.251956 -0.387224 0.423002
-0.222596 -0.297356 0.327443
-0.193237 -0.207488 0.231885
-0.163878 -0.117620 0.136326
-0.134518 -0.027752 0.040767
-0.105159 0.062116 -0.054791
-0.075799 0.151984 -0.150350
-0.046440 0.241852 -0.245909
-0.017080 0.331720 -0.341468
0.012279 0.421588 -0.437026
0.041878 0.512190 -0.466635
0.071477 0.602792 -0.370296
0.101076 0.693393 -0.273957
0.130675 0.783994 -0.177619
0.160274 0.874596 -0.081280
0.189873 0.965197 0.015059
0.219472 1.055799 0.111398
0.249072 1.146400 0.207737
0.278671 1.237002 0.304075
0.308270 1.327603 0.400414
0.338107 1.418933 0.497527
0.367943 1.510263 0.405361
0.397780 1.601593 0.308248
0.427617 1.692922 0.211135
0.457454 1.784252 0.114023
0.449608 1.788036 0.110429
0.404080 1.704273 0.200353
0.358552 1.620511 0.290277
0.313023 1.536749 0.380201
0.267495 1.452986 0.470125
0.221606 1.368562 0.439240
0.175718 1.284138 0.348605
0.129830 1.199714 0.257970
0.083942 1.115290 0.167335
0.038053 1.030866 0.076700
-0.007835 0.946442 -0.013935
-0.053723 0.862018 -0.104570
-0.099612 0.777594 -0.195205
-0.145500 0.693170 -0.285840
-0.191388 0.608746 -0.376475
-0.237634 0.523665 -0.467815
-0.283879 0.438584 -0.440844
-0.330125 0.353503 -0.349504
-0.376370 0.268422 -0.258164
-0.422616 0.183341 -0.166824
-0.468861 0.098260 -0.075483
-0.484893 0.013179 0.015857
-0.438648 -0.071902 0.107197
-0.392403 -0.156983 0.198538
-0.346157 -0.242064 0.289878
-0.299557 -0.327797 0.381918
-0.252957 -0.413530 0.473959
-0.206358 -0.499263 0.434001
-0.159758 -0.415004 0.341961
-0.113158 -0.329271 0.249920
-0.066558 -0.243538 0.157880
-0.019958 -0.157805 0.065840
0.026641 -0.072072 -0.026200
0.073241 0.013661 -0.118241
0.119841 0.099394 -0.210281
0.154363 0.165211 -0.273102
0.170242 0.200182 -0.291053
0.186120 0.235153 -0.309004
0.201999 0.270123 -0.326955
0.217877 0.305094 -0.344906
0.233756 0.340065 -0.362857
0.249634 0.375036 -0.380807
0.265513 0.410007 -0.398758
0.281392 0.444978 -0.416709
0.297270 0.479949 -0.434660
0.313267 0.515180 -0.452744
0.329264 0.550411 -0.470829
0.345261 0.585642 -0.488913
0.361257 0.620873 -0.493003
0.377254 0.656105 -0.474918
0.393251 0.691336 -0.456834
0.409247 0.726567 -0.438750
0.425244 0.761798 -0.420665
0.441241 0.797029 -0.402581
0.457237 0.832260 -0.384497
0.473351 0.867749 -0.366280
0.489465 0.903238 -0.348063
0.494421 0.938728 -0.329846
0.478307 0.974217 -0.311629
0.462194 1.009706 -0.293412
0.446080 1.045195 -0.275195
0.429966 1.080683 -0.256978
0.413852 1.116172 -0.238761
0.397738 1.151660 -0.220544
0.381624 1.187149 -0.202327
0.365394 1.222894 -0.183979
0.349164 1.258639 -0.165630
0.332934 1.294384 -0.147282
0.316704 1.330129 -0.128933
0.300474 1.365873 -0.110585
0.284244 1.401618 -0.092237
0.268014 1.437363 -0.073888
0.251784 1.473108 -0.055540
0.235554 1.508853 -0.037191
0.219324 1.544598 -0.018843
0.202978 1.580598 -0.000364
0.186632 1.616598 0.018115
0.170287 1.652598 0.036594
0.153941 1.688598 0.055073
0.137595 1.724598 0.073552
0.121250 1.760598 0.092031
0.104904 1.796598 0.110510
0.088558 1.832598 0.128989
0.072213 1.868598 0.147468
0.055867 1.904598 0.165947
0.039407 1.940851 0.184556
0.022946 1.977104 0.203165
0.006486 2.013356 0.221774
-0.009975 2.049608 0.240382
-0.026435 2.085859 0.258991
-0.042895 2.122111 0.277599
-0.059356 2.158362 0.296208
-0.075816 2.194614 0.314817
-0.092276 2.230865 0.333425
-0.108737 2.267117 0.352034
-0.125311 2.303621 0.370771
-0.141885 2.340125 0.389509
-0.158460 2.376630 0.408247
-0.175034 2.413134 0.426984
-0.191608 2.393963 0.445722
-0.208182 2.357458 0.464459
-0.224757 2.320954 0.483197
-0.241331 2.284450 0.498065
-0.257905 2.247946 0.479328
-0.274479 2.211441 0.460590
-0.291167 2.174689 0.441725
-0.307855 2.137937 0.422859
-0.324542 2.101185 0.403994
-0.341230 2.064432 0.385128
-0.357917 2.027680 0.366263
-0.374605 1.990928 0.347397
-0.391292 1.954176 0.328532
-0.407980 1.917423 0.309666
-0.424667 1.880671 0.290801
-0.441355 1.843919 0.271935
-0.458154 1.806919 0.252943
-0.474954 1.769919 0.233951
-0.491754 1.732919 0.214958
-0.491446 1.695918 0.195966
-0.474646 1.658918 0.176973
-0.457846 1.621918 0.157981
-0.441046 1.584918 0.138988
-0.424246 1.547918 0.119996
-0.407447 1.510917 0.101004
-0.390647 1.473917 0.082011
-0.373735 1.436671 0.062893
-0.356824 1.399426 0.043774
-0.339913 1.362180 0.024655
-0.323001 1.324934 0.005537
-0.306090 1.287688 -0.013582
-0.289179 1.250443 -0.032701
-0.272267 1.213197 -0.051819
-0.255356 1.175951 -0.070938
-0.238445 1.138705 -0.090056
-0.221533 1.101460 -0.109175
-0.204511 1.063970 -0.128419
-0.187489 1.026479 -0.147663
-0.170466 0.988989 -0.166907
-0.153444 0.951499 -0.186151
-0.136421 0.914009 -0.205395
-0.119399 0.876519 -0.224639
-0.102377 0.839029 -0.243883
-0.085354 0.801539 -0.263127
-0.068332 0.764049 -0.282371
-0.051310 0.726558 -0.301615
-0.034177 0.688826 -0.320983
-0.017045 0.651093 -0.340352
0.000088 0.613360 -0.359720
0.017220 0.575628 -0.379089
0.034353 0.537895 -0.398457
0.051485 0.500162 -0.417826
0.068618 0.462429 -0.437194
0.085750 0.424697 -0.456563
0.102883 0.386964 -0.475931
0.120015 0.349231 -0.495300
0.137257 0.311257 -0.485208
0.154499 0.273284 -0.465716
0.171741 0.235310 -0.446223
0.188983 0.197336 -0.426731
0.206225 0.159362 -0.407239
0.223467 0.121389 -0.387747
0.240709 0.083415 -0.368255
0.257951 0.045441 -0.348762
0.275193 0.007468 -0.329270
0.292435 -0.030506 -0.309778
0.309786 -0.068719 -0.290163
0.327137 -0.106933 -0.270547
0.344488 -0.145146 -0.250932
0.361838 -0.183359 -0.231317
0.379189 -0.221572 -0.211701
0.396540 -0.259786 -0.192086
0.413891 -0.297999 -0.172471
0.431242 -0.336213 -0.152856
0.448593 -0.374426 -0.133240
0.465944 -0.412639 -0.113625
0.483403 -0.451091 -0.093888
0.499138 -0.489542 -0.074150
0.481680 -0.472007 -0.054413
0.464221 -0.433556 -0.034675
0.446762 -0.395104 -0.014938
0.429303 -0.356653 0.004800
0.411844 -0.318202 0.024538
0.394386 -0.279751 0.044275
0.376927 -0.241299 0.064013
0.359468 -0.202848 0.083750
0.341902 -0.164160 0.103609
0.324335 -0.125472 0.123468
0.306769 -0.086784 0.143327
0.289203 -0.048096 0.163186
0.271636 -0.009408 0.183045
0.254070 0.029280 0.202904
0.236503 0.067968 0.222763
0.218937 0.106656 0.242622
0.201371 0.145344 0.262481
0.183804 0.184032 0.282340
0.166131 0.222956 0.302319
0.148458 0.261879 0.322299
0.130785 0.300802 0.342279
0.113112 0.339725 0.362259
0.095439 0.378649 0.382239
0.077766 0.417572 0.402218
0.060093 0.456495 0.422198
0.042420 0.495419 0.442178
0.024747 0.534342 0.462158
0.007073 0.573265 0.482137
-0.010706 0.612421 0.497763
-0.028485 0.651578 0.477663
-0.046264 0.690735 0.457564
-0.064044 0.729891 0.437464
-0.081823 0.769048 0.417365
-0.099602 0.808205 0.397265
-0.117381 0.847362 0.377165
-0.135160 0.886518 0.357066
-0.152940 0.925675 0.336966
-0.170719 0.964832 0.316867
-0.188604 1.004221 0.296648
-0.206488 1.043610 0.276429
-0.224373 1.082999 0.256209
-0.242258 1.122388 0.235990
-0.260143 1.161777 0.215772
-0.278028 1.201166 0.195553
-0.295912 1.240556 0.175334
-0.313797 1.279945 0.155115
-0.331682 1.319334 0.134896
-0.349566 1.358723 0.114677
-0.367556 1.398343 0.094339
-0.385545 1.437964 0.074002
-0.403535 1.477584 0.053664
-0.421525 1.517205 0.033327
-0.439514 1.556825 0.012989
-0.457504 1.596445 -0.007349
-0.475493 1.636066 -0.027686
-0.493483 1.675686 -0.048024
-0.488528 1.715307 -0.068361
-0.470538 1.754927 -0.088699
-0.452444 1.794777 -0.109154
-0.434350 1.834628 -0.129610
-0.416256 1.874478 -0.150065
-0.398162 1.914329 -0.170521
-0.380069 1.954179 -0.190976
-0.361975 1.994030 -0.211432
-0.343881 2.033879 -0.231887
-0.325787 2.073729 -0.252342
-0.307693 2.113578 -0.272798
-0.289599 2.153427 -0.293253
-0.271402 2.193505 -0.313826
-0.253204 2.233583 -0.334399
-0.235006 2.273662 -0.354972
-0.216809 2.313740 -0.375545
-0.198611 2.353818 -0.396117
-0.180414 2.393896 -0.416690
-0.162216 2.433974 -0.437263
-0.144018 2.474052 -0.457836
-0.125821 2.514131 -0.478409
-0.107623 2.554209 -0.498982
-0.089322 2.594513 -0.480329
-0.071022 2.634818 -0.459640
-0.052721 2.675123 -0.438950
-0.034420 2.715427 -0.418261
-0.016119 2.755732 -0.397572
0.002181 2.796037 -0.376882
0.020482 2.836341 -0.356193
0.038783 2.876646 -0.335503
0.057083 2.916951 -0.314814
0.075384 2.957255 -0.294125
0.093787 2.997787 -0.273319
0.112191 3.038318 -0.252514
0.130594 3.078849 -0.231709
0.148997 3.119380 -0.210904
0.167400 3.159911 -0.190099
0.185804 3.200442 -0.169293
0.204207 3.240973 -0.148488
0.222610 3.281505 -0.127683
0.241013 3.322036 -0.106878
0.259417 3.362567 -0.086073
0.277922 3.403322 -0.065152
0.296427 3.444077 -0.044232
0.314932 3.484833 -0.023312
0.333437 3.525588 -0.002391
0.351942 3.506047 0.018529
0.370447 3.465292 0.039450
0.388953 3.424537 0.060370
0.407458 3.383781 0.081290
0.425963 3.343026 0.102211
0.444468 3.302271 0.123131
0.463075 3.261292 0.144166
0.481681 3.220312 0.165201
0.499712 3.179333 0.186237
0.481106 3.138353 0.207272
0.462499 3.097374 0.228307
0.443893 3.056395 0.249342
0.425286 3.015415 0.270377
0.406680 2.974436 0.291412
0.388074 2.933456 0.312447
0.369467 2.892477 0.333482
0.350760 2.851276 0.354631
0.332052 2.810075 0.375780
0.313344 2.768874 0.396930
0.294637 2.727673 0.418079
0.275929 2.686471 0.439228
0.257222 2.645270 0.460377
0.188803 2.688093 0.494671
0.070671 2.814939 0.457889
-0.047460 2.941784 0.410450
-0.165591 3.068630 0.363011
-0.284356 3.196156 0.315318
-0.403120 3.323681 0.267625
-0.478115 3.451206 0.219932
-0.359350 3.333785 0.172238
-0.240586 3.206260 0.124545
-0.121821 3.078734 0.076851
-0.003056 2.951209 0.029158
0.115708 2.823684 -0.018535
0.234473 2.696158 -0.066229
0.353238 2.568633 -0.113922
0.472632 2.440431 -0.161868
0.407973 2.312228 -0.209815
0.288578 2.184026 -0.257761
0.169184 2.055823 -0.305707
0.049789 1.927621 -0.353654
-0.069606 1.799418 -0.401600
-0.189000 1.671216 -0.449546
-0.308395 1.543014 -0.497493
-0.427790 1.414811 -0.454561
-0.452816 1.286609 -0.406615
-0.332794 1.157733 -0.358417
-0.212773 1.028857 -0.310219
-0.092751 0.899981 -0.262021
0.027270 0.771106 -0.213822
0.147291 0.642231 -0.165624
0.267313 0.513355 -0.117426
0.387334 0.384479 -0.069228
0.492644 0.255604 -0.021030
0.372623 0.126728 0.027168
0.252602 -0.002147 0.075366
0.131957 -0.131693 0.123815
0.011312 -0.261238 0.172263
-0.109333 -0.390783 0.220711
-0.229978 -0.479672 0.269160
-0.350623 -0.350127 0.317608
-0.471268 -0.220582 0.366057
-0.408087 -0.091037 0.414505
-0.287442 0.038508 0.462954
-0.166797 0.168053 0.488598
-0.046153 0.297598 0.440149
0.075113 0.427809 0.391452
0.196378 0.558020 0.342754
0.317643 0.688231 0.294057
0.438908 0.818442 0.245359
0.439826 0.948654 0.196662
0.318561 1.078865 0.147964
0.197296 1.209076 0.099266
0.076030 1.339287 0.050569
-0.045235 1.469498 0.001871
-0.166500 1.599709 -0.046826
-0.288382 1.730583 -0.095772
-0.410265 1.861457 -0.144717
-0.467853 1.992331 -0.193662
-0.345971 2.123204 -0.242608
-0.224089 2.254076 -0.291553
-0.102206 2.384949 -0.340498
0.019676 2.515822 -0.389444
0.141559 2.646695 -0.438389
0.263441 2.777567 -0.487334
0.385323 2.908440 -0.463721
0.492180 3.039973 -0.414529
0.369684 3.171506 -0.365337
0.247187 3.303040 -0.316145
0.124691 3.434573 -0.266953
0.002195 3.566106 -0.217761
-0.120302 3.420757 -0.168569
-0.242798 3.289224 -0.119377
-0.365295 3.157691 -0.070185
-0.439768 3.121187 -0.032805
-0.402190 3.306419 -0.022984
-0.364424 3.370363 -0.013115
-0.326658 3.184206 -0.003246
-0.288892 2.998049 0.006624
-0.251125 2.811891 0.016493
-0.213359 2.625734 0.026362
-0.175593 2.439577 0.036232
-0.137827 2.253420 0.046101
-0.100061 2.067262 0.055970
-0.062295 1.881106 0.065839
