0.062293 -0.119412 0.387577
0.052290 -0.111096 0.409881
0.042287 -0.102780 0.432185
0.032285 -0.094463 0.454488
0.022282 -0.086147 0.476792
0.012279 -0.136290 0.499096
0.014230 -0.223809 0.484511
0.023401 -0.277599 0.498168
0.018125 -0.305251 0.499457
0.002826 -0.335075 0.490555
-0.012474 -0.364531 0.481652
-0.020699 -0.379292 0.469299
-0.013156 -0.414138 0.454772
-0.013962 -0.436917 0.460711
-0.018346 -0.466644 0.475420
-0.012305 -0.458886 0.481677
0.004161 -0.487505 0.484522
0.020627 -0.483875 0.487366
0.037092 -0.455255 0.490210
0.053558 -0.426635 0.493055
0.070023 -0.398016 0.495899
0.089036 -0.380849 0.499183
0.108049 -0.413896 0.497532
0.127062 -0.446944 0.494248
0.146075 -0.479991 0.490964
0.165088 -0.486962 0.487680
0.184100 -0.453915 0.484396
0.203113 -0.420868 0.481111
0.222126 -0.387820 0.477827
0.241139 -0.354773 0.474543
0.260152 -0.321726 0.471259
0.281409 -0.325395 0.467587
0.302666 -0.362342 0.463915
0.323923 -0.399290 0.460243
0.345180 -0.436238 0.456571
0.366437 -0.473185 0.452899
0.387694 -0.489867 0.449227
0.408951 -0.452919 0.445555
0.430209 -0.415971 0.441883
0.451466 -0.379024 0.438211
0.472723 -0.342076 0.434539
0.466816 -0.380738 0.403853
0.460908 -0.419400 0.373167
0.456622 -0.414565 0.382689
0.453415 -0.380731 0.419015
0.450209 -0.346898 0.455341
0.447002 -0.313064 0.491668
0.443796 -0.279230 0.472006
0.440590 -0.267651 0.435679
0.437383 -0.301485 0.399353
0.434177 -0.335318 0.363027
0.430713 -0.371863 0.323790
0.427250 -0.408407 0.284552
0.423787 -0.444952 0.245315
0.421158 -0.474619 0.214842
0.418708 -0.490656 0.199597
0.413113 -0.472624 0.157074
0.407518 -0.435904 0.114551
0.402950 -0.434398 0.116220
0.399409 -0.468108 0.162083
0.395868 -0.498182 0.207946
0.392083 -0.462145 0.256975
0.388298 -0.426108 0.306005
0.384512 -0.390071 0.355034
0.380727 -0.354034 0.404063
0.376942 -0.317997 0.453093
0.373157 -0.281960 0.497878
0.369372 -0.245923 0.448849
0.365586 -0.209886 0.399819
0.361801 -0.173849 0.350790
0.358016 -0.207229 0.301761
0.354001 -0.245452 0.249757
0.349987 -0.283675 0.197754
0.345972 -0.321898 0.145750
0.341957 -0.360121 0.093747
0.337943 -0.398344 0.041743
0.333928 -0.436567 -0.010260
0.329913 -0.474790 -0.062264
0.325899 -0.486987 -0.114268
0.321884 -0.448764 -0.166271
0.317869 -0.410541 -0.218275
0.313637 -0.370251 -0.273091
0.309406 -0.329960 -0.327908
0.305174 -0.289669 -0.382724
0.307534 -0.248868 -0.443771
0.312721 -0.207848 -0.492512
0.317907 -0.166828 -0.428795
0.323093 -0.125808 -0.365079
0.328279 -0.084788 -0.301362
0.333465 -0.114154 -0.237645
0.336121 -0.144175 -0.181950
0.315016 -0.071839 -0.199255
0.293911 -0.115403 -0.216560
0.272806 -0.187738 -0.233865
0.251701 -0.260074 -0.251170
0.230596 -0.332409 -0.268475
0.209491 -0.404744 -0.285780
0.188386 -0.477080 -0.303085
0.167282 -0.450585 -0.320390
0.146177 -0.378250 -0.337695
0.125072 -0.305914 -0.355000
0.103028 -0.230362 -0.373075
0.080985 -0.154811 -0.391149
0.058942 -0.079259 -0.409224
0.036898 -0.042274 -0.427298
0.014855 -0.117826 -0.445373
-0.007189 -0.193378 -0.463447
-0.029232 -0.268929 -0.481522
-0.051275 -0.344481 -0.499596
-0.073319 -0.420033 -0.482329
-0.094025 -0.469540 -0.480931
-0.127326 -0.458821 -0.489694
-0.199477 -0.445159 -0.452266
-0.271628 -0.431497 -0.414838
-0.343780 -0.417836 -0.377410
-0.415931 -0.404174 -0.339982
-0.488082 -0.390512 -0.302554
-0.439767 -0.376850 -0.265126
-0.367616 -0.363189 -0.227697
-0.295465 -0.349527 -0.190269
-0.223314 -0.335865 -0.152841
-0.148439 -0.321688 -0.114000
-0.073564 -0.307511 -0.075158
0.001310 -0.293334 -0.036317
0.076185 -0.279156 0.002524
0.151060 -0.264979 0.041365
0.225934 -0.250802 0.080206
0.300809 -0.236624 0.119047
0.375684 -0.222447 0.157888
0.450558 -0.208270 0.196729
0.474567 -0.194092 0.235570
0.397064 -0.179417 0.275775
0.319561 -0.164742 0.315979
0.242059 -0.150067 0.356183
0.164556 -0.135392 0.396387
0.087054 -0.120717 0.436592
0.009551 -0.106042 0.476796
-0.067952 -0.091367 0.483000
-0.145454 -0.076692 0.442796
-0.222957 -0.062018 0.402592
-0.300460 -0.047343 0.362387
-0.380504 -0.032186 0.320864
-0.460548 -0.017030 0.279341
-0.459408 -0.001874 0.237818
-0.379363 0.013282 0.196296
-0.299319 0.028439 0.154773
-0.219275 0.043595 0.113250
-0.139230 0.058751 0.071727
-0.059186 0.073908 0.030204
0.020859 0.089064 -0.011319
0.100903 0.070941 -0.052842
0.183411 0.055318 -0.095643
0.265919 0.039696 -0.138443
0.348426 0.024073 -0.181244
0.430934 0.008450 -0.224045
0.486558 -0.007173 -0.266846
0.404050 -0.022795 -0.309647
0.321543 -0.038418 -0.352447
0.239035 -0.054041 -0.395248
0.156527 -0.069663 -0.438049
0.074019 -0.085286 -0.480850
-0.010881 -0.101362 -0.475108
-0.095781 -0.117437 -0.431067
-0.180681 -0.133513 -0.387025
-0.265581 -0.149589 -0.342984
-0.350481 -0.165664 -0.298942
-0.435380 -0.181740 -0.254900
-0.479720 -0.197816 -0.210859
-0.394820 -0.213891 -0.166817
-0.309920 -0.229967 -0.122775
-0.225020 -0.246043 -0.078734
-0.137793 -0.262559 -0.033485
-0.050567 -0.279075 0.011763
0.036659 -0.295591 0.057012
-0.007193 -0.233720 0.031784
-0.051045 -0.171850 0.006555
-0.094897 -0.109979 -0.018673
-0.138749 -0.048108 -0.043901
-0.182601 0.013762 -0.069130
-0.226453 0.075633 -0.094358
-0.270305 0.137504 -0.119586
-0.315296 0.200982 -0.145470
-0.360287 0.205696 -0.171353
-0.405278 0.142218 -0.197237
-0.450269 0.078740 -0.223121
-0.495260 0.015262 -0.249004
-0.459749 -0.048216 -0.274888
-0.414758 -0.111694 -0.300772
-0.369767 -0.175172 -0.326655
-0.324776 -0.238650 -0.352539
-0.279785 -0.302128 -0.378422
-0.233682 -0.367173 -0.404945
-0.187580 -0.432219 -0.431468
-0.141478 -0.497265 -0.457991
-0.143234 -0.486840 -0.466201
-0.216776 -0.455328 -0.446943
-0.290318 -0.397497 -0.427684
-0.363861 -0.339665 -0.408426
-0.437404 -0.281834 -0.389167
-0.489054 -0.224003 -0.369908
-0.415511 -0.166171 -0.350650
-0.340238 -0.106979 -0.330938
-0.264965 -0.047786 -0.311226
-0.189692 0.011406 -0.291514
-0.114419 0.070598 -0.271803
-0.039145 0.129791 -0.252091
0.036128 0.188983 -0.232379
0.111401 0.248175 -0.212667
0.186674 0.307368 -0.192956
0.261947 0.366560 -0.173244
0.337220 0.413901 -0.153532
0.414185 0.353378 -0.133377
0.491150 0.292855 -0.113223
0.431885 0.232332 -0.093068
0.354921 0.171809 -0.072913
0.277956 0.111287 -0.052759
0.200991 0.050764 -0.032604
0.124026 -0.009759 -0.012449
0.047061 -0.070281 0.007706
-0.029904 -0.130804 0.027860
-0.106868 -0.191327 0.048015
-0.185489 -0.253151 0.068603
-0.264109 -0.314976 0.089191
-0.342729 -0.376800 0.109780
-0.421349 -0.438624 0.130368
-0.499970 -0.499551 0.150956
-0.421410 -0.437727 0.171544
-0.342790 -0.375903 0.192132
-0.264169 -0.314078 0.212721
-0.185549 -0.252254 0.233309
-0.106929 -0.190430 0.253897
-0.026688 -0.127330 0.274910
0.053554 -0.064231 0.295922
0.133795 -0.001132 0.316935
0.214037 0.061968 0.337948
0.294278 0.125067 0.358961
0.374520 0.188166 0.379973
0.454761 0.251265 0.400986
0.464997 0.314365 0.421999
0.384756 0.377464 0.443012
0.304514 0.440563 0.464024
0.222683 0.504912 0.485453
0.140853 0.446921 0.493118
0.085990 0.398984 0.480343
0.138997 0.416694 0.497821
0.192003 0.434405 0.475984
0.245010 0.452115 0.454147
0.298017 0.469826 0.432310
0.351023 0.487537 0.410474
0.404030 0.505247 0.388637
0.457037 0.522958 0.366800
0.488947 0.541007 0.344548
0.434930 0.559055 0.322295
0.380914 0.577103 0.300043
0.326898 0.563026 0.277790
0.272881 0.544978 0.255538
0.218865 0.526930 0.233285
0.164848 0.508882 0.211032
0.110832 0.490833 0.188780
0.056815 0.472785 0.166527
0.002799 0.454737 0.144274
-0.052209 0.436358 0.121614
-0.107216 0.417979 0.098953
-0.162224 0.399599 0.076291
-0.217231 0.381220 0.053630
-0.272239 0.362841 0.030970
-0.327247 0.344461 0.008309
-0.382254 0.326082 -0.014352
-0.437262 0.307702 -0.037013
-0.492270 0.289323 -0.059674
-0.452723 0.270944 -0.082335
-0.396742 0.252239 -0.105398
-0.340760 0.233535 -0.128460
-0.284779 0.214830 -0.151522
-0.228798 0.196125 -0.174584
-0.172816 0.177421 -0.197646
-0.116835 0.158716 -0.220708
-0.060854 0.140012 -0.243770
-0.004873 0.121307 -0.266832
0.051109 0.102603 -0.289894
0.107090 0.083898 -0.312957
0.164028 0.064874 -0.336413
0.220966 0.045849 -0.359869
0.277905 0.026825 -0.383325
0.334843 0.007801 -0.406781
0.391781 -0.011224 -0.430238
0.448719 -0.030248 -0.453694
0.494343 -0.049272 -0.477150
0.437404 -0.068297 -0.499394
0.380466 -0.087321 -0.475937
0.323528 -0.106346 -0.452481
0.265648 -0.125684 -0.428637
0.207769 -0.145023 -0.404793
0.149890 -0.164362 -0.380949
0.092010 -0.183701 -0.357105
0.034131 -0.203040 -0.333261
-0.023749 -0.222379 -0.309418
-0.081628 -0.241718 -0.285574
-0.139508 -0.261057 -0.261730
-0.197387 -0.280395 -0.237886
-0.255266 -0.299734 -0.214042
-0.314072 -0.319382 -0.189816
-0.372878 -0.339031 -0.165590
-0.431683 -0.358679 -0.141365
-0.490489 -0.378327 -0.117139
-0.450705 -0.397976 -0.092914
-0.391900 -0.417624 -0.068688
-0.333094 -0.437273 -0.044462
-0.274288 -0.456921 -0.020237
-0.215483 -0.476569 0.003989
-0.156677 -0.496218 0.028214
-0.096960 -0.483829 0.052816
-0.037242 -0.463876 0.077417
0.022475 -0.443923 0.102018
0.082192 -0.423971 0.126619
0.141910 -0.404018 0.151221
0.201627 -0.384065 0.175822
0.261344 -0.364112 0.200423
0.321062 -0.344159 0.225024
0.380779 -0.324206 0.249625
0.440496 -0.304253 0.274227
0.498888 -0.284000 0.299198
0.438273 -0.263747 0.324169
0.377657 -0.243494 0.349140
0.317042 -0.223241 0.374111
0.256426 -0.202988 0.399082
0.195811 -0.182735 0.424053
0.135195 -0.162482 0.449024
0.074580 -0.142229 0.473995
0.013965 -0.121976 0.498966
-0.046651 -0.101723 0.476063
-0.108151 -0.081174 0.450727
-0.169652 -0.060626 0.425391
-0.231152 -0.040077 0.400055
-0.292652 -0.019528 0.374719
-0.354153 0.001020 0.349383
-0.415653 0.021569 0.324048
-0.477153 0.042118 0.298712
-0.461346 0.062666 0.273376
-0.399846 0.083215 0.248040
-0.338346 0.103764 0.222704
-0.275973 0.124604 0.197009
-0.213600 0.145444 0.171314
-0.151227 0.166284 0.145619
-0.088855 0.187124 0.119924
-0.026482 0.207964 0.094229
0.035891 0.228805 0.068534
0.098264 0.249645 0.042838
0.160636 0.270485 0.017143
0.223009 0.291325 -0.008552
0.285382 0.312165 -0.034247
0.348615 0.333293 -0.060297
0.411848 0.354421 -0.086346
0.475081 0.375549 -0.112396
0.461686 0.396676 -0.138445
0.398453 0.417804 -0.164495
0.335220 0.438932 -0.190544
0.271987 0.460060 -0.216594
0.208754 0.481187 -0.242644
0.145521 0.502315 -0.268693
0.082288 0.523443 -0.294743
0.018206 0.544854 -0.321142
-0.045876 0.566265 -0.347541
-0.109958 0.587676 -0.373940
-0.174040 0.609087 -0.400340
-0.238122 0.630498 -0.426739
-0.302204 0.651910 -0.453138
-0.366286 0.673321 -0.479537
-0.430367 0.694732 -0.494064
-0.494449 0.716143 -0.467664
-0.441469 0.737554 -0.441265
-0.376549 0.759246 -0.414521
-0.311630 0.780937 -0.387777
-0.246710 0.802628 -0.361032
-0.181791 0.824320 -0.334288
-0.116871 0.846011 -0.307544
-0.051951 0.867702 -0.280799
0.012968 0.889394 -0.254055
0.077888 0.911085 -0.227311
0.142808 0.932776 -0.200566
0.207727 0.954468 -0.173822
0.273474 0.976435 -0.146737
0.339220 0.998402 -0.119652
0.404967 1.020370 -0.092567
0.470714 1.042338 -0.065482
0.463540 1.064306 -0.038397
0.397793 1.045463 -0.011312
0.332047 1.023495 0.015773
0.266300 1.001527 0.042858
0.200553 0.979560 0.069943
0.134807 0.957592 0.097028
0.068243 0.935352 0.124450
0.001680 0.913112 0.151872
-0.064883 0.890871 0.179293
-0.131447 0.868631 0.206715
-0.198010 0.846391 0.234136
-0.264574 0.824151 0.261558
-0.331137 0.801910 0.288979
-0.397700 0.779670 0.316401
-0.464264 0.757430 0.343822
-0.469173 0.735189 0.371243
-0.401802 0.712680 0.398997
-0.334432 0.690170 0.426751
-0.267062 0.667660 0.454505
-0.199692 0.645151 0.482259
-0.132321 0.622641 0.489987
-0.064951 0.600131 0.462233
0.002419 0.577622 0.434479
0.069789 0.555112 0.406725
0.137160 0.532602 0.378971
0.204530 0.510092 0.351217
0.272697 0.487316 0.323134
0.340865 0.464540 0.295052
0.409032 0.441763 0.266969
0.477200 0.418987 0.238887
0.454633 0.396210 0.210804
0.386465 0.373434 0.182722
0.318298 0.350658 0.154640
0.250130 0.327881 0.126557
0.181963 0.305105 0.098475
0.113795 0.282328 0.070392
0.044840 0.259289 0.041985
-0.024116 0.236249 0.013578
-0.093072 0.213210 -0.014829
-0.162027 0.190170 -0.043236
-0.230983 0.167130 -0.071643
-0.299939 0.144091 -0.100050
-0.368895 0.121051 -0.128457
-0.437850 0.098012 -0.156864
-0.493194 0.074972 -0.185271
-0.424238 0.051932 -0.213678
-0.354504 0.028632 -0.242406
-0.284769 0.005332 -0.271134
-0.215034 -0.017968 -0.299862
-0.145299 -0.041268 -0.328590
-0.075564 -0.064568 -0.357318
-0.005829 -0.087868 -0.386046
0.063905 -0.111168 -0.414774
0.133640 -0.134468 -0.443502
0.203375 -0.157768 -0.472230
0.273110 -0.181068 -0.499042
0.343616 -0.204625 -0.469997
0.414121 -0.228182 -0.440952
0.484626 -0.251740 -0.411906
0.444868 -0.275297 -0.382861
0.374363 -0.298855 -0.353816
0.303857 -0.322412 -0.324770
0.233352 -0.345970 -0.295725
0.162846 -0.369528 -0.266680
0.092341 -0.393085 -0.237634
0.021836 -0.416643 -0.208589
-0.049432 -0.440455 -0.179229
-0.120700 -0.464267 -0.149870
-0.191967 -0.488079 -0.120510
-0.263235 -0.488109 -0.091151
-0.334503 -0.464297 -0.061791
-0.405771 -0.440485 -0.032432
-0.477038 -0.416673 -0.003072
-0.451694 -0.392861 0.026287
-0.380426 -0.369049 0.055647
-0.309158 -0.345237 0.085006
-0.237136 -0.321173 0.114676
-0.165115 -0.297108 0.144346
-0.093093 -0.273044 0.174017
-0.021071 -0.248980 0.203687
0.050951 -0.224916 0.233357
0.122973 -0.200852 0.263027
0.194994 -0.176787 0.292697
0.267016 -0.152723 0.322368
0.339038 -0.128659 0.352038
0.411060 -0.104595 0.381708
0.483828 -0.080282 0.411686
0.443404 -0.055968 0.441663
0.370635 -0.031655 0.471641
0.297867 -0.007341 0.498381
0.225099 0.016972 0.468404
0.152330 0.041286 0.438426
0.079562 0.065599 0.408449
0.006794 0.089913 0.378471
-0.065974 0.114226 0.348494
-0.138742 0.138540 0.318516
-0.212249 0.163100 0.288234
-0.285756 0.187661 0.257952
-0.359264 0.212221 0.227670
-0.432771 0.236782 0.197388
-0.493722 0.261342 0.167106
-0.420215 0.285902 0.136824
-0.346708 0.310463 0.106542
-0.273201 0.335023 0.076260
-0.199694 0.359583 0.045978
-0.126187 0.384144 0.015696
-0.051948 0.408949 -0.014887
0.022290 0.433753 -0.045471
0.096528 0.458558 -0.076054
0.170767 0.483363 -0.106637
0.245005 0.508168 -0.137221
0.319244 0.532972 -0.167804
0.348698 0.545582 -0.210734
0.310977 0.539900 -0.272184
0.273256 0.534218 -0.333634
0.235535 0.528536 -0.395084
0.197446 0.522798 -0.457134
0.159357 0.517061 -0.480816
0.121268 0.511323 -0.418767
0.083179 0.505585 -0.356717
0.045089 0.499848 -0.294668
0.007000 0.494110 -0.232618
-0.031089 0.488373 -0.170568
-0.069178 0.482635 -0.108519
-0.107267 0.476898 -0.046469
-0.145356 0.471160 0.015581
-0.183810 0.465368 0.078224
-0.222264 0.459575 0.140867
-0.260717 0.453783 0.203511
-0.299171 0.447991 0.266154
-0.337625 0.442198 0.328798
-0.440262 0.348242 0.309139
-0.414311 0.195510 0.234612
-0.268885 0.042779 0.160086
-0.123458 -0.109953 0.085559
0.021969 -0.262685 0.011033
0.168761 -0.416851 -0.064194
0.315553 -0.428983 -0.139420
0.462345 -0.274818 -0.214647
0.390863 -0.120652 -0.289873
0.244071 0.033514 -0.365099
0.097278 0.187680 -0.440326
-0.049514 0.341846 -0.484448
-0.196306 0.496012 -0.409221
-0.343098 0.650178 -0.333995
-0.489890 0.804343 -0.258768
-0.361965 0.959930 -0.182849
-0.213820 1.115517 -0.106929
-0.065675 1.271104 -0.031009
0.082470 1.426691 0.044910
0.230615 1.532220 0.120830
0.378760 1.376632 0.196750
0.473095 1.221045 0.272670
0.324950 1.065458 0.348589
0.176805 0.909871 0.424509
0.028660 0.754285 0.499571
-0.120826 0.597290 0.422965
-0.270312 0.440295 0.346358
-0.419798 0.283300 0.269751
-0.430717 0.126305 0.193144
-0.281231 -0.030690 0.116537
-0.131745 -0.187685 0.039930
0.017741 -0.344679 -0.036676
0.167226 -0.498326 -0.113283
0.316712 -0.341331 -0.189890
0.466198 -0.184336 -0.266497
0.382987 -0.025946 -0.343784
0.232173 0.132444 -0.421072
0.081358 0.290835 -0.498360
-0.069456 0.449225 -0.424352
-0.220271 0.607616 -0.347064
-0.371085 0.766006 -0.269776
-0.459174 0.862272 -0.221225
-0.296359 0.710041 -0.287622
-0.133543 0.557810 -0.354018
0.029272 0.405580 -0.420414
0.193509 0.252019 -0.487391
0.357747 0.098459 -0.445633
0.478016 -0.055102 -0.378657
0.313779 -0.208662 -0.311681
0.149541 -0.362222 -0.244704
-0.014696 -0.484217 -0.177728
-0.178933 -0.330657 -0.110752
-0.343171 -0.177097 -0.043776
-0.492592 -0.023536 0.023200
-0.328355 0.130024 0.090176
-0.162707 0.284902 0.157727
0.002940 0.439781 0.225278
0.168587 0.594659 0.292829
0.334234 0.749538 0.360380
0.499881 0.904416 0.427932
0.334471 1.059295 0.495483
0.168824 1.214174 0.436966
0.003177 1.369053 0.369415
-0.162470 1.523932 0.301864
-0.328117 1.678812 0.234313
-0.495162 1.740427 0.166192
-0.337793 1.584241 0.098071
-0.170748 1.428056 0.029950
-0.003703 1.271870 -0.038172
0.163342 1.115684 -0.106293
0.330387 0.959499 -0.174414
0.497432 0.803313 -0.242535
0.335523 0.647127 -0.310656
0.168478 0.490942 -0.378777
0.001433 0.334756 -0.446899
-0.166999 0.177274 -0.484415
-0.335430 0.019793 -0.415729
-0.496139 -0.137689 -0.347042
-0.327707 -0.295171 -0.278356
-0.159276 -0.452652 -0.209670
0.009155 -0.389866 -0.140983
0.177587 -0.232384 -0.072297
0.346018 -0.074902 -0.003610
0.485551 0.082579 0.065076
0.317119 0.240061 0.133763
0.147313 0.398828 0.203010
-0.022493 0.557595 0.272257
-0.192299 0.716362 0.341504
-0.362106 0.875129 0.410751
-0.468088 1.033897 0.479998
-0.298282 1.192664 0.450754
-0.319937 1.155812 0.479431
-0.469232 0.988548 0.426610
-0.381473 0.821283 0.332651
-0.232178 0.654019 0.238692
-0.081684 0.485411 0.143979
0.068810 0.316803 0.049265
0.219304 0.148195 -0.045449
0.369798 -0.020413 -0.140162
0.479708 -0.189021 -0.234876
0.329214 -0.357629 -0.329589
0.178720 -0.473763 -0.424303
0.028226 -0.305155 -0.480984
-0.122268 -0.136547 -0.386270
-0.272762 0.032061 -0.291556
-0.424446 0.202002 -0.196094
-0.423870 0.371943 -0.100632
-0.272187 0.541884 -0.005169
-0.120503 0.711825 0.090293
0.031181 0.881767 0.185755
0.182865 1.051708 0.281218
0.334548 1.221649 0.376680
0.486232 1.391590 0.472143
0.362084 1.561531 0.432395
0.210400 1.731472 0.336932
0.057536 1.902736 0.240727
-0.095328 1.989210 0.144522
-0.248192 1.817946 0.048316
-0.401056 1.646683 -0.047889
-0.446080 1.475420 -0.144094
-0.293215 1.304157 -0.240299
-0.140351 1.132894 -0.336505
0.012513 0.961630 -0.432710
0.165377 0.790367 -0.471085
0.318241 0.619104 -0.374880
0.472277 0.446528 -0.277937
0.373687 0.273952 -0.180995
0.219652 0.101377 -0.084052
0.065616 -0.071199 0.012890
-0.088420 -0.243775 0.109833
-0.242455 -0.416351 0.206775
-0.396491 -0.411074 0.303718
-0.449474 -0.238498 0.400660
-0.295438 -0.065922 0.497602
-0.141402 0.106654 0.405455
0.013796 0.280532 0.307781
0.168994 0.454410 0.210107
0.324192 0.628289 0.112433
0.479390 0.802167 0.014758
0.365411 0.976045 -0.082916
0.210213 1.149923 -0.180590
0.055015 1.323802 -0.278264
-0.100183 1.497681 -0.375938
-0.255381 1.671559 -0.473612
-0.410580 1.845438 -0.428714
-0.433068 2.020609 -0.330313
-0.276717 2.038611 -0.231913
-0.120364 1.863441 -0.133512
0.035988 1.688270 -0.035112
0.192340 1.513099 0.063288
0.348692 1.337928 0.161689
0.494956 1.162757 0.260089
0.338605 0.987586 0.358489
0.182253 0.812415 0.456890
0.025900 0.637244 0.444710
-0.131597 0.460790 0.345588
-0.289095 0.284335 0.246467
-0.446592 0.107881 0.147346
-0.395910 -0.068573 0.048225
-0.238413 -0.245028 -0.050897
-0.172598 -0.203579 -0.113616
-0.198467 0.055775 -0.139933
-0.224335 0.315128 -0.166250
-0.250204 0.574481 -0.192568
-0.276072 0.833834 -0.218885
-0.302127 1.095060 -0.245392
-0.328183 1.356285 -0.271899
-0.354238 1.617511 -0.298406
-0.380293 1.878737 -0.324913
-0.406348 2.139963 -0.351420
-0.432404 2.401188 -0.377927
-0.458459 2.359316 -0.404435
-0.484514 2.098091 -0.430942
-0.489431 1.836865 -0.457449
-0.463375 1.575639 -0.483956
-0.437135 1.312554 -0.489348
-0.410894 1.049469 -0.462652
-0.384653 0.786383 -0.435956
-0.358413 0.523298 -0.409260
-0.332172 0.260213 -0.382564
-0.305931 -0.002872 -0.355868
-0.279691 -0.265957 -0.329172
-0.253450 -0.470957 -0.302476
-0.227209 -0.207872 -0.275780
-0.200969 0.055213 -0.249084
-0.174544 0.320144 -0.222201
-0.148119 0.585075 -0.195318
-0.121694 0.850007 -0.168434
-0.095270 1.114938 -0.141551
-0.068845 1.379869 -0.114668
-0.042420 1.644799 -0.087785
-0.015995 1.909730 -0.060902
0.010430 2.174661 -0.034018
0.036855 2.312654 -0.007135
0.063279 2.047723 0.019748
0.089887 1.780959 0.046817
0.116495 1.514194 0.073887
0.143102 1.247430 0.100956
0.169710 0.980666 0.128025
0.196318 0.713901 0.155095
0.222925 0.447137 0.182164
0.249533 0.180372 0.209233
0.276141 -0.086393 0.236302
0.302749 -0.353158 0.263372
0.329356 -0.380078 0.290441
0.356146 -0.111492 0.317695
0.382935 0.157094 0.344949
0.409724 0.425680 0.372203
0.436514 0.694265 0.399457
0.463303 0.962851 0.426710
0.490092 1.231437 0.453964
0.483118 1.500022 0.481218
0.456329 1.768608 0.491528
0.429540 2.037194 0.464274
0.402751 2.305779 0.437020
0.375781 2.083461 0.409582
0.348811 1.813067 0.382145
0.321842 1.542673 0.354707
0.294872 1.272279 0.327270
0.267902 1.001885 0.299832
0.240933 0.731490 0.272395
0.213963 0.461095 0.244957
0.186993 0.190701 0.217520
0.160024 -0.079694 0.190082
0.133054 -0.350088 0.162645
0.139031 -0.361087 0.174806
0.178135 -0.110895 0.226748
0.217238 0.139298 0.278691
0.256342 0.389491 0.330633
0.295445 0.639683 0.382576
0.334549 0.889875 0.434518
0.373652 1.140068 0.486461
0.412756 1.390261 0.461597
0.451860 1.640454 0.409654
0.490963 1.890646 0.357712
0.469677 2.142479 0.305429
0.430317 2.394311 0.253146
0.390957 2.646143 0.200863
0.351597 2.488865 0.148580
0.312237 2.237033 0.096297
0.272877 1.985201 0.044015
0.233517 1.733368 -0.008268
0.194157 1.481534 -0.060551
0.154797 1.229701 -0.112834
0.115437 0.977868 -0.165117
0.075823 0.724405 -0.217739
0.036208 0.470941 -0.270360
-0.003407 0.217478 -0.322981
-0.043022 -0.035985 -0.375603
-0.082636 -0.289448 -0.428224
-0.122251 -0.457089 -0.480845
-0.161866 -0.203626 -0.466533
-0.201480 0.049838 -0.413912
-0.241095 0.303301 -0.361291
-0.280710 0.556764 -0.308669
-0.320578 0.811847 -0.255712
-0.360445 1.066930 -0.202754
-0.400313 1.322013 -0.149797
-0.440181 1.577095 -0.096839
-0.480049 1.832178 -0.043881
-0.480083 2.087261 0.009076
-0.440216 2.342342 0.062034
-0.400348 2.597424 0.114991
-0.360480 2.744381 0.167949
-0.320612 2.489299 0.220906
-0.280493 2.232606 0.274198
-0.240374 1.975913 0.327490
-0.200254 1.719221 0.380781
-0.160135 1.462528 0.434073
-0.120016 1.205836 0.487365
-0.079896 0.949144 0.459344
-0.039777 0.692452 0.406052
0.000343 0.435760 0.352760
0.040462 0.179067 0.299469
0.080581 -0.077625 0.246177
0.120951 -0.335916 0.192553
0.161320 -0.405792 0.138930
0.201689 -0.147500 0.085306
0.242059 0.110791 0.031682
0.282428 0.369083 -0.021942
0.322797 0.627374 -0.075565
0.363167 0.885666 -0.129189
0.403536 1.143957 -0.182813
0.443905 1.402249 -0.236437
0.484275 1.660541 -0.290060
0.475107 1.920422 -0.344014
0.434489 2.180303 -0.397968
0.393872 2.440184 -0.451922
0.353254 2.700065 -0.494124
0.312636 2.959946 -0.440171
0.272018 2.736664 -0.386217
0.231400 2.476783 -0.332263
0.190782 2.216902 -0.278309
0.150165 1.957021 -0.224355
0.109547 1.697140 -0.170402
0.068682 1.435679 -0.116120
0.027817 1.174219 -0.061838
-0.013047 0.912758 -0.007557
-0.053912 0.651297 0.046725
-0.094777 0.389836 0.101007
-0.135641 0.128375 0.155289
-0.176506 -0.133086 0.209570
-0.217371 -0.394547 0.263852
-0.258235 -0.343993 0.318134
-0.299100 -0.082532 0.372415
-0.340210 0.180500 0.427023
-0.381320 0.443531 0.481631
-0.422431 0.706562 0.463762
-0.463541 0.969593 0.409154
-0.495349 1.232625 0.354546
-0.454239 1.495656 0.299939
-0.413129 1.758688 0.245331
-0.372018 2.021720 0.190723
-0.330908 2.284750 0.136116
-0.289798 2.547781 0.081508
-0.248444 2.812373 0.026576
-0.207090 3.076965 -0.028356
-0.165736 2.963891 -0.083288
-0.124381 2.699299 -0.138219
-0.083027 2.434707 -0.193151
-0.041673 2.170115 -0.248083
-0.000319 1.905523 -0.303015
0.041035 1.640930 -0.357947
0.082389 1.376338 -0.412879
0.123743 1.111746 -0.467811
0.165340 0.845602 -0.476935
0.206937 0.579458 -0.421681
0.248534 0.313313 -0.366427
0.290130 0.047169 -0.311173
0.331727 -0.218975 -0.255919
0.373323 -0.485119 -0.200665
0.414920 -0.248736 -0.145411
0.456517 0.017408 -0.090157
0.498113 0.283552 -0.034903
0.460290 0.549696 0.020351
0.418453 0.817383 0.075926
0.376615 1.085070 0.131500
0.334777 1.352757 0.187074
0.292939 1.620443 0.242649
0.251102 1.888130 0.298223
0.209264 2.155817 0.353798
0.167426 2.423504 0.409372
0.125588 2.691191 0.464946
0.083750 2.958878 0.479479
0.041913 3.226565 0.423905
-0.000165 3.070756 0.368012
-0.042243 2.801533 0.312119
-0.084320 2.532311 0.256226
-0.126398 2.263089 0.200334
-0.168475 1.993867 0.144441
-0.210553 1.724646 0.088548
-0.252631 1.455425 0.032655
-0.294708 1.186204 -0.023238
-0.336786 0.916983 -0.079131
-0.378863 0.647761 -0.135023
-0.421179 0.377015 -0.191233
-0.463495 0.106269 -0.247442
-0.494189 -0.164478 -0.303652
-0.451873 -0.435224 -0.359861
-0.409557 -0.294029 -0.416071
-0.367241 -0.023283 -0.472280
-0.324924 0.247463 -0.471510
-0.282608 0.518210 -0.415300
-0.240292 0.788956 -0.359091
-0.197976 1.059703 -0.302881
-0.155423 1.331966 -0.246357
-0.112870 1.604229 -0.189833
-0.070317 1.876493 -0.133308
-0.027764 2.148755 -0.076784
0.014789 2.421017 -0.020259
0.057342 2.693279 0.036265
0.099895 2.965541 0.092789
0.142448 3.237803 0.149314
0.185001 3.287796 0.205838
0.227554 3.015534 0.262362
0.270343 2.741763 0.319200
0.313132 2.467991 0.376037
0.355920 2.194220 0.432875
0.398709 1.920449 0.489712
0.441498 1.646677 0.453450
0.484286 1.372906 0.396613
0.472925 1.099135 0.339775
0.430136 0.825363 0.282938
0.387348 0.551591 0.226100
0.344559 0.277820 0.169263
0.301536 0.002548 0.112114
0.258512 -0.272724 0.054965
0.215489 -0.452004 -0.002184
0.172466 -0.176732 -0.059333
0.129443 0.098539 -0.116482
0.086420 0.373811 -0.173631
0.043396 0.649083 -0.230780
0.000373 0.924354 -0.287929
-0.042650 1.199626 -0.345078
-0.085674 1.474898 -0.402227
-0.128930 1.751662 -0.459686
-0.172186 2.028425 -0.482855
-0.215443 2.305189 -0.425396
-0.258699 2.581952 -0.367937
-0.301956 2.858716 -0.310479
-0.345212 3.135479 -0.253020
-0.388469 3.412243 -0.195561
-0.431726 3.435301 -0.138102
-0.474982 3.158537 -0.080643
-0.481761 2.881774 -0.023185
-0.438273 2.603525 0.034582
-0.394784 2.325276 0.092349
-0.351296 2.047027 0.150116
-0.307808 1.768780 0.207883
-0.264319 1.490532 0.265649
-0.220831 1.212284 0.323416
-0.177342 0.934037 0.381183
-0.133854 0.655789 0.438950
-0.090365 0.377542 0.496716
-0.046877 0.099294 0.445517
-0.003158 -0.180430 0.387443
0.040561 -0.460154 0.329370
0.084280 -0.260122 0.271297
0.127999 0.019602 0.213223
0.171719 0.299326 0.155150
0.215438 0.579050 0.097077
0.259157 0.858774 0.039004
0.302876 1.138498 -0.019070
0.346595 1.418221 -0.077143
0.390314 1.697945 -0.135216
0.434263 1.979137 -0.193594
0.478211 2.260330 -0.251973
0.477840 2.541523 -0.310351
0.433892 2.822716 -0.368729
0.389943 3.103909 -0.427107
0.345994 3.385103 -0.485486
0.302046 3.572646 -0.456136
0.258097 3.291453 -0.397758
0.214149 3.010260 -0.339379
0.170200 2.729066 -0.281001
0.126023 2.446414 -0.222320
0.081846 2.163762 -0.163638
0.037669 1.881109 -0.104957
-0.006508 1.598455 -0.046276
-0.050685 1.315802 0.012406
-0.094861 1.033148 0.071087
-0.139038 0.750495 0.129768
-0.183215 0.467842 0.188450
-0.227392 0.185189 0.247131
-0.271569 -0.097464 0.305813
-0.179518 -0.238748 0.205221
0.048988 -0.237210 -0.054945
0.277494 -0.235672 -0.315111
0.494001 -0.234134 -0.424722
0.265495 -0.232596 -0.164556
0.036989 -0.231058 0.095610
-0.191517 -0.229520 0.355776
-0.420023 -0.227981 0.384057
-0.351472 -0.226443 0.123891
-0.122966 -0.224905 -0.136275
0.106703 -0.223359 -0.397765
0.311426 -0.251500 -0.436975
0.457943 -0.348911 -0.496253
0.395541 -0.446321 -0.444468
0.249024 -0.456268 -0.385190
0.102508 -0.358858 -0.325912
-0.044009 -0.261448 -0.266633
-0.190525 -0.164037 -0.207355
-0.337042 -0.066627 -0.148077
-0.483558 0.030784 -0.088799
-0.369187 0.128685 -0.029222
-0.221932 0.226586 0.030355
-0.074677 0.324488 0.089932
0.072577 0.422389 0.149509
0.219832 0.520290 0.209085
0.367086 0.618191 0.268662
0.485659 0.716093 0.328239
0.338404 0.813994 0.387816
0.191149 0.911895 0.447393
0.043895 1.009796 0.493030
-0.104094 1.108186 0.433156
-0.252083 1.206575 0.373282
-0.400073 1.304964 0.313408
-0.451938 1.403354 0.253534
-0.303949 1.501743 0.193660
-0.155960 1.600133 0.133786
-0.007971 1.698522 0.073912
0.140018 1.796911 0.014038
0.288007 1.895301 -0.045836
