0.104610 -0.092089 0.343781
0.099098 -0.093341 0.368975
0.093587 -0.094594 0.394169
0.088075 -0.095847 0.419363
0.082563 -0.097100 0.444556
0.077051 -0.136290 0.469750
0.054673 -0.223809 0.468161
0.046631 -0.281935 0.465417
0.079198 -0.304344 0.463306
0.111765 -0.335075 0.461194
0.106384 -0.364531 0.456439
0.068811 -0.373452 0.448458
0.031238 -0.396463 0.440478
0.038465 -0.432139 0.456836
0.064891 -0.448952 0.483626
0.091317 -0.453806 0.489584
0.081735 -0.451048 0.478781
0.068153 -0.447496 0.440653
0.054571 -0.443944 0.402526
0.040988 -0.440392 0.364399
0.027406 -0.436840 0.326271
0.011722 -0.432738 0.282246
-0.003961 -0.428637 0.238220
-0.019645 -0.424535 0.194195
-0.035328 -0.420433 0.150169
-0.051012 -0.416331 0.106144
-0.066695 -0.412230 0.062119
-0.082379 -0.408128 0.018093
-0.098063 -0.404026 -0.025932
-0.113746 -0.399925 -0.069958
-0.129430 -0.395823 -0.113983
-0.146964 -0.391237 -0.163205
-0.164499 -0.386651 -0.212427
-0.182034 -0.382065 -0.261649
-0.199569 -0.377479 -0.310871
-0.217104 -0.372893 -0.360094
-0.234638 -0.368307 -0.409316
-0.252173 -0.363721 -0.458538
-0.269708 -0.359135 -0.492240
-0.287243 -0.354549 -0.443018
-0.304778 -0.349963 -0.393796
-0.323986 -0.344940 -0.339876
-0.343195 -0.339916 -0.285956
-0.362403 -0.334893 -0.232036
-0.381612 -0.329869 -0.178116
-0.400820 -0.324846 -0.124196
-0.420029 -0.319822 -0.070276
-0.439237 -0.314799 -0.016356
-0.458445 -0.309775 0.037564
-0.477654 -0.304752 0.091484
-0.496862 -0.299728 0.145404
-0.482390 -0.294302 0.203644
-0.461643 -0.288876 0.261884
-0.440895 -0.283450 0.320125
-0.420148 -0.278024 0.378365
-0.399400 -0.272598 0.436605
-0.378653 -0.267172 0.494845
-0.357905 -0.261746 0.446914
-0.337158 -0.256319 0.388674
-0.316410 -0.250893 0.330434
-0.295663 -0.245467 0.272193
-0.273483 -0.239667 0.209932
-0.251303 -0.233866 0.147671
-0.229123 -0.228065 0.085409
-0.206943 -0.222264 0.023148
-0.184763 -0.216464 -0.039114
-0.162583 -0.210663 -0.101375
-0.140403 -0.204862 -0.163637
-0.118224 -0.199061 -0.225898
-0.096044 -0.193261 -0.288159
-0.081646 -0.175173 -0.220819
-0.066376 -0.194046 -0.149393
-0.051106 -0.213231 -0.077968
-0.035835 -0.232416 -0.006543
-0.020565 -0.251601 0.064883
-0.005294 -0.270786 0.136308
0.009976 -0.289971 0.207734
0.025247 -0.309156 0.279159
0.040517 -0.328341 0.350585
0.055788 -0.347526 0.422010
0.071058 -0.366710 0.493436
0.087155 -0.386933 0.431275
0.103251 -0.407156 0.355986
0.119347 -0.427378 0.280697
0.135444 -0.447601 0.205408
0.151541 -0.467824 0.130119
0.167637 -0.488046 0.054830
0.183734 -0.491731 -0.020459
0.199830 -0.471508 -0.095748
0.215927 -0.451286 -0.171037
0.232023 -0.431063 -0.246326
0.248905 -0.409853 -0.325290
0.265787 -0.388644 -0.404253
0.282670 -0.367434 -0.483217
0.299552 -0.346224 -0.437819
0.316434 -0.325014 -0.358855
0.333316 -0.303805 -0.279891
0.350198 -0.282595 -0.200927
0.367080 -0.261385 -0.121963
0.383962 -0.240175 -0.042999
0.400844 -0.218966 0.035964
0.418477 -0.196813 0.118439
0.436110 -0.174660 0.200914
0.453743 -0.152507 0.283389
0.471376 -0.130355 0.365864
0.489009 -0.108202 0.448339
0.493359 -0.086049 0.469186
0.475726 -0.063896 0.386711
0.458093 -0.041743 0.304236
0.440460 -0.019590 0.221761
0.422827 -0.038558 0.139286
0.404474 -0.061616 0.053443
0.386121 -0.084673 -0.032399
0.367769 -0.107731 -0.118242
0.349416 -0.130788 -0.204085
0.331063 -0.153845 -0.289927
0.312710 -0.176903 -0.375770
0.294357 -0.199960 -0.461612
0.276004 -0.223017 -0.452545
0.257651 -0.246074 -0.366702
0.239299 -0.269132 -0.280860
0.220253 -0.293060 -0.191777
0.201207 -0.316987 -0.102693
0.182162 -0.340915 -0.013610
0.163116 -0.364843 0.075473
0.144070 -0.388770 0.164556
0.125025 -0.412698 0.253639
0.105979 -0.436626 0.342723
0.086934 -0.460553 0.431806
0.067888 -0.484481 0.479111
0.048842 -0.491591 0.390027
0.029128 -0.466824 0.297818
0.009414 -0.442056 0.205608
-0.010300 -0.417289 0.113398
-0.030014 -0.392521 0.021188
-0.049728 -0.367754 -0.071022
-0.069442 -0.342986 -0.163232
-0.089156 -0.318219 -0.255442
-0.107854 -0.300516 -0.331013
-0.117405 -0.346397 -0.256842
-0.126957 -0.392278 -0.182670
-0.136821 -0.439664 -0.106066
-0.146686 -0.487050 -0.029461
-0.156550 -0.465564 0.047143
-0.166415 -0.418178 0.123747
-0.176280 -0.370792 0.200352
-0.186144 -0.323406 0.276956
-0.196009 -0.276020 0.353560
-0.205873 -0.228633 0.430164
-0.215738 -0.181247 0.493232
-0.225602 -0.133861 0.416627
-0.235771 -0.085017 0.337666
-0.245939 -0.036172 0.258704
-0.256107 0.012672 0.179742
-0.266275 0.061517 0.100780
-0.276443 0.110361 0.021818
-0.286612 0.107626 -0.057144
-0.296780 0.058781 -0.136106
-0.306948 0.009937 -0.215067
-0.317116 -0.038908 -0.294029
-0.327285 -0.087752 -0.372991
-0.337748 -0.138013 -0.454242
-0.348211 -0.188273 -0.464507
-0.358674 -0.238534 -0.383256
-0.369137 -0.288794 -0.302005
-0.379600 -0.339055 -0.220754
-0.390063 -0.389315 -0.139503
-0.400526 -0.439575 -0.058252
-0.410989 -0.489836 0.022999
-0.421452 -0.459904 0.104250
-0.431915 -0.409643 0.185502
-0.442664 -0.358005 0.268979
-0.453414 -0.306367 0.352457
-0.464164 -0.254730 0.435934
-0.474913 -0.203092 0.480588
-0.485663 -0.151454 0.397111
-0.496413 -0.099816 0.313633
-0.492837 -0.048178 0.230156
-0.482088 0.003460 0.146678
-0.471338 0.055098 0.063201
-0.460588 0.106735 -0.020277
-0.449559 0.159715 -0.105923
-0.438524 0.212507 -0.175183
-0.427426 0.226710 -0.096972
-0.416328 0.175601 -0.018761
-0.405230 0.124492 0.059450
-0.394132 0.073383 0.137661
-0.383035 0.022274 0.215871
-0.371937 -0.028834 0.294083
-0.360839 -0.079943 0.372294
-0.349741 -0.131052 0.450505
-0.338369 -0.183423 0.469353
-0.326997 -0.235794 0.389211
-0.315625 -0.288165 0.309068
-0.312992 -0.312285 0.277898
-0.330750 -0.270488 0.360995
-0.348508 -0.228690 0.444093
-0.366266 -0.186893 0.472810
-0.384024 -0.145095 0.389712
-0.401782 -0.103298 0.306615
-0.419540 -0.061501 0.223517
-0.437716 -0.018720 0.138464
-0.455892 0.024061 0.053411
-0.474068 0.066842 -0.031642
-0.492244 0.109623 -0.116695
-0.489580 0.152405 -0.201748
-0.471404 0.195186 -0.286801
-0.453229 0.237967 -0.371854
-0.435053 0.280748 -0.456907
-0.416877 0.323529 -0.458041
-0.398701 0.366310 -0.372988
-0.380117 0.410052 -0.286023
-0.361532 0.453794 -0.199059
-0.342948 0.433689 -0.112094
-0.324363 0.389947 -0.025130
-0.305779 0.346204 0.061835
-0.287194 0.302462 0.148799
-0.268610 0.258720 0.235764
-0.250026 0.214977 0.322728
-0.231441 0.171235 0.409692
-0.212857 0.127492 0.496657
-0.193873 0.082809 0.414508
-0.174889 0.038125 0.325673
-0.155905 -0.006558 0.236838
-0.136920 -0.051241 0.148003
-0.117936 -0.095924 0.059168
-0.098952 -0.140608 -0.029667
-0.079968 -0.185291 -0.118502
-0.060984 -0.229975 -0.207336
-0.042000 -0.274658 -0.296171
-0.023016 -0.319341 -0.385007
-0.003640 -0.364946 -0.475673
0.015735 -0.410550 -0.433660
0.035111 -0.456155 -0.342993
0.054486 -0.498240 -0.252327
0.073862 -0.452635 -0.161660
0.093238 -0.407031 -0.070993
0.112613 -0.361426 0.019674
0.131989 -0.315821 0.110340
0.151364 -0.270217 0.201007
0.170740 -0.224612 0.291674
0.190499 -0.178104 0.384136
0.210258 -0.131596 0.476598
0.209842 -0.132641 0.478210
0.189250 -0.181240 0.388970
0.168658 -0.229838 0.299730
0.148066 -0.278436 0.210490
0.127474 -0.327035 0.121251
0.106882 -0.375633 0.032011
0.086291 -0.424232 -0.057229
0.065699 -0.472830 -0.146469
0.044714 -0.477646 -0.237409
0.023730 -0.428122 -0.328348
0.002746 -0.378597 -0.419288
-0.018238 -0.329073 -0.489772
-0.039222 -0.279549 -0.398833
-0.060207 -0.230024 -0.307893
-0.081191 -0.180500 -0.216953
-0.102175 -0.130976 -0.126013
-0.123159 -0.081452 -0.035074
-0.144143 -0.031928 0.055866
-0.165513 0.018505 0.148475
-0.186882 0.068938 0.241083
-0.208251 0.119371 0.333692
-0.229621 0.169804 0.426300
-0.250990 0.220237 0.481091
-0.272359 0.270670 0.388482
-0.293728 0.321103 0.295874
-0.315097 0.371536 0.203265
-0.336467 0.421969 0.110657
-0.357836 0.472402 0.018048
-0.379583 0.523728 -0.076199
-0.401331 0.575053 -0.170447
-0.423079 0.626379 -0.264695
-0.444826 0.677704 -0.358943
-0.466574 0.686538 -0.453190
-0.488322 0.635213 -0.452562
-0.489931 0.583887 -0.358314
-0.468183 0.532562 -0.264066
-0.446436 0.481236 -0.169819
-0.424688 0.429910 -0.075571
-0.402569 0.377708 0.020288
-0.380449 0.325505 0.116147
-0.358330 0.273302 0.212006
-0.336211 0.221099 0.307865
-0.314091 0.168896 0.403724
-0.291972 0.116692 0.499583
-0.269853 0.064489 0.404559
-0.247734 0.012286 0.308700
-0.225614 -0.039917 0.212841
-0.203495 -0.092120 0.116982
-0.181010 -0.145186 0.019538
-0.158525 -0.198252 -0.077905
-0.136040 -0.251318 -0.175348
-0.113555 -0.304384 -0.272792
-0.091070 -0.357450 -0.370235
-0.068585 -0.410516 -0.467679
-0.046101 -0.463582 -0.434878
-0.023616 -0.483352 -0.337434
-0.001131 -0.430286 -0.239991
0.021354 -0.377220 -0.142547
0.044199 -0.323305 -0.043545
0.067044 -0.269390 0.055458
0.089888 -0.215475 0.154461
0.112733 -0.161560 0.253463
0.135578 -0.107645 0.352466
0.158422 -0.053730 0.451469
0.181267 0.000185 0.449528
0.204112 0.054101 0.350526
0.226956 0.108016 0.251523
0.251465 0.133987 0.236934
0.278890 0.117797 0.350702
0.306314 0.101606 0.464470
0.333739 0.085415 0.421762
0.361163 0.069224 0.307994
0.388587 0.053034 0.194226
0.416012 0.036843 0.080458
0.443436 0.020652 -0.033310
0.470860 0.004462 -0.147078
0.498285 -0.011729 -0.260846
0.474291 -0.027920 -0.374614
0.446454 -0.044354 -0.490093
0.418618 -0.060788 -0.394429
0.390781 -0.077223 -0.278950
0.362945 -0.093657 -0.163471
0.335108 -0.110091 -0.047992
0.307271 -0.126525 0.067487
0.279435 -0.142959 0.182966
0.251598 -0.159394 0.298445
0.223762 -0.175828 0.413924
0.195925 -0.192262 0.470597
0.167682 -0.208936 0.353432
0.139439 -0.225610 0.236268
0.111196 -0.242284 0.119103
0.082953 -0.258958 0.001938
0.054710 -0.275633 -0.115227
0.026466 -0.292307 -0.232392
-0.001777 -0.308981 -0.349556
-0.030020 -0.325655 -0.466721
-0.058263 -0.342329 -0.416114
-0.143601 -0.343711 -0.473705
-0.244626 -0.341235 -0.423579
-0.345651 -0.338759 -0.320863
-0.446677 -0.336284 -0.218147
-0.452298 -0.333808 -0.115431
-0.351273 -0.331332 -0.012715
-0.250248 -0.328857 0.090001
-0.149223 -0.326381 0.192718
-0.048198 -0.323905 0.295434
0.052828 -0.321430 0.398150
0.153853 -0.318954 0.499134
0.256272 -0.316444 0.395001
0.358690 -0.313934 0.290868
0.461109 -0.311424 0.186735
0.436472 -0.308914 0.082602
0.334054 -0.306404 -0.021531
0.231635 -0.303894 -0.125664
0.129216 -0.301384 -0.229797
0.026798 -0.298874 -0.333930
-0.075621 -0.296364 -0.438063
-0.178040 -0.293855 -0.457804
-0.281833 -0.291311 -0.352273
-0.385627 -0.288767 -0.246742
-0.489420 -0.286224 -0.141212
-0.406786 -0.283680 -0.035681
-0.302993 -0.281136 0.069850
-0.199199 -0.278593 0.175381
-0.095406 -0.276049 0.280912
0.008388 -0.273506 0.386443
0.112181 -0.270962 0.491974
0.215975 -0.268418 0.402495
0.321125 -0.265841 0.295585
0.426275 -0.263264 0.188674
0.468574 -0.260687 0.081764
0.363424 -0.258110 -0.025146
0.258273 -0.255533 -0.132057
0.153123 -0.252956 -0.238967
0.047973 -0.250379 -0.345878
-0.057178 -0.247802 -0.452788
-0.162328 -0.245225 -0.440301
-0.267478 -0.242649 -0.333391
-0.373968 -0.240039 -0.225118
-0.480458 -0.237429 -0.116846
-0.413052 -0.234820 -0.008574
-0.306562 -0.232210 0.099699
-0.200072 -0.229600 0.207971
-0.093582 -0.226991 0.316244
0.012908 -0.224381 0.424516
0.119398 -0.221771 0.467212
0.225888 -0.219162 0.358939
0.332378 -0.216552 0.250667
0.440191 -0.213910 0.141049
0.451996 -0.211268 0.031432
0.344184 -0.208626 -0.078186
0.236371 -0.205984 -0.187803
0.128558 -0.203342 -0.297420
0.020745 -0.200699 -0.407038
-0.087068 -0.198057 -0.483345
-0.194881 -0.195415 -0.373727
-0.302694 -0.192773 -0.264110
-0.410506 -0.190131 -0.154493
-0.480374 -0.187457 -0.043546
-0.371254 -0.184783 0.067400
-0.262134 -0.182108 0.178346
-0.153015 -0.179434 0.289292
-0.043895 -0.176760 0.400238
0.065225 -0.174086 0.488815
0.174344 -0.171412 0.377869
0.283464 -0.168738 0.266923
0.392584 -0.166064 0.155977
0.498296 -0.163389 0.045030
0.387885 -0.160684 -0.067229
0.277474 -0.157978 -0.179488
0.167063 -0.155272 -0.291747
0.056652 -0.152566 -0.404006
-0.053759 -0.149861 -0.483735
-0.164170 -0.147155 -0.371476
-0.274581 -0.144449 -0.259217
-0.384992 -0.141743 -0.146957
-0.495403 -0.139038 -0.034698
-0.394186 -0.136332 0.077561
-0.282498 -0.133595 0.191118
-0.170811 -0.130858 0.304675
-0.059123 -0.128121 0.418232
0.052564 -0.125384 0.468211
0.164252 -0.122647 0.354654
0.186134 -0.199391 0.242925
0.169528 -0.310200 0.131979
0.152922 -0.421009 0.021033
0.136316 -0.468183 -0.089913
0.119709 -0.357374 -0.200859
0.102916 -0.245313 -0.313059
0.086122 -0.133253 -0.425259
0.069328 -0.021192 -0.462541
0.052534 0.090869 -0.350342
0.035740 0.202930 -0.238142
0.018946 0.314990 -0.125942
0.002153 0.427051 -0.013743
-0.014641 0.539111 0.098457
-0.031435 0.651172 0.210657
-0.048229 0.763233 0.322856
-0.065208 0.876532 0.436296
-0.082188 0.989831 0.450265
-0.099167 1.103130 0.336825
-0.116147 1.216429 0.223385
-0.133126 1.329728 0.109946
-0.150106 1.300135 -0.003493
-0.167085 1.186837 -0.116933
-0.184064 1.073538 -0.230372
-0.201044 0.960239 -0.343812
-0.218023 0.846940 -0.457251
-0.235186 0.732416 -0.428083
-0.252349 0.617892 -0.313417
-0.269512 0.503369 -0.198751
-0.286675 0.388845 -0.084085
-0.303838 0.274321 0.030581
-0.321001 0.159797 0.145247
-0.338164 0.045273 0.259913
-0.355326 -0.069251 0.374579
-0.372489 -0.183775 0.489245
-0.389652 -0.298298 0.396089
-0.406997 -0.414034 0.280210
-0.424341 -0.470230 0.164331
-0.441686 -0.354494 0.048452
-0.459031 -0.238758 -0.067428
-0.476375 -0.123022 -0.183307
-0.493720 -0.007287 -0.299186
-0.488935 0.108449 -0.415065
-0.471591 0.224185 -0.469055
-0.454246 0.339921 -0.353176
-0.436901 0.455657 -0.237297
-0.419377 0.572592 -0.120217
-0.401853 0.689527 -0.003137
-0.384328 0.806463 0.113943
-0.366804 0.923398 0.231024
-0.349280 1.040333 0.348104
-0.331755 1.157268 0.465184
-0.314231 1.274203 0.417736
-0.296706 1.391137 0.300655
-0.279182 1.422932 0.183575
-0.261658 1.305997 0.066495
-0.243955 1.187875 -0.051774
-0.226253 1.069753 -0.170043
-0.208551 0.951631 -0.288311
-0.190849 0.833509 -0.406580
-0.173146 0.715387 -0.475151
-0.155444 0.597265 -0.356882
-0.126503 0.591141 -0.328767
-0.086323 0.697016 -0.390805
-0.046143 0.802891 -0.452843
-0.005964 0.908767 -0.485119
0.034616 1.015695 -0.422463
0.075196 1.122623 -0.359808
0.115775 1.229552 -0.297152
0.156355 1.336480 -0.234497
0.196935 1.443408 -0.171841
0.237514 1.550337 -0.109186
0.278094 1.509429 -0.046530
0.318674 1.402501 0.016125
0.359253 1.295572 0.078780
0.399833 1.188644 0.141436
0.440809 1.080673 0.204703
0.481784 0.972701 0.267969
0.477240 0.864730 0.331236
0.436265 0.756758 0.394503
0.395289 0.648787 0.457770
0.354314 0.540815 0.478964
0.313338 0.432844 0.415697
0.272363 0.324872 0.352430
0.231387 0.216900 0.289163
0.190412 0.108929 0.225897
0.149044 -0.000076 0.162024
0.107676 -0.109081 0.098152
0.066309 -0.218086 0.034280
0.024941 -0.327091 -0.029592
-0.016427 -0.436096 -0.093464
-0.057794 -0.454899 -0.157337
-0.099162 -0.345895 -0.221209
-0.140530 -0.236890 -0.285081
-0.181897 -0.127885 -0.348953
-0.223265 -0.018880 -0.412825
-0.265021 0.091148 -0.477297
-0.306777 0.201177 -0.458231
-0.348533 0.311205 -0.393759
-0.390289 0.421234 -0.329287
-0.432045 0.531262 -0.264815
-0.473801 0.641290 -0.200343
-0.484443 0.751319 -0.135871
-0.442687 0.861347 -0.071399
-0.400931 0.971376 -0.006927
-0.359175 1.081403 0.057544
-0.317034 1.192446 0.122611
-0.274893 1.303488 0.187677
-0.232752 1.414530 0.252743
-0.190611 1.525573 0.317809
-0.148470 1.454546 0.382875
-0.106329 1.343504 0.447942
-0.064188 1.232462 0.486992
-0.022047 1.121420 0.421926
0.020094 1.010377 0.356860
0.062235 0.899335 0.291793
0.104757 0.787288 0.226138
0.147280 0.675241 0.160483
0.189802 0.563194 0.094828
0.232325 0.451146 0.029174
0.274847 0.339099 -0.036481
0.317369 0.227051 -0.102136
0.359891 0.115004 -0.167791
0.402414 0.002957 -0.233446
0.444936 -0.109091 -0.299101
0.487458 -0.221138 -0.364757
0.469641 -0.334182 -0.430995
0.426741 -0.447225 -0.497234
0.383841 -0.439731 -0.436527
0.340940 -0.326688 -0.370289
0.298040 -0.213644 -0.304050
0.255139 -0.100601 -0.237812
0.212239 0.012442 -0.171573
0.169339 0.125486 -0.105334
0.126438 0.238529 -0.039096
0.083538 0.351573 0.027143
0.040263 0.465603 0.093960
-0.003012 0.579634 0.160777
-0.046287 0.693665 0.227594
-0.089562 0.807696 0.294411
-0.132837 0.921727 0.361228
-0.176112 1.035758 0.428046
-0.219387 1.149788 0.494863
-0.262662 1.263819 0.438320
-0.305937 1.377850 0.371503
-0.349212 1.491881 0.304686
-0.392859 1.606890 0.237295
-0.436505 1.721900 0.169905
-0.480151 1.607841 0.102514
-0.476202 1.492831 0.035123
-0.432556 1.377821 -0.032267
-0.388909 1.262812 -0.099658
-0.345263 1.147802 -0.167049
-0.301617 1.032793 -0.234439
-0.257970 0.917783 -0.301830
-0.214324 0.802774 -0.369221
-0.170309 0.686794 -0.437180
-0.126294 0.570814 -0.494860
-0.082279 0.454834 -0.426901
-0.038265 0.338854 -0.358941
0.005750 0.222873 -0.290982
0.049765 0.106893 -0.223023
0.093780 -0.009087 -0.155063
0.137795 -0.125067 -0.087104
0.181809 -0.241047 -0.019144
0.225824 -0.357027 0.048815
0.270204 -0.473969 0.117338
0.314584 -0.409088 0.185862
0.358964 -0.292145 0.254385
0.403345 -0.175203 0.322908
0.447725 -0.058260 0.391431
0.492105 0.058682 0.459955
0.463515 0.175625 0.471522
0.419135 0.292567 0.402999
0.374755 0.409510 0.334475
0.330375 0.526452 0.265952
0.285632 0.644350 0.196869
0.240890 0.762247 0.127787
0.196148 0.880145 0.058704
0.151405 0.998042 -0.010379
0.106663 1.115939 -0.079462
0.061921 1.233836 -0.148544
0.017178 1.351732 -0.217627
-0.027564 1.469629 -0.286710
-0.072306 1.587526 -0.355792
-0.117049 1.705423 -0.424875
-0.162151 1.824267 -0.494513
-0.207252 1.781163 -0.435850
-0.252354 1.662318 -0.366212
-0.297456 1.543474 -0.296575
-0.342557 1.424629 -0.226937
-0.387659 1.305785 -0.157299
-0.432761 1.186940 -0.087662
-0.477862 1.068096 -0.018024
-0.477036 0.949252 0.051613
-0.431934 0.830408 0.121251
-0.386476 0.710624 0.191439
-0.341018 0.590840 0.261627
-0.295559 0.471056 0.331815
-0.250101 0.351273 0.402003
-0.204643 0.231489 0.472192
-0.159184 0.111705 0.457620
-0.113726 -0.008078 0.387432
-0.068268 -0.127862 0.317244
-0.022810 -0.247646 0.247056
0.022649 -0.367430 0.176868
0.068461 -0.488145 0.106134
0.114273 -0.391139 0.035399
0.160085 -0.270423 -0.035335
0.205897 -0.149707 -0.106069
0.251709 -0.028991 -0.176804
0.297521 0.091724 -0.247538
0.343333 0.212440 -0.318272
0.389145 0.333156 -0.389007
0.434957 0.453872 -0.459741
0.480769 0.574588 -0.469525
0.473067 0.696229 -0.398248
0.426904 0.817870 -0.326972
0.380741 0.939511 -0.255696
0.334578 1.061152 -0.184419
0.288415 1.182794 -0.113143
0.242251 1.304435 -0.041866
0.196088 1.426076 0.029410
0.149925 1.547717 0.100686
0.103762 1.669358 0.171963
0.057599 1.790999 0.243239
0.011088 1.913558 0.315054
-0.035424 1.932515 0.386868
-0.081935 1.809956 0.458682
-0.128447 1.687397 0.469503
-0.174958 1.564838 0.397689
-0.221470 1.442279 0.325875
-0.267981 1.319720 0.254060
-0.314493 1.197160 0.182246
-0.361005 1.074601 0.110432
-0.407516 0.952042 0.038617
-0.454373 0.828572 -0.033731
-0.498769 0.705101 -0.106079
-0.451912 0.581631 -0.178428
-0.405055 0.458161 -0.250776
-0.358197 0.334691 -0.323124
-0.311340 0.211220 -0.395472
-0.264483 0.087750 -0.467820
-0.217625 -0.035720 -0.459832
-0.170768 -0.159190 -0.387484
-0.123911 -0.282660 -0.315135
-0.076710 -0.407035 -0.242257
-0.029510 -0.468590 -0.169379
0.017691 -0.344216 -0.096501
0.064892 -0.219841 -0.023622
0.112092 -0.095466 0.049256
0.159293 0.028909 0.122134
0.206493 0.153283 0.195013
0.253694 0.277658 0.267891
0.300895 0.402033 0.340769
0.348095 0.526407 0.413648
0.395637 0.651680 0.487052
0.443178 0.776953 0.439543
0.490719 0.902226 0.366139
0.461740 1.027499 0.292734
0.414198 1.152771 0.219329
0.366657 1.278043 0.145925
0.319116 1.403316 0.072520
0.271575 1.528588 -0.000884
0.224033 1.653860 -0.074289
0.176492 1.779132 -0.147693
0.128612 1.905296 -0.221620
0.080732 2.031460 -0.295547
0.032852 2.157624 -0.369474
-0.015027 2.283788 -0.443401
-0.062907 2.409952 -0.482672
-0.110787 2.536116 -0.408745
-0.158667 2.482208 -0.334818
-0.206547 2.356044 -0.260891
-0.254426 2.229880 -0.186964
-0.302306 2.103716 -0.113037
-0.350522 1.976666 -0.038591
-0.398738 1.849616 0.035855
-0.446953 1.722566 0.110300
-0.495169 1.595517 0.184746
-0.456615 1.468467 0.259192
-0.408400 1.341417 0.333637
-0.360184 1.214368 0.408083
-0.311968 1.087318 0.482529
-0.263753 0.960268 0.443026
-0.215537 0.833219 0.368580
-0.166987 0.705290 0.293619
-0.118438 0.577361 0.218658
-0.069888 0.449432 0.143698
-0.021339 0.321503 0.068737
0.027211 0.193574 -0.006224
0.075760 0.065645 -0.081185
0.124310 -0.062284 -0.156146
0.172859 -0.190213 -0.231107
0.221409 -0.318142 -0.306068
0.269958 -0.446072 -0.381029
0.318839 -0.425126 -0.456502
0.367720 -0.296324 -0.468026
0.416601 -0.167521 -0.392553
0.465481 -0.038719 -0.317081
0.485638 0.090083 -0.241608
0.436757 0.218885 -0.166135
0.387876 0.347688 -0.090663
0.338995 0.476490 -0.015190
0.290114 0.605292 0.060282
0.241233 0.734094 0.135755
0.192023 0.863764 0.211736
0.142813 0.993434 0.287717
0.093603 1.123104 0.363698
0.044393 1.252774 0.439679
-0.004817 1.382444 0.484340
-0.054027 1.512114 0.408359
-0.103237 1.641783 0.332378
-0.152447 1.771453 0.256397
-0.201657 1.901123 0.180416
-0.250867 2.030793 0.104435
-0.300404 2.161325 0.027950
-0.349941 2.291857 -0.048536
-0.399478 2.422388 -0.125022
-0.449016 2.552920 -0.201508
-0.498553 2.683452 -0.277993
-0.451910 2.571249 -0.354479
-0.402373 2.440717 -0.430965
-0.352836 2.310186 -0.492549
-0.303299 2.179654 -0.416063
-0.253762 2.049122 -0.339577
-0.203900 1.917734 -0.262590
-0.154038 1.786347 -0.185602
-0.104176 1.654959 -0.108615
-0.054314 1.523571 -0.031628
-0.004453 1.392184 0.045359
0.045409 1.260796 0.122347
0.095271 1.129408 0.199334
0.145133 0.998020 0.276321
0.194995 0.866633 0.353309
0.244857 0.735246 0.430296
0.295041 0.603009 0.492218
0.345226 0.470771 0.414732
0.395411 0.338533 0.337247
0.445595 0.206296 0.259761
0.495780 0.074058 0.182275
0.454035 -0.058180 0.104790
0.403850 -0.190417 0.027304
0.353666 -0.322655 -0.050182
0.303481 -0.454893 -0.127667
0.253296 -0.412870 -0.205153
0.202791 -0.279787 -0.283134
0.152286 -0.146705 -0.361114
0.101780 -0.013622 -0.439095
0.051275 0.119461 -0.482924
0.000770 0.252543 -0.404943
-0.049735 0.385626 -0.326963
-0.100241 0.518708 -0.248982
-0.150746 0.651791 -0.171001
-0.201251 0.784874 -0.093020
-0.251756 0.917957 -0.015040
-0.302580 1.051879 0.063433
-0.353404 1.185801 0.141906
-0.404228 1.319723 0.220379
-0.455052 1.453645 0.298851
-0.494124 1.587567 0.377324
-0.443300 1.721490 0.455797
-0.392476 1.855412 0.465730
-0.341652 1.989334 0.387257
-0.290828 2.123256 0.308785
-0.240004 2.257178 0.230312
-0.188863 2.391935 0.151350
-0.137723 2.526691 0.072388
-0.086582 2.661448 -0.006573
-0.035441 2.796204 -0.085535
0.015699 2.930961 -0.164497
0.066840 2.927080 -0.243458
0.117980 2.792324 -0.322420
0.169121 2.657567 -0.401381
0.220262 2.522811 -0.480343
0.271402 2.388054 -0.440695
0.322857 2.252468 -0.361248
0.374313 2.116882 -0.281800
0.425768 1.981295 -0.202353
0.477223 1.845709 -0.122905
0.471322 1.710123 -0.043457
0.419867 1.574537 0.035990
0.368411 1.438950 0.115438
0.316956 1.303364 0.194885
0.265501 1.167778 0.274333
0.214046 1.032192 0.353781
0.162278 0.895782 0.433711
0.110509 0.759372 0.486358
0.058741 0.622962 0.406428
0.006973 0.486551 0.326498
-0.044795 0.350141 0.246567
-0.096563 0.213731 0.166637
-0.148331 0.077321 0.086706
-0.200099 -0.059089 0.006775
-0.251867 -0.195500 -0.073155
-0.303635 -0.331910 -0.153086
-0.355714 -0.469139 -0.233496
-0.407793 -0.393631 -0.313907
-0.459872 -0.256402 -0.394318
-0.488049 -0.119172 -0.474728
-0.435970 0.018057 -0.444861
-0.383891 0.155287 -0.364451
-0.331812 0.292516 -0.284040
-0.279733 0.429746 -0.203630
-0.227654 0.566975 -0.123219
-0.175575 0.704205 -0.042808
-0.123187 0.842249 0.038080
-0.070799 0.980292 0.118967
-0.018411 1.118337 0.199855
0.033977 1.256381 0.280743
0.086366 1.394426 0.361631
0.138754 1.532470 0.442519
0.191142 1.670514 0.476593
0.243530 1.808559 0.395705
0.295918 1.946603 0.314817
0.348306 2.084647 0.233929
0.401001 2.223500 0.152567
0.453697 2.362352 0.071205
0.493608 2.501205 -0.010158
0.440913 2.640058 -0.091520
0.388218 2.778910 -0.172882
0.335522 2.917763 -0.254245
0.282827 3.056615 -0.335607
0.230132 3.052140 -0.416969
0.177436 2.913288 -0.498331
0.124741 2.774435 -0.420307
0.071740 2.634777 -0.338473
0.018739 2.495118 -0.256639
-0.034262 2.355460 -0.174805
-0.087262 2.215801 -0.092971
-0.140263 2.076143 -0.011137
-0.193264 1.936484 0.070696
-0.246265 1.796826 0.152530
-0.299266 1.657167 0.234364
-0.352267 1.517509 0.316198
-0.405267 1.377851 0.398032
-0.458572 1.237392 0.480335
-0.488124 1.096934 0.437362
-0.434819 0.956475 0.355059
-0.381515 0.816016 0.272756
-0.328210 0.675557 0.190453
-0.274906 0.535098 0.108150
-0.221602 0.394639 0.025847
-0.168297 0.254181 -0.056456
-0.114992 0.113722 -0.138759
-0.061688 -0.026737 -0.221062
-0.008081 -0.167992 -0.303831
0.045525 -0.309246 -0.386600
0.099132 -0.450501 -0.469369
0.152739 -0.408244 -0.447862
0.206345 -0.266990 -0.365093
0.259952 -0.125735 -0.282324
0.313558 0.015520 -0.199554
0.367165 0.156774 -0.116785
0.420772 0.298029 -0.034016
0.474378 0.439284 0.048753
0.471715 0.581330 0.131986
0.417808 0.723376 0.215219
0.363901 0.865422 0.298452
0.309994 1.007468 0.381685
0.256086 1.149515 0.464918
0.202180 1.291561 0.451850
0.148273 1.433607 0.368617
0.094366 1.575653 0.285384
0.040459 1.717699 0.202151
-0.013448 1.859746 0.118918
-0.067654 2.002578 0.035224
-0.121859 2.145410 -0.048470
-0.176065 2.288242 -0.132164
-0.230270 2.431074 -0.215858
-0.284476 2.573906 -0.299552
-0.338681 2.716738 -0.383246
-0.392887 2.859569 -0.466940
-0.447093 3.002401 -0.449365
-0.498702 3.145233 -0.365671
-0.444496 3.288065 -0.281977
-0.389993 3.431681 -0.197824
-0.335491 3.419678 -0.113672
-0.280989 3.276062 -0.029519
-0.226486 3.132446 0.054634
-0.171983 2.988830 0.138786
-0.117481 2.845214 0.222939
-0.062978 2.701597 0.307091
-0.008476 2.557981 0.391244
0.046027 2.414365 0.475397
0.100530 2.270749 0.440451
0.155328 2.126355 0.355842
0.210126 1.981962 0.271233
0.264924 1.837567 0.186625
0.319722 1.693172 0.102016
0.374520 1.548778 0.017407
0.429318 1.404383 -0.067202
0.484116 1.259989 -0.151811
0.461086 1.115594 -0.236419
0.406288 0.971199 -0.321028
0.351490 0.826805 -0.405637
0.296398 0.681637 -0.490699
0.241306 0.536469 -0.424238
0.186214 0.391300 -0.339176
0.131123 0.246132 -0.254113
0.076031 0.100964 -0.169051
0.020939 -0.044204 -0.083989
-0.034153 -0.189373 0.001074
-0.089245 -0.334541 0.086136
-0.144337 -0.479709 0.171199
-0.199428 -0.375122 0.256261
-0.254812 -0.229184 0.341775
-0.310196 -0.083246 0.427288
-0.365580 0.062693 0.487198
-0.420965 0.208631 0.401685
-0.476349 0.354570 0.316171
-0.468267 0.500508 0.230657
-0.412883 0.646446 0.145144
-0.357499 0.792385 0.059630
-0.302115 0.938323 -0.025884
-0.246731 1.084262 -0.111397
-0.191056 1.230967 -0.197360
-0.135382 1.377671 -0.283323
-0.079707 1.524376 -0.369285
-0.024032 1.671081 -0.455248
0.031643 1.817786 -0.458789
0.087318 1.964491 -0.372827
0.142992 2.111195 -0.286864
0.198667 2.257899 -0.200901
0.254342 2.404603 -0.114939
0.310017 2.551306 -0.028976
0.365981 2.698773 0.057433
0.421945 2.846240 0.143842
0.477909 2.993706 0.230251
0.466127 3.141173 0.316660
0.410163 3.288640 0.403070
0.354199 3.436106 0.489479
0.298235 3.583573 0.424112
0.242271 3.707932 0.337703
0.186307 3.560465 0.251294
0.130343 3.412998 0.164885
0.074092 3.264773 0.078031
0.017840 3.116549 -0.008822
-0.038412 2.968324 -0.095676
-0.094664 2.820099 -0.182529
-0.150915 2.671874 -0.269382
-0.207167 2.523649 -0.356236
-0.263419 2.375424 -0.443089
-0.319671 2.227200 -0.470057
-0.375923 2.078975 -0.383204
-0.432175 1.930750 -0.296350
-0.488713 1.781770 -0.209055
-0.454749 1.632791 -0.121759
-0.398211 1.483812 -0.034464
-0.341673 1.334832 0.052832
-0.285135 1.185853 0.140127
-0.228597 1.036873 0.227423
-0.172059 0.887894 0.314718
-0.115521 0.738916 0.402013
-0.058983 0.589937 0.489309
-0.002445 0.440958 0.423396
0.054378 0.291228 0.335661
0.111200 0.141499 0.247926
0.168023 -0.008231 0.160190
0.224846 -0.157961 0.072455
0.281669 -0.307690 -0.015280
0.338492 -0.457420 -0.103015
0.395315 -0.392851 -0.190750
0.452138 -0.243121 -0.278486
0.491039 -0.093392 -0.366221
0.434216 0.056338 -0.453956
0.377110 0.206814 -0.457871
0.320004 0.357291 -0.369699
0.262898 0.507767 -0.281526
0.205791 0.658244 -0.193353
0.148685 0.808721 -0.105180
0.091579 0.959197 -0.017007
0.034472 1.109674 0.071165
-0.022634 1.260151 0.159338
-0.079740 1.410627 0.247511
